1 -4562.34
2 -8680.32
3 -12490.8
4 -16062.7
5 -19437.3
6 -22642.3
7 -25697.5
8 -28618.1
9 -31416.2
10 -34101.8
11 -36683.5
12 -39168.6
13 -41563.6
14 -43874.3
15 -46105.9
16 -48262.9
17 -50349.6
18 -52369.8
19 -54327.1
20 -56224.7
21 -58065.4
22 -59852.2
23 -61587.5
24 -63273.6
25 -64912.9
26 -66507.3
27 -68058.7
28 -69568.9
29 -71039.7
30 -72472.6
31 -73869.1
32 -75230.6
33 -76558.5
34 -77853.8
35 -79117.9
36 -80351.7
37 -81556.4
38 -82732.7
39 -83881.7
40 -85004
41 -86100.4
42 -87171.5
43 -88218.1
44 -89240.7
45 -90239.9
46 -91216.1
47 -92169.9
48 -93101.8
49 -94012.3
50 -94901.7
51 -95770.7
52 -96619.5
53 -97448.7
54 -98258.7
55 -99049.8
56 -99822.5
57 -100577
58 -101314
59 -102034
60 -102737
61 -103423
62 -104094
63 -104748
64 -105387
65 -106011
66 -106620
67 -107215
68 -107796
69 -108362
70 -108916
71 -109455
72 -109982
73 -110497
74 -110999
75 -111489
76 -111967
77 -112433
78 -112888
79 -113332
80 -113765
81 -114187
82 -114600
83 -115001
84 -115393
85 -115776
86 -116149
87 -116512
88 -116867
89 -117212
90 -117549
91 -117878
92 -118198
93 -118510
94 -118814
95 -119111
96 -119400
97 -119682
98 -119957
99 -120224
100 -120485
101 -120739
102 -120987
103 -121229
104 -121464
105 -121693
106 -121917
107 -122134
108 -122346
109 -122553
110 -122754
111 -122950
112 -123141
113 -123327
114 -123509
115 -123685
116 -123857
117 -124025
118 -124188
119 -124347
120 -124502
121 -124653
122 -124800
123 -124943
124 -125083
125 -125219
126 -125351
127 -125480
128 -125605
129 -125727
130 -125846
131 -125962
132 -126075
133 -126185
134 -126292
135 -126396
136 -126498
137 -126597
138 -126693
139 -126787
140 -126878
141 -126967
142 -127054
143 -127138
144 -127221
145 -127301
146 -127379
147 -127455
148 -127529
149 -127601
150 -127671
151 -127739
152 -127806
153 -127870
154 -127934
155 -127995
156 -128055
157 -128113
158 -128170
159 -128225
160 -128279
161 -128332
162 -128383
163 -128433
164 -128481
165 -128528
166 -128574
167 -128619
168 -128663
169 -128705
170 -128747
171 -128787
172 -128827
173 -128865
174 -128902
175 -128938
176 -128974
177 -129008
178 -129042
179 -129075
180 -129107
181 -129138
182 -129168
183 -129197
184 -129226
185 -129254
186 -129281
187 -129308
188 -129334
189 -129359
190 -129384
191 -129408
192 -129431
193 -129454
194 -129476
195 -129497
196 -129518
197 -129539
198 -129559
199 -129578
200 -129597
201 -129616
202 -129634
203 -129651
204 -129669
205 -129685
206 -129701
207 -129717
208 -129733
209 -129748
210 -129763
211 -129777
212 -129791
213 -129804
214 -129818
215 -129831
216 -129843
217 -129856
218 -129868
219 -129879
220 -129891
221 -129902
222 -129913
223 -129923
224 -129933
225 -129943
226 -129953
227 -129963
228 -129972
229 -129981
230 -129990
231 -129999
232 -130007
233 -130015
234 -130023
235 -130031
236 -130039
237 -130046
238 -130054
239 -130061
240 -130068
241 -130074
242 -130081
243 -130087
244 -130094
245 -130100
246 -130106
247 -130112
248 -130117
249 -130123
250 -130128
251 -130134
252 -130139
253 -130144
254 -130149
255 -130153
256 -130158
257 -130163
258 -130167
259 -130172
260 -130176
261 -130180
262 -130184
263 -130188
264 -130192
265 -130196
266 -130199
267 -130203
268 -130206
269 -130210
270 -130213
271 -130216
272 -130220
273 -130223
274 -130226
275 -130229
276 -130232
277 -130235
278 -130237
279 -130240
280 -130243
281 -130245
282 -130248
283 -130250
284 -130253
285 -130255
286 -130258
287 -130260
288 -130262
289 -130264
290 -130266
291 -130268
292 -130270
293 -130272
294 -130274
295 -130276
296 -130278
297 -130280
298 -130282
299 -130283
300 -130285
301 -130287
302 -130288
303 -130290
304 -130291
305 -130293
306 -130294
307 -130296
308 -130297
309 -130299
310 -130300
311 -130301
312 -130303
313 -130304
314 -130305
315 -130306
316 -130308
317 -130309
318 -130310
319 -130311
320 -130312
321 -130313
322 -130314
323 -130315
324 -130316
325 -130317
326 -130318
327 -130319
328 -130320
329 -130321
330 -130322
331 -130323
332 -130324
333 -130324
334 -130325
335 -130326
336 -130327
337 -130328
338 -130328
339 -130329
340 -130330
341 -130331
342 -130331
343 -130332
344 -130333
345 -130333
346 -130334
347 -130335
348 -130335
349 -130336
350 -130336
351 -130337
352 -130337
353 -130338
354 -130339
355 -130339
356 -130340
357 -130340
358 -130341
359 -130341
360 -130342
361 -130342
362 -130343
363 -130343
364 -130344
365 -130344
366 -130344
367 -130345
368 -130345
369 -130346
370 -130346
371 -130346
372 -130347
373 -130347
374 -130348
375 -130348
376 -130348
377 -130349
378 -130349
379 -130349
380 -130350
381 -130350
382 -130350
383 -130351
384 -130351
385 -130351
386 -130352
387 -130352
388 -130352
389 -130352
390 -130353
391 -130353
392 -130353
393 -130354
394 -130354
395 -130354
396 -130354
397 -130355
398 -130355
399 -130355
400 -130355
401 -130355
402 -130356
403 -130356
404 -130356
405 -130356
406 -130357
407 -130357
408 -130357
409 -130357
410 -130357
411 -130358
412 -130358
413 -130358
414 -130358
415 -130358
416 -130358
417 -130359
418 -130359
419 -130359
420 -130359
421 -130359
422 -130359
423 -130360
424 -130360
425 -130360
426 -130360
427 -130360
428 -130360
429 -130360
430 -130361
431 -130361
432 -130361
433 -130361
434 -130361
435 -130361
436 -130361
437 -130362
438 -130362
439 -130362
440 -130362
441 -130362
442 -130362
443 -130362
444 -130362
445 -130362
446 -130363
447 -130363
448 -130363
449 -130363
450 -130363
451 -130363
452 -130363
453 -130363
454 -130363
455 -130363
456 -130364
457 -130364
458 -130364
459 -130364
460 -130364
461 -130364
462 -130364
463 -130364
464 -130364
465 -130364
466 -130364
467 -130364
468 -130365
469 -130365
470 -130365
471 -130365
472 -130365
473 -130365
474 -130365
475 -130365
476 -130365
477 -130365
478 -130365
479 -130365
480 -130365
481 -130365
482 -130366
483 -130366
484 -130366
485 -130366
486 -130366
487 -130366
488 -130366
489 -130366
490 -130366
491 -130366
492 -130366
493 -130366
494 -130366
495 -130366
496 -130366
497 -130366
498 -130366
499 -130366
500 -130366
501 -130367
502 -130367
503 -130367
504 -130367
505 -130367
506 -130367
507 -130367
508 -130367
509 -130367
510 -130367
511 -130367
512 -130367
513 -130367
514 -130367
515 -130367
516 -130367
517 -130367
518 -130367
519 -130367
520 -130367
521 -130367
522 -130367
523 -130367
524 -130367
525 -130367
526 -130367
527 -130367
528 -130368
529 -130368
530 -130368
531 -130368
532 -130368
533 -130368
534 -130368
535 -130368
536 -130368
537 -130368
538 -130368
539 -130368
540 -130368
541 -130368
542 -130368
543 -130368
544 -130368
545 -130368
546 -130368
547 -130368
548 -130368
549 -130368
550 -130368
551 -130368
552 -130368
553 -130368
554 -130368
555 -130368
556 -130368
557 -130368
558 -130368
559 -130368
560 -130368
561 -130368
562 -130368
563 -130368
564 -130368
565 -130368
566 -130368
567 -130368
568 -130368
569 -130368
570 -130368
571 -130368
572 -130368
573 -130369
574 -130369
575 -130369
576 -130369
577 -130369
578 -130369
579 -130369
580 -130369
581 -130369
582 -130369
583 -130369
584 -130369
585 -130369
586 -130369
587 -130369
588 -130369
589 -130369
590 -130369
591 -130369
592 -130369
593 -130369
594 -130369
595 -130369
596 -130369
597 -130369
598 -130369
599 -130369
600 -130369
601 -130369
602 -130369
603 -130369
604 -130369
605 -130369
606 -130369
607 -130369
608 -130369
609 -130369
610 -130369
611 -130369
612 -130369
613 -130369
614 -130369
615 -130369
616 -130369
617 -130369
618 -130369
619 -130369
620 -130369
621 -130369
622 -130369
623 -130369
624 -130369
625 -130369
626 -130369
627 -130369
628 -130369
629 -130369
630 -130369
631 -130369
632 -130369
633 -130369
634 -130369
635 -130369
636 -130369
637 -130369
638 -130369
639 -130369
640 -130369
641 -130369
642 -130369
643 -130369
644 -130369
645 -130369
646 -130369
647 -130369
648 -130369
649 -130369
650 -130369
651 -130369
652 -130369
653 -130369
654 -130369
655 -130369
656 -130369
657 -130369
658 -130369
659 -130369
660 -130369
661 -130369
662 -130369
663 -130369
664 -130369
665 -130369
666 -130369
667 -130369
668 -130369
669 -130369
670 -130369
671 -130369
672 -130369
673 -130369
674 -130369
675 -130369
676 -130369
677 -130369
678 -130369
679 -130369
680 -130369
681 -130369
682 -130369
683 -130369
684 -130369
685 -130369
686 -130369
687 -130369
688 -130369
689 -130369
690 -130369
691 -130369
692 -130369
693 -130369
694 -130369
695 -130369
696 -130369
697 -130369
698 -130369
699 -130369
700 -130369
701 -130369
702 -130369
703 -130369
704 -130369
705 -130369
706 -130369
707 -130369
708 -130369
709 -130369
710 -130369
711 -130369
712 -130369
713 -130369
714 -130369
715 -130369
716 -130369
717 -130369
718 -130369
719 -130369
720 -130369
721 -130369
722 -130369
723 -130369
724 -130369
725 -130369
726 -130369
727 -130369
728 -130369
729 -130369
730 -130369
731 -130369
732 -130369
733 -130369
734 -130369
735 -130370
736 -130370
737 -130370
738 -130370
739 -130370
740 -130370
741 -130370
742 -130370
743 -130370
744 -130370
745 -130370
746 -130370
747 -130370
748 -130370
749 -130370
750 -130370
751 -130370
752 -130370
753 -130370
754 -130370
755 -130370
756 -130370
757 -130370
758 -130370
759 -130370
760 -130370
761 -130370
762 -130370
763 -130370
764 -130370
765 -130370
766 -130370
767 -130370
768 -130370
769 -130370
770 -130370
771 -130370
772 -130370
773 -130370
774 -130370
775 -130370
776 -130370
777 -130370
778 -130370
779 -130370
780 -130370
781 -130370
782 -130370
783 -130370
784 -130370
785 -130370
786 -130370
787 -130370
788 -130370
789 -130370
790 -130370
791 -130370
792 -130370
793 -130370
794 -130370
795 -130370
796 -130370
797 -130370
798 -130370
799 -130370
800 -130370
801 -130370
802 -130370
803 -130370
804 -130370
805 -130370
806 -130370
807 -130370
808 -130370
809 -130370
810 -130370
811 -130370
812 -130370
813 -130370
814 -130370
815 -130370
816 -130370
817 -130370
818 -130370
819 -130370
820 -130370
821 -130370
822 -130370
823 -130370
824 -130370
825 -130370
826 -130370
827 -130370
828 -130370
829 -130370
830 -130370
831 -130370
832 -130370
833 -130370
834 -130370
835 -130370
836 -130370
837 -130370
838 -130370
839 -130370
840 -130370
841 -130370
842 -130370
843 -130370
844 -130370
845 -130370
846 -130370
847 -130370
848 -130370
849 -130370
850 -130370
851 -130370
852 -130370
853 -130370
854 -130370
855 -130370
856 -130370
857 -130370
858 -130370
859 -130370
860 -130370
861 -130370
862 -130370
863 -130370
864 -130370
865 -130370
866 -130370
867 -130370
868 -130370
869 -130370
870 -130370
871 -130370
872 -130370
873 -130370
874 -130370
875 -130370
876 -130370
877 -130370
878 -130370
879 -130370
880 -130370
881 -130370
882 -130370
883 -130370
884 -130370
885 -130370
886 -130370
887 -130370
888 -130370
889 -130370
890 -130370
891 -130370
892 -130370
893 -130370
894 -130370
895 -130370
896 -130370
897 -130370
898 -130370
899 -130370
900 -130370
901 -130370
902 -130370
903 -130370
904 -130370
905 -130370
906 -130370
907 -130370
908 -130370
909 -130370
910 -130370
911 -130370
912 -130370
913 -130370
914 -130370
915 -130370
916 -130370
917 -130370
918 -130370
919 -130370
920 -130370
921 -130370
922 -130370
923 -130370
924 -130370
925 -130370
926 -130370
927 -130370
928 -130370
929 -130370
930 -130370
931 -130370
932 -130370
933 -130370
934 -130370
935 -130370
