1 -6288.07
2 -11863
3 -17004.8
4 -21805
5 -26315
6 -30570.4
7 -34598.6
8 -38421.4
9 -42056.9
10 -45520.6
11 -48825.9
12 -51984.4
13 -55006.6
14 -57901.6
15 -60677.8
16 -63342.4
17 -65902.4
18 -68363.8
19 -70732.2
20 -73012.7
21 -75210.1
22 -77328.7
23 -79372.4
24 -81345.1
25 -83250.2
26 -85090.8
27 -86870
28 -88590.7
29 -90255.3
30 -91866.3
31 -93426.1
32 -94936.7
33 -96400.1
34 -97817.9
35 -99191.7
36 -100523
37 -101812
38 -103060
39 -104269
40 -105437
41 -106566
42 -107656
43 -108708
44 -109722
45 -110698
46 -111638
47 -112541
48 -113409
49 -114242
50 -115041
51 -115808
52 -116542
53 -117245
54 -117918
55 -118563
56 -119178
57 -119767
58 -120329
59 -120866
60 -121379
61 -121867
62 -122334
63 -122778
64 -123201
65 -123604
66 -123987
67 -124352
68 -124698
69 -125027
70 -125340
71 -125637
72 -125918
73 -126184
74 -126437
75 -126675
76 -126901
77 -127115
78 -127316
79 -127507
80 -127686
81 -127855
82 -128014
83 -128163
84 -128304
85 -128436
86 -128560
87 -128676
88 -128786
89 -128888
90 -128984
91 -129074
92 -129159
93 -129238
94 -129312
95 -129382
96 -129448
97 -129509
98 -129567
99 -129621
100 -129672
101 -129719
102 -129764
103 -129806
104 -129845
105 -129881
106 -129915
107 -129947
108 -129976
109 -130004
110 -130030
111 -130054
112 -130076
113 -130097
114 -130116
115 -130134
116 -130150
117 -130166
118 -130180
119 -130193
120 -130206
121 -130217
122 -130228
123 -130238
124 -130247
125 -130255
126 -130263
127 -130270
128 -130277
129 -130283
130 -130289
131 -130295
132 -130300
133 -130304
134 -130309
135 -130313
136 -130317
137 -130320
138 -130323
139 -130326
140 -130329
141 -130332
142 -130334
143 -130336
144 -130338
145 -130340
146 -130342
147 -130344
148 -130345
149 -130347
150 -130348
151 -130350
152 -130351
153 -130352
154 -130353
155 -130354
156 -130355
157 -130356
158 -130357
159 -130357
160 -130358
161 -130359
162 -130359
163 -130360
164 -130360
165 -130361
166 -130361
167 -130362
168 -130362
169 -130363
170 -130363
171 -130363
172 -130364
173 -130364
174 -130364
175 -130365
176 -130365
177 -130365
178 -130365
179 -130366
180 -130366
181 -130366
182 -130366
183 -130366
184 -130366
185 -130367
186 -130367
187 -130367
188 -130367
189 -130367
190 -130367
191 -130367
192 -130367
193 -130368
194 -130368
195 -130368
196 -130368
197 -130368
198 -130368
199 -130368
200 -130368
201 -130368
202 -130368
203 -130368
204 -130368
205 -130369
206 -130369
207 -130369
208 -130369
209 -130369
210 -130369
211 -130369
212 -130369
213 -130369
214 -130369
215 -130369
216 -130369
217 -130369
218 -130369
219 -130369
220 -130369
221 -130369
222 -130369
223 -130369
224 -130369
225 -130369
226 -130369
227 -130369
228 -130369
229 -130369
230 -130369
231 -130369
232 -130369
233 -130369
234 -130369
235 -130369
236 -130369
237 -130370
238 -130370
239 -130370
240 -130369
241 -130369
242 -130370
243 -130370
244 -130370
245 -130370
246 -130370
247 -130370
248 -130370
249 -130370
250 -130370
251 -130370
252 -130370
253 -130370
254 -130370
255 -130370
256 -130370
257 -130370
258 -130370
259 -130370
260 -130370
261 -130370
262 -130370
263 -130370
264 -130370
265 -130370
266 -130370
267 -130370
268 -130370
269 -130370
270 -130370
271 -130370
272 -130370
273 -130370
274 -130370
275 -130370
276 -130370
277 -130370
278 -130370
279 -130370
280 -130370
281 -130370
282 -130370
283 -130370
284 -130370
285 -130370
286 -130370
287 -130370
288 -130370
289 -130370
290 -130370
291 -130370
292 -130370
293 -130370
294 -130370
295 -130370
296 -130370
297 -130370
298 -130370
299 -130370
300 -130370
301 -130370
302 -130370
303 -130370
304 -130370
305 -130370
