1 -7687.18
2 -12157.6
3 -16267.1
4 -20088.8
5 -23595.7
6 -26837.8
7 -29870.1
8 -32721.9
9 -35416.1
10 -37969.9
11 -40399.2
12 -42716.8
13 -44933.2
14 -47057.7
15 -49098.2
16 -51061.3
17 -52953.3
18 -54779.2
19 -56543.9
20 -58251.4
21 -59905.5
22 -61509.6
23 -63066.6
24 -64579.3
25 -66050.2
26 -67481.5
27 -68875.3
28 -70233.6
29 -71557.8
30 -72849.6
31 -74110.1
32 -75340.1
33 -76540.2
34 -77710.2
35 -78849.6
36 -79957.3
37 -81031.9
38 -82072.1
39 -83076.7
40 -84045.4
41 -84978.4
42 -85876.8
43 -86741.9
44 -87575.2
45 -88378.3
46 -89152.5
47 -89899
48 -90619.1
49 -91313.7
50 -91983.9
51 -92630.7
52 -93254.7
53 -93857.1
54 -94438.7
55 -95000.6
56 -95543.7
57 -96069.4
58 -96578.7
59 -97072.8
60 -97553
61 -98020.4
62 -98476
63 -98920.9
64 -99356
65 -99782.2
66 -100200
67 -100611
68 -101016
69 -101415
70 -101809
71 -102199
72 -102586
73 -102971
74 -103355
75 -103738
76 -104122
77 -104507
78 -104893
79 -105282
80 -105674
81 -106068
82 -106465
83 -106864
84 -107266
85 -107669
86 -108072
87 -108476
88 -108877
89 -109276
90 -109669
91 -110056
92 -110434
93 -110803
94 -111162
95 -111509
96 -111845
97 -112168
98 -112480
99 -112781
100 -113072
101 -113353
102 -113626
103 -113891
104 -114150
105 -114403
106 -114650
107 -114893
108 -115130
109 -115363
110 -115592
111 -115817
112 -116037
113 -116252
114 -116464
115 -116671
116 -116875
117 -117074
118 -117269
119 -117461
120 -117649
121 -117833
122 -118014
123 -118191
124 -118365
125 -118535
126 -118701
127 -118864
128 -119022
129 -119177
130 -119327
131 -119473
132 -119616
133 -119755
134 -119891
135 -120023
136 -120152
137 -120278
138 -120403
139 -120526
140 -120648
141 -120770
142 -120893
143 -121017
144 -121143
145 -121272
146 -121404
147 -121539
148 -121677
149 -121818
150 -121962
151 -122108
152 -122256
153 -122406
154 -122556
155 -122708
156 -122860
157 -123013
158 -123166
159 -123319
160 -123473
161 -123627
162 -123781
163 -123935
164 -124089
165 -124243
166 -124397
167 -124550
168 -124702
169 -124852
170 -124999
171 -125143
172 -125283
173 -125418
174 -125547
175 -125672
176 -125790
177 -125903
178 -126010
179 -126111
180 -126208
181 -126299
182 -126387
183 -126470
184 -126550
185 -126627
186 -126701
187 -126773
188 -126843
189 -126912
190 -126979
191 -127045
192 -127110
193 -127175
194 -127238
195 -127301
196 -127363
197 -127425
198 -127485
199 -127545
200 -127603
201 -127660
202 -127716
203 -127771
204 -127826
205 -127881
206 -127935
207 -127990
208 -128045
209 -128101
210 -128157
211 -128213
212 -128269
213 -128325
214 -128380
215 -128434
216 -128487
217 -128539
218 -128589
219 -128639
220 -128687
221 -128734
222 -128780
223 -128824
224 -128868
225 -128911
226 -128952
227 -128993
228 -129034
229 -129073
230 -129112
231 -129150
232 -129187
233 -129223
234 -129259
235 -129295
236 -129330
237 -129364
238 -129398
239 -129431
240 -129276
241 -129382
242 -129431
243 -129472
244 -129502
245 -129528
246 -129548
247 -129565
248 -129581
249 -129595
250 -129607
251 -129619
252 -129630
253 -129641
254 -129652
255 -129663
256 -129673
257 -129684
258 -129694
259 -129704
260 -129714
261 -129724
262 -129733
263 -129742
264 -129751
265 -129760
266 -129769
267 -129777
268 -129785
269 -129793
270 -129801
271 -129809
272 -129817
273 -129825
274 -129833
275 -129841
276 -129850
277 -129859
278 -129868
279 -129877
280 -129887
281 -129896
282 -129906
283 -129916
284 -129925
285 -129934
286 -129943
287 -129951
288 -129959
289 -129967
290 -129974
291 -129981
292 -129988
293 -129995
294 -130003
295 -130010
296 -130017
297 -130024
298 -130030
299 -130037
300 -130044
301 -130050
302 -130057
303 -130063
304 -130068
305 -130074
306 -130079
307 -130084
308 -130089
309 -130094
310 -130099
311 -130103
312 -130108
313 -130112
314 -130116
315 -130120
316 -130125
317 -130129
318 -130133
319 -130136
320 -130140
321 -130144
322 -130147
323 -130151
324 -130154
325 -130157
326 -130160
327 -130163
328 -130166
329 -130169
330 -130172
331 -130176
332 -130179
333 -130183
334 -130186
335 -130190
336 -130194
337 -130197
338 -130201
339 -130205
340 -130209
341 -130213
342 -130216
343 -130220
344 -130224
345 -130227
346 -130231
347 -130234
348 -130237
349 -130241
350 -130244
351 -130247
352 -130250
353 -130253
354 -130256
355 -130258
356 -130261
357 -130263
358 -130266
359 -130268
360 -130270
361 -130273
362 -130275
363 -130276
364 -130277
365 -130278
366 -130278
367 -130278
368 -130277
369 -130276
370 -130275
371 -130274
372 -130273
373 -130272
374 -130271
375 -130270
376 -130270
377 -130271
378 -130272
379 -130273
380 -130275
381 -130278
382 -130280
383 -130283
384 -130285
385 -130288
386 -130290
387 -130293
388 -130295
389 -130298
390 -130299
391 -130301
392 -130303
393 -130304
394 -130306
395 -130307
396 -130309
397 -130310
398 -130312
399 -130313
400 -130315
401 -130316
402 -130318
403 -130320
404 -130321
405 -130323
406 -130324
407 -130326
408 -130327
409 -130328
410 -130329
411 -130330
412 -130331
413 -130332
414 -130333
415 -130334
416 -130335
417 -130336
418 -130337
419 -130338
420 -130339
421 -130340
422 -130341
423 -130342
424 -130343
425 -130344
426 -130345
427 -130346
428 -130347
429 -130348
430 -130349
431 -130350
432 -130351
433 -130352
434 -130353
435 -130354
436 -130355
437 -130356
438 -130356
439 -130357
440 -130357
441 -130357
442 -130357
443 -130357
444 -130357
445 -130357
446 -130357
447 -130358
448 -130358
449 -130358
450 -130358
451 -130359
452 -130359
453 -130359
454 -130360
455 -130360
456 -130360
457 -130361
458 -130361
459 -130362
460 -130362
461 -130362
462 -130363
463 -130363
464 -130363
465 -130364
466 -130364
467 -130364
468 -130365
469 -130365
470 -130365
471 -130365
472 -130366
473 -130366
474 -130366
475 -130366
476 -130366
477 -130366
478 -130366
479 -130366
480 -130350
481 -130354
482 -130359
483 -130361
484 -130361
485 -130361
486 -130361
487 -130361
488 -130361
489 -130361
490 -130361
491 -130361
492 -130361
493 -130362
494 -130362
495 -130362
496 -130362
497 -130362
498 -130362
499 -130362
500 -130362
501 -130363
502 -130363
503 -130363
504 -130363
505 -130363
506 -130363
507 -130363
508 -130363
509 -130364
510 -130364
511 -130364
512 -130364
513 -130364
514 -130364
515 -130364
516 -130364
517 -130364
518 -130364
519 -130364
520 -130364
521 -130364
522 -130364
523 -130364
524 -130364
525 -130364
526 -130363
527 -130363
528 -130363
529 -130363
530 -130363
531 -130362
532 -130362
533 -130362
534 -130362
535 -130362
536 -130362
537 -130362
538 -130363
539 -130363
540 -130363
541 -130363
542 -130364
543 -130364
544 -130364
545 -130365
546 -130365
547 -130365
548 -130366
549 -130366
550 -130367
551 -130367
552 -130367
553 -130368
554 -130368
555 -130368
556 -130369
557 -130369
558 -130369
559 -130369
560 -130369
561 -130369
562 -130369
563 -130369
564 -130369
565 -130369
566 -130370
567 -130370
568 -130370
569 -130370
570 -130370
571 -130370
572 -130370
573 -130370
574 -130370
575 -130370
576 -130370
577 -130370
578 -130370
579 -130370
580 -130370
581 -130370
582 -130370
583 -130370
584 -130370
585 -130370
586 -130370
587 -130370
588 -130370
589 -130371
590 -130371
591 -130371
592 -130371
593 -130371
594 -130371
595 -130371
596 -130371
597 -130371
598 -130371
599 -130371
600 -130371
601 -130371
602 -130371
603 -130370
604 -130370
605 -130370
606 -130369
607 -130369
608 -130368
609 -130368
610 -130368
611 -130368
612 -130368
613 -130368
614 -130368
615 -130368
616 -130368
617 -130368
618 -130368
619 -130368
620 -130368
621 -130368
622 -130368
623 -130368
624 -130368
625 -130368
626 -130368
627 -130368
628 -130368
629 -130368
630 -130368
631 -130368
632 -130368
633 -130368
634 -130368
635 -130368
636 -130368
637 -130368
638 -130368
639 -130368
640 -130368
641 -130368
642 -130368
643 -130369
644 -130369
645 -130369
646 -130369
647 -130369
648 -130369
649 -130369
650 -130369
651 -130369
652 -130369
653 -130369
654 -130369
655 -130369
656 -130369
657 -130369
658 -130369
659 -130369
660 -130369
661 -130369
662 -130369
663 -130369
664 -130369
665 -130369
666 -130369
667 -130369
668 -130369
669 -130369
670 -130369
671 -130370
672 -130370
673 -130370
674 -130370
675 -130370
676 -130370
677 -130370
678 -130370
679 -130370
680 -130370
681 -130370
682 -130370
683 -130370
684 -130370
685 -130370
686 -130370
687 -130370
688 -130370
689 -130370
690 -130370
691 -130370
692 -130370
693 -130370
694 -130370
695 -130370
696 -130370
697 -130370
698 -130370
699 -130370
700 -130370
701 -130370
702 -130370
703 -130370
704 -130370
705 -130370
706 -130370
707 -130370
708 -130370
709 -130370
710 -130370
711 -130370
712 -130370
713 -130370
714 -130370
715 -130370
716 -130370
717 -130370
718 -130370
719 -130370
720 -130369
721 -130369
722 -130370
723 -130370
724 -130370
725 -130370
726 -130370
727 -130370
728 -130370
729 -130370
730 -130370
731 -130370
732 -130370
733 -130370
734 -130370
735 -130370
736 -130370
737 -130370
738 -130370
739 -130370
740 -130370
741 -130370
742 -130370
743 -130370
744 -130370
745 -130370
746 -130370
747 -130369
748 -130369
749 -130369
750 -130369
751 -130369
752 -130369
753 -130369
754 -130369
755 -130369
756 -130369
757 -130369
758 -130369
759 -130369
760 -130369
761 -130369
762 -130369
763 -130369
764 -130369
765 -130369
766 -130369
767 -130369
768 -130369
769 -130369
770 -130369
771 -130369
772 -130369
773 -130369
774 -130369
775 -130369
776 -130369
777 -130369
778 -130369
779 -130369
780 -130369
781 -130369
782 -130369
783 -130369
784 -130369
785 -130369
786 -130369
787 -130369
788 -130369
789 -130370
790 -130370
791 -130370
792 -130370
793 -130370
794 -130370
795 -130370
796 -130370
797 -130370
798 -130370
799 -130370
800 -130370
801 -130370
802 -130370
803 -130370
804 -130370
805 -130370
806 -130370
807 -130370
808 -130370
809 -130370
810 -130370
811 -130370
812 -130370
813 -130370
814 -130370
815 -130370
816 -130370
817 -130370
818 -130370
819 -130370
820 -130370
821 -130370
822 -130370
823 -130370
