1 -1175.32
2 -2283.43
3 -3334.54
4 -4336.63
5 -5296.09
6 -6218.09
7 -7106.92
8 -7966.16
9 -8798.85
10 -9607.56
11 -10394.5
12 -11161.7
13 -11910.7
14 -12643
15 -13359.9
16 -14062.5
17 -14751.9
18 -15428.9
19 -16094.4
20 -16749.1
21 -17393.5
22 -18028.3
23 -18654
24 -19271.1
25 -19880
26 -20481
27 -21074.6
28 -21661
29 -22240.6
30 -22813.6
31 -23380.3
32 -23940.8
33 -24495.5
34 -25044.4
35 -25587.8
36 -26125.9
37 -26658.8
38 -27186.6
39 -27709.5
40 -28227.6
41 -28741.1
42 -29250
43 -29754.4
44 -30254.5
45 -30750.4
46 -31242.1
47 -31729.7
48 -32213.3
49 -32693
50 -33168.9
51 -33641
52 -34109.4
53 -34574.2
54 -35035.4
55 -35493.1
56 -35947.3
57 -36398.2
58 -36845.7
59 -37289.9
60 -37730.9
61 -38168.7
62 -38603.4
63 -39034.9
64 -39463.4
65 -39888.9
66 -40311.5
67 -40731.1
68 -41147.8
69 -41561.7
70 -41972.8
71 -42381.2
72 -42786.8
73 -43189.6
74 -43589.9
75 -43987.5
76 -44382.5
77 -44775
78 -45164.9
79 -45552.3
80 -45937.2
81 -46319.7
82 -46699.8
83 -47077.6
84 -47452.9
85 -47825.9
86 -48196.7
87 -48565.1
88 -48931.3
89 -49295.3
90 -49657.1
91 -50016.7
92 -50374.1
93 -50729.5
94 -51082.7
95 -51433.8
96 -51782.9
97 -52129.9
98 -52474.9
99 -52818
100 -53159
101 -53498.1
102 -53835.2
103 -54170.5
104 -54503.8
105 -54835.3
106 -55164.9
107 -55492.6
108 -55818.5
109 -56142.7
110 -56465
111 -56785.6
112 -57104.4
113 -57421.4
114 -57736.8
115 -58050.4
116 -58362.3
117 -58672.6
118 -58981.2
119 -59288.2
120 -59593.5
121 -59897.2
122 -60199.3
123 -60499.9
124 -60798.8
125 -61096.2
126 -61392
127 -61686.4
128 -61979.1
129 -62270.4
130 -62560.2
131 -62848.5
132 -63135.4
133 -63420.7
134 -63704.7
135 -63987.1
136 -64268.2
137 -64547.9
138 -64826.1
139 -65103
140 -65378.5
141 -65652.6
142 -65925.4
143 -66196.8
144 -66466.9
145 -66735.7
146 -67003.1
147 -67269.2
148 -67534.1
149 -67797.6
150 -68059.9
151 -68320.9
152 -68580.7
153 -68839.2
154 -69096.4
155 -69352.5
156 -69607.3
157 -69860.9
158 -70113.3
159 -70364.5
160 -70614.5
161 -70863.3
162 -71111
163 -71357.5
164 -71602.8
165 -71847
166 -72090
167 -72331.9
168 -72572.7
169 -72812.4
170 -73051
171 -73288.4
172 -73524.8
173 -73760.1
174 -73994.3
175 -74227.4
176 -74459.5
177 -74690.5
178 -74920.4
179 -75149.3
180 -75377.2
181 -75604
182 -75829.8
183 -76054.5
184 -76278.3
185 -76501
186 -76722.8
187 -76943.5
188 -77163.3
189 -77382.1
190 -77599.9
191 -77816.7
192 -78032.6
193 -78247.4
194 -78461.4
195 -78674.4
196 -78886.4
197 -79097.5
198 -79307.7
199 -79516.9
200 -79725.3
201 -79932.7
202 -80139.2
203 -80344.7
204 -80549.4
205 -80753.2
206 -80956.1
207 -81158.1
208 -81359.2
209 -81559.5
210 -81758.9
211 -81957.4
212 -82155
213 -82351.8
214 -82547.7
215 -82742.8
216 -82937
217 -83130.4
218 -83323
219 -83514.7
220 -83705.6
221 -83895.7
222 -84085
223 -84273.4
224 -84461.1
225 -84647.9
226 -84833.9
227 -85019.2
228 -85203.6
229 -85387.3
230 -85570.1
231 -85752.2
232 -85933.5
233 -86114.1
234 -86293.8
235 -86472.9
236 -86651.1
237 -86828.6
238 -87005.3
239 -87181.3
240 -87356.5
241 -87531
242 -87704.8
243 -87877.8
244 -88050.1
245 -88221.7
246 -88392.5
247 -88562.6
248 -88732
249 -88900.7
250 -89068.7
251 -89236
252 -89402.5
253 -89568.4
254 -89733.6
255 -89898.1
256 -90061.8
257 -90224.9
258 -90387.4
259 -90549.1
260 -90710.2
261 -90870.5
262 -91030.3
263 -91189.3
264 -91347.7
265 -91505.4
266 -91662.5
267 -91818.9
268 -91974.6
269 -92129.7
270 -92284.2
271 -92438
272 -92591.2
273 -92743.7
274 -92895.6
275 -93046.9
276 -93197.6
277 -93347.6
278 -93497
279 -93645.7
280 -93793.9
281 -93941.5
282 -94088.4
283 -94234.7
284 -94380.4
285 -94525.5
286 -94670.1
287 -94814
288 -94957.3
289 -95100
290 -95242.2
291 -95383.7
292 -95524.7
293 -95665.1
294 -95804.9
295 -95944.1
296 -96082.8
297 -96220.9
298 -96358.4
299 -96495.3
300 -96631.7
301 -96767.5
302 -96902.8
303 -97037.5
304 -97171.7
305 -97305.3
306 -97438.3
307 -97570.8
308 -97702.8
309 -97834.2
310 -97965.1
311 -98095.4
312 -98225.2
313 -98354.5
314 -98483.2
315 -98611.4
316 -98739.1
317 -98866.3
318 -98992.9
319 -99119
320 -99244.7
321 -99369.7
322 -99494.3
323 -99618.4
324 -99741.9
325 -99865
326 -99987.6
327 -100110
328 -100231
329 -100352
330 -100473
331 -100593
332 -100712
333 -100831
334 -100950
335 -101068
336 -101186
337 -101303
338 -101420
339 -101536
340 -101652
341 -101767
342 -101882
343 -101996
344 -102110
345 -102223
346 -102336
347 -102448
348 -102560
349 -102672
350 -102783
351 -102894
352 -103004
353 -103114
354 -103223
355 -103332
356 -103440
357 -103548
358 -103656
359 -103763
360 -103869
361 -103976
362 -104081
363 -104187
364 -104292
365 -104396
366 -104500
367 -104604
368 -104707
369 -104810
370 -104912
371 -105014
372 -105116
373 -105217
374 -105318
375 -105418
376 -105518
377 -105617
378 -105716
379 -105815
380 -105913
381 -106011
382 -106109
383 -106206
384 -106303
385 -106399
386 -106495
387 -106590
388 -106685
389 -106780
390 -106875
391 -106969
392 -107062
393 -107155
394 -107248
395 -107341
396 -107433
397 -107525
398 -107616
399 -107707
400 -107797
401 -107888
402 -107978
403 -108067
404 -108156
405 -108245
406 -108333
407 -108422
408 -108509
409 -108597
410 -108684
411 -108770
412 -108857
413 -108943
414 -109028
415 -109113
416 -109198
417 -109283
418 -109367
419 -109451
420 -109534
421 -109618
422 -109701
423 -109783
424 -109865
425 -109947
426 -110029
427 -110110
428 -110191
429 -110271
430 -110352
431 -110431
432 -110511
433 -110590
434 -110669
435 -110748
436 -110826
437 -110904
438 -110982
439 -111059
440 -111136
441 -111213
442 -111289
443 -111365
444 -111441
445 -111517
446 -111592
447 -111667
448 -111741
449 -111815
450 -111889
451 -111963
452 -112036
453 -112110
454 -112182
455 -112255
456 -112327
457 -112399
458 -112471
459 -112542
460 -112613
461 -112684
462 -112754
463 -112824
464 -112894
465 -112964
466 -113033
467 -113102
468 -113171
469 -113239
470 -113308
471 -113376
472 -113443
473 -113511
474 -113578
475 -113645
476 -113711
477 -113777
478 -113843
479 -113909
480 -113975
481 -114040
482 -114105
483 -114170
484 -114234
485 -114298
486 -114362
487 -114426
488 -114489
489 -114553
490 -114615
491 -114678
492 -114741
493 -114803
494 -114865
495 -114926
496 -114988
497 -115049
498 -115110
499 -115170
500 -115231
501 -115291
502 -115351
503 -115411
504 -115470
505 -115529
506 -115588
507 -115647
508 -115705
509 -115764
510 -115822
511 -115879
512 -115937
513 -115994
514 -116051
515 -116108
516 -116165
517 -116221
518 -116277
519 -116333
520 -116389
521 -116445
522 -116500
523 -116555
524 -116610
525 -116664
526 -116719
527 -116773
528 -116827
529 -116881
530 -116934
531 -116987
532 -117040
533 -117093
534 -117146
535 -117198
536 -117251
537 -117303
538 -117355
539 -117406
540 -117458
541 -117509
542 -117560
543 -117610
544 -117661
545 -117711
546 -117762
547 -117812
548 -117861
549 -117911
550 -117960
551 -118009
552 -118058
553 -118107
554 -118156
555 -118204
556 -118252
557 -118300
558 -118348
559 -118396
560 -118443
561 -118490
562 -118537
563 -118584
564 -118631
565 -118677
566 -118723
567 -118770
568 -118815
569 -118861
570 -118907
571 -118952
572 -118997
573 -119042
574 -119087
575 -119132
576 -119176
577 -119220
578 -119264
579 -119308
580 -119352
581 -119396
582 -119439
583 -119482
584 -119525
585 -119568
586 -119611
587 -119653
588 -119696
589 -119738
590 -119780
591 -119822
592 -119863
593 -119905
594 -119946
595 -119987
596 -120028
597 -120069
598 -120110
599 -120150
600 -120191
601 -120231
602 -120271
603 -120311
604 -120350
605 -120390
606 -120429
607 -120469
608 -120508
609 -120547
610 -120585
611 -120624
612 -120662
613 -120701
614 -120739
615 -120777
616 -120815
617 -120852
618 -120890
619 -120927
620 -120964
621 -121001
622 -121038
623 -121075
624 -121112
625 -121148
626 -121185
627 -121221
628 -121257
629 -121293
630 -121328
631 -121364
632 -121400
633 -121435
634 -121470
635 -121505
636 -121540
637 -121575
638 -121609
639 -121644
640 -121678
641 -121712
642 -121746
643 -121780
644 -121814
645 -121848
646 -121881
647 -121915
648 -121948
649 -121981
650 -122014
651 -122047
652 -122080
653 -122112
654 -122145
655 -122177
656 -122209
657 -122241
658 -122273
659 -122305
660 -122337
661 -122368
662 -122400
663 -122431
664 -122462
665 -122493
666 -122524
667 -122555
668 -122586
669 -122616
670 -122647
671 -122677
672 -122707
673 -122737
674 -122767
675 -122797
676 -122827
677 -122856
678 -122886
679 -122915
680 -122945
681 -122974
682 -123003
683 -123032
684 -123060
685 -123089
686 -123118
687 -123146
688 -123174
689 -123202
690 -123231
691 -123259
692 -123286
693 -123314
694 -123342
695 -123369
696 -123397
697 -123424
698 -123451
699 -123478
700 -123505
701 -123532
702 -123559
703 -123586
704 -123612
705 -123639
706 -123665
707 -123691
708 -123717
709 -123743
710 -123769
711 -123795
712 -123821
713 -123846
714 -123872
715 -123897
716 -123923
717 -123948
718 -123973
719 -123998
720 -124023
721 -124048
722 -124072
723 -124097
724 -124122
725 -124146
726 -124170
727 -124194
728 -124219
729 -124243
730 -124267
731 -124290
732 -124314
733 -124338
734 -124361
735 -124385
736 -124408
737 -124431
738 -124455
739 -124478
740 -124501
741 -124523
742 -124546
743 -124569
744 -124592
745 -124614
746 -124637
747 -124659
748 -124681
749 -124703
750 -124725
751 -124747
752 -124769
753 -124791
754 -124813
755 -124835
756 -124856
757 -124878
758 -124899
759 -124920
760 -124941
761 -124963
762 -124984
763 -125005
764 -125025
765 -125046
766 -125067
767 -125088
768 -125108
769 -125129
770 -125149
771 -125169
772 -125190
773 -125210
774 -125230
775 -125250
776 -125270
777 -125289
778 -125309
779 -125329
780 -125348
781 -125368
782 -125387
783 -125407
784 -125426
785 -125445
786 -125464
787 -125483
788 -125502
789 -125521
790 -125540
791 -125559
792 -125577
793 -125596
794 -125615
795 -125633
796 -125651
797 -125670
798 -125688
799 -125706
800 -125724
801 -125742
802 -125760
803 -125778
804 -125796
805 -125814
806 -125831
807 -125849
808 -125866
809 -125884
810 -125901
811 -125918
812 -125936
813 -125953
814 -125970
815 -125987
816 -126004
817 -126021
818 -126038
819 -126054
820 -126071
821 -126088
822 -126104
823 -126121
824 -126137
825 -126154
826 -126170
827 -126186
828 -126202
829 -126218
830 -126234
831 -126250
832 -126266
833 -126282
834 -126298
835 -126314
836 -126329
837 -126345
838 -126360
839 -126376
840 -126391
841 -126407
842 -126422
843 -126437
844 -126452
845 -126467
846 -126483
847 -126498
848 -126512
849 -126527
850 -126542
851 -126557
852 -126572
853 -126586
854 -126601
855 -126615
856 -126630
857 -126644
858 -126659
859 -126673
860 -126687
861 -126701
862 -126715
863 -126729
864 -126743
865 -126757
866 -126771
867 -126785
868 -126799
869 -126813
870 -126826
871 -126840
872 -126854
873 -126867
874 -126881
875 -126894
876 -126907
877 -126921
878 -126934
879 -126947
880 -126960
881 -126973
882 -126986
883 -126999
884 -127012
885 -127025
886 -127038
887 -127051
888 -127064
889 -127076
890 -127089
891 -127101
892 -127114
893 -127126
894 -127139
895 -127151
896 -127164
897 -127176
898 -127188
899 -127200
900 -127213
901 -127225
902 -127237
903 -127249
904 -127261
905 -127273
906 -127284
907 -127296
908 -127308
909 -127320
910 -127331
911 -127343
912 -127355
913 -127366
914 -127378
915 -127389
916 -127400
917 -127412
918 -127423
919 -127434
920 -127446
921 -127457
922 -127468
923 -127479
924 -127490
925 -127501
926 -127512
927 -127523
928 -127534
929 -127545
930 -127555
931 -127566
932 -127577
933 -127587
934 -127598
935 -127609
936 -127619
937 -127630
938 -127640
939 -127650
940 -127661
941 -127671
942 -127681
943 -127692
944 -127702
945 -127712
946 -127722
947 -127732
948 -127742
949 -127752
950 -127762
951 -127772
952 -127782
953 -127792
954 -127802
955 -127811
956 -127821
957 -127831
958 -127841
959 -127850
960 -127860
961 -127869
962 -127879
963 -127888
964 -127898
965 -127907
966 -127916
967 -127926
968 -127935
969 -127944
970 -127953
971 -127963
972 -127972
973 -127981
974 -127990
975 -127999
976 -128008
977 -128017
978 -128026
979 -128035
980 -128044
981 -128052
982 -128061
983 -128070
984 -128079
985 -128087
986 -128096
987 -128105
988 -128113
989 -128122
990 -128130
991 -128139
992 -128147
993 -128155
994 -128164
995 -128172
996 -128181
997 -128189
998 -128197
999 -128205
1000 -128213
1001 -128222
1002 -128230
1003 -128238
1004 -128246
1005 -128254
1006 -128262
1007 -128270
1008 -128278
1009 -128286
1010 -128293
1011 -128301
1012 -128309
1013 -128317
1014 -128325
1015 -128332
1016 -128340
1017 -128348
1018 -128355
1019 -128363
1020 -128370
1021 -128378
1022 -128385
1023 -128393
1024 -128400
1025 -128408
1026 -128415
1027 -128423
1028 -128430
1029 -128437
1030 -128444
1031 -128452
1032 -128459
1033 -128466
1034 -128473
1035 -128480
1036 -128487
1037 -128494
1038 -128502
1039 -128509
1040 -128516
1041 -128523
1042 -128529
1043 -128536
1044 -128543
1045 -128550
1046 -128557
1047 -128564
1048 -128570
1049 -128577
1050 -128584
1051 -128591
1052 -128597
1053 -128604
1054 -128611
1055 -128617
1056 -128624
1057 -128630
1058 -128637
1059 -128643
1060 -128650
1061 -128656
1062 -128663
1063 -128669
1064 -128675
1065 -128682
1066 -128688
1067 -128694
1068 -128701
1069 -128707
1070 -128713
1071 -128719
1072 -128725
1073 -128731
1074 -128738
1075 -128744
1076 -128750
1077 -128756
1078 -128762
1079 -128768
1080 -128774
1081 -128780
1082 -128786
1083 -128792
1084 -128797
1085 -128803
1086 -128809
1087 -128815
1088 -128821
1089 -128827
1090 -128832
1091 -128838
1092 -128844
1093 -128849
1094 -128855
1095 -128861
1096 -128866
1097 -128872
1098 -128877
1099 -128883
1100 -128889
1101 -128894
1102 -128900
1103 -128905
1104 -128910
1105 -128916
1106 -128921
1107 -128927
1108 -128932
1109 -128937
1110 -128943
1111 -128948
1112 -128953
1113 -128958
1114 -128964
1115 -128969
1116 -128974
1117 -128979
1118 -128984
1119 -128990
1120 -128995
1121 -129000
1122 -129005
1123 -129010
1124 -129015
1125 -129020
1126 -129025
1127 -129030
1128 -129035
1129 -129040
1130 -129045
1131 -129050
1132 -129055
1133 -129059
1134 -129064
1135 -129069
1136 -129074
1137 -129079
1138 -129083
1139 -129088
1140 -129093
1141 -129098
1142 -129102
1143 -129107
1144 -129112
1145 -129116
1146 -129121
1147 -129125
1148 -129130
1149 -129135
1150 -129139
1151 -129144
1152 -129148
1153 -129153
1154 -129157
1155 -129162
1156 -129166
1157 -129171
1158 -129175
1159 -129179
1160 -129184
1161 -129188
1162 -129192
1163 -129197
1164 -129201
1165 -129205
1166 -129210
1167 -129214
1168 -129218
1169 -129222
1170 -129227
1171 -129231
1172 -129235
1173 -129239
1174 -129243
1175 -129247
1176 -129252
1177 -129256
1178 -129260
1179 -129264
1180 -129268
1181 -129272
1182 -129276
1183 -129280
1184 -129284
1185 -129288
1186 -129292
1187 -129296
1188 -129300
1189 -129304
1190 -129307
1191 -129311
1192 -129315
1193 -129319
1194 -129323
1195 -129327
1196 -129331
1197 -129334
1198 -129338
1199 -129342
1200 -129346
1201 -129349
1202 -129353
1203 -129357
1204 -129360
1205 -129364
1206 -129368
1207 -129371
1208 -129375
1209 -129379
1210 -129382
1211 -129386
1212 -129390
1213 -129393
1214 -129397
1215 -129400
1216 -129404
1217 -129407
1218 -129411
1219 -129414
1220 -129418
1221 -129421
1222 -129425
1223 -129428
1224 -129431
1225 -129435
1226 -129438
1227 -129442
1228 -129445
1229 -129448
1230 -129452
1231 -129455
1232 -129458
1233 -129462
1234 -129465
1235 -129468
1236 -129471
1237 -129475
1238 -129478
1239 -129481
1240 -129484
1241 -129488
1242 -129491
1243 -129494
1244 -129497
1245 -129500
1246 -129503
1247 -129507
1248 -129510
1249 -129513
1250 -129516
1251 -129519
1252 -129522
1253 -129525
1254 -129528
1255 -129531
1256 -129534
1257 -129537
1258 -129540
1259 -129543
1260 -129546
1261 -129549
1262 -129552
1263 -129555
1264 -129558
1265 -129561
1266 -129564
1267 -129567
1268 -129570
1269 -129572
1270 -129575
1271 -129578
1272 -129581
1273 -129584
1274 -129587
1275 -129589
1276 -129592
1277 -129595
1278 -129598
1279 -129601
1280 -129603
1281 -129606
1282 -129609
1283 -129612
1284 -129614
1285 -129617
1286 -129620
1287 -129622
1288 -129625
1289 -129628
1290 -129630
1291 -129633
1292 -129636
1293 -129638
1294 -129641
1295 -129644
1296 -129646
1297 -129649
1298 -129651
1299 -129654
1300 -129656
1301 -129659
1302 -129661
1303 -129664
1304 -129667
1305 -129669
1306 -129672
1307 -129674
1308 -129676
1309 -129679
1310 -129681
1311 -129684
1312 -129686
1313 -129689
1314 -129691
1315 -129694
1316 -129696
1317 -129698
1318 -129701
1319 -129703
1320 -129706
1321 -129708
1322 -129710
1323 -129713
1324 -129715
1325 -129717
1326 -129720
1327 -129722
1328 -129724
1329 -129726
1330 -129729
1331 -129731
1332 -129733
1333 -129736
1334 -129738
1335 -129740
1336 -129742
1337 -129744
1338 -129747
1339 -129749
1340 -129751
1341 -129753
1342 -129755
1343 -129758
1344 -129760
1345 -129762
1346 -129764
1347 -129766
1348 -129768
1349 -129770
1350 -129773
1351 -129775
1352 -129777
1353 -129779
1354 -129781
1355 -129783
1356 -129785
1357 -129787
1358 -129789
1359 -129791
1360 -129793
1361 -129795
1362 -129797
1363 -129799
1364 -129801
1365 -129803
1366 -129805
1367 -129807
1368 -129809
1369 -129811
1370 -129813
1371 -129815
1372 -129817
1373 -129819
1374 -129821
1375 -129823
1376 -129825
1377 -129827
1378 -129829
1379 -129831
1380 -129832
1381 -129834
1382 -129836
1383 -129838
1384 -129840
1385 -129842
1386 -129844
1387 -129845
1388 -129847
1389 -129849
1390 -129851
1391 -129853
1392 -129855
1393 -129856
1394 -129858
1395 -129860
1396 -129862
1397 -129863
1398 -129865
1399 -129867
1400 -129869
1401 -129870
1402 -129872
1403 -129874
1404 -129876
1405 -129877
1406 -129879
1407 -129881
1408 -129883
1409 -129884
1410 -129886
1411 -129888
1412 -129889
1413 -129891
1414 -129893
1415 -129894
1416 -129896
1417 -129898
1418 -129899
1419 -129901
1420 -129902
1421 -129904
1422 -129906
1423 -129907
1424 -129909
1425 -129910
1426 -129912
1427 -129914
1428 -129915
1429 -129917
1430 -129918
1431 -129920
1432 -129921
1433 -129923
1434 -129925
1435 -129926
1436 -129928
1437 -129929
1438 -129931
1439 -129932
1440 -129934
1441 -129935
1442 -129937
1443 -129938
1444 -129940
1445 -129941
1446 -129943
1447 -129944
1448 -129946
1449 -129947
1450 -129948
1451 -129950
1452 -129951
1453 -129953
1454 -129954
1455 -129956
1456 -129957
1457 -129959
1458 -129960
1459 -129961
1460 -129963
1461 -129964
1462 -129966
1463 -129967
1464 -129968
1465 -129970
1466 -129971
1467 -129972
1468 -129974
1469 -129975
1470 -129976
1471 -129978
1472 -129979
1473 -129980
1474 -129982
1475 -129983
1476 -129984
1477 -129986
1478 -129987
1479 -129988
1480 -129990
1481 -129991
1482 -129992
1483 -129994
1484 -129995
1485 -129996
1486 -129997
1487 -129999
1488 -130000
1489 -130001
1490 -130002
1491 -130004
1492 -130005
1493 -130006
1494 -130007
1495 -130009
1496 -130010
1497 -130011
1498 -130012
1499 -130014
1500 -130015
1501 -130016
1502 -130017
1503 -130018
1504 -130020
1505 -130021
1506 -130022
1507 -130023
1508 -130024
1509 -130025
1510 -130027
1511 -130028
1512 -130029
1513 -130030
1514 -130031
1515 -130032
1516 -130033
1517 -130035
1518 -130036
1519 -130037
1520 -130038
1521 -130039
1522 -130040
1523 -130041
1524 -130042
1525 -130044
1526 -130045
1527 -130046
1528 -130047
1529 -130048
1530 -130049
1531 -130050
1532 -130051
1533 -130052
1534 -130053
1535 -130054
1536 -130055
1537 -130056
1538 -130057
1539 -130059
1540 -130060
1541 -130061
1542 -130062
1543 -130063
1544 -130064
1545 -130065
1546 -130066
1547 -130067
1548 -130068
1549 -130069
1550 -130070
1551 -130071
1552 -130072
1553 -130073
1554 -130074
1555 -130075
1556 -130076
1557 -130077
1558 -130078
1559 -130079
1560 -130080
1561 -130081
1562 -130082
1563 -130083
1564 -130084
1565 -130084
1566 -130085
1567 -130086
1568 -130087
1569 -130088
1570 -130089
1571 -130090
1572 -130091
1573 -130092
1574 -130093
1575 -130094
1576 -130095
1577 -130096
1578 -130097
1579 -130097
1580 -130098
1581 -130099
1582 -130100
1583 -130101
1584 -130102
1585 -130103
1586 -130104
1587 -130105
1588 -130105
1589 -130106
1590 -130107
1591 -130108
1592 -130109
1593 -130110
1594 -130111
1595 -130111
1596 -130112
1597 -130113
1598 -130114
1599 -130115
1600 -130116
1601 -130117
1602 -130117
1603 -130118
1604 -130119
1605 -130120
1606 -130121
1607 -130121
1608 -130122
1609 -130123
1610 -130124
1611 -130125
1612 -130126
1613 -130126
1614 -130127
1615 -130128
1616 -130129
1617 -130130
1618 -130130
1619 -130131
1620 -130132
1621 -130133
1622 -130133
1623 -130134
1624 -130135
1625 -130136
1626 -130136
1627 -130137
1628 -130138
1629 -130139
1630 -130140
1631 -130140
1632 -130141
1633 -130142
1634 -130143
1635 -130143
1636 -130144
1637 -130145
1638 -130145
1639 -130146
1640 -130147
1641 -130148
1642 -130148
1643 -130149
1644 -130150
1645 -130151
1646 -130151
1647 -130152
1648 -130153
1649 -130153
1650 -130154
1651 -130155
1652 -130155
1653 -130156
1654 -130157
1655 -130158
1656 -130158
1657 -130159
1658 -130160
1659 -130160
1660 -130161
1661 -130162
1662 -130162
1663 -130163
1664 -130164
1665 -130164
1666 -130165
1667 -130166
1668 -130166
1669 -130167
1670 -130168
1671 -130168
1672 -130169
1673 -130169
1674 -130170
1675 -130171
1676 -130171
1677 -130172
1678 -130173
1679 -130173
1680 -130174
1681 -130175
1682 -130175
1683 -130176
1684 -130176
1685 -130177
1686 -130178
1687 -130178
1688 -130179
1689 -130180
1690 -130180
1691 -130181
1692 -130181
1693 -130182
1694 -130183
1695 -130183
1696 -130184
1697 -130184
1698 -130185
1699 -130186
1700 -130186
1701 -130187
1702 -130187
1703 -130188
1704 -130188
1705 -130189
1706 -130190
1707 -130190
1708 -130191
1709 -130191
1710 -130192
1711 -130192
1712 -130193
1713 -130194
1714 -130194
1715 -130195
1716 -130195
1717 -130196
1718 -130196
1719 -130197
1720 -130197
1721 -130198
1722 -130199
1723 -130199
1724 -130200
1725 -130200
1726 -130201
1727 -130201
1728 -130202
1729 -130202
1730 -130203
1731 -130203
1732 -130204
1733 -130204
1734 -130205
1735 -130205
1736 -130206
1737 -130206
1738 -130207
1739 -130207
1740 -130208
1741 -130209
1742 -130209
1743 -130210
1744 -130210
1745 -130211
1746 -130211
1747 -130212
1748 -130212
1749 -130213
1750 -130213
1751 -130213
1752 -130214
1753 -130214
1754 -130215
1755 -130215
1756 -130216
1757 -130216
1758 -130217
1759 -130217
1760 -130218
1761 -130218
1762 -130219
1763 -130219
1764 -130220
1765 -130220
1766 -130221
1767 -130221
1768 -130222
1769 -130222
1770 -130223
1771 -130223
1772 -130223
1773 -130224
1774 -130224
1775 -130225
1776 -130225
1777 -130226
1778 -130226
1779 -130227
1780 -130227
1781 -130227
1782 -130228
1783 -130228
1784 -130229
1785 -130229
1786 -130230
1787 -130230
1788 -130231
1789 -130231
1790 -130231
1791 -130232
1792 -130232
1793 -130233
1794 -130233
1795 -130234
1796 -130234
1797 -130234
1798 -130235
1799 -130235
1800 -130236
1801 -130236
1802 -130236
1803 -130237
1804 -130237
1805 -130238
1806 -130238
1807 -130238
1808 -130239
1809 -130239
1810 -130240
1811 -130240
1812 -130240
1813 -130241
1814 -130241
1815 -130242
1816 -130242
1817 -130242
1818 -130243
1819 -130243
1820 -130244
1821 -130244
1822 -130244
1823 -130245
1824 -130245
1825 -130246
1826 -130246
1827 -130246
1828 -130247
1829 -130247
1830 -130247
1831 -130248
1832 -130248
1833 -130249
1834 -130249
1835 -130249
1836 -130250
1837 -130250
1838 -130250
1839 -130251
1840 -130251
1841 -130251
1842 -130252
1843 -130252
1844 -130253
1845 -130253
1846 -130253
1847 -130254
1848 -130254
1849 -130254
1850 -130255
1851 -130255
1852 -130255
1853 -130256
1854 -130256
1855 -130256
1856 -130257
1857 -130257
1858 -130257
1859 -130258
1860 -130258
1861 -130258
1862 -130259
1863 -130259
1864 -130259
1865 -130260
1866 -130260
1867 -130260
1868 -130261
1869 -130261
1870 -130261
1871 -130262
1872 -130262
1873 -130262
1874 -130263
1875 -130263
1876 -130263
1877 -130264
1878 -130264
1879 -130264
1880 -130265
1881 -130265
1882 -130265
1883 -130266
1884 -130266
1885 -130266
1886 -130266
1887 -130267
1888 -130267
1889 -130267
1890 -130268
1891 -130268
1892 -130268
1893 -130269
1894 -130269
1895 -130269
1896 -130270
1897 -130270
1898 -130270
1899 -130270
1900 -130271
1901 -130271
1902 -130271
1903 -130272
1904 -130272
1905 -130272
1906 -130272
1907 -130273
1908 -130273
1909 -130273
1910 -130274
1911 -130274
1912 -130274
1913 -130274
1914 -130275
1915 -130275
1916 -130275
1917 -130276
1918 -130276
1919 -130276
1920 -130276
1921 -130277
1922 -130277
1923 -130277
1924 -130278
1925 -130278
1926 -130278
1927 -130278
1928 -130279
1929 -130279
1930 -130279
1931 -130279
1932 -130280
1933 -130280
1934 -130280
1935 -130280
1936 -130281
1937 -130281
1938 -130281
1939 -130281
1940 -130282
1941 -130282
1942 -130282
1943 -130283
1944 -130283
1945 -130283
1946 -130283
1947 -130284
1948 -130284
1949 -130284
1950 -130284
1951 -130285
1952 -130285
1953 -130285
1954 -130285
1955 -130286
1956 -130286
1957 -130286
1958 -130286
1959 -130287
1960 -130287
1961 -130287
1962 -130287
1963 -130287
1964 -130288
1965 -130288
1966 -130288
1967 -130288
1968 -130289
1969 -130289
1970 -130289
1971 -130289
1972 -130290
1973 -130290
1974 -130290
1975 -130290
1976 -130291
1977 -130291
1978 -130291
1979 -130291
1980 -130291
1981 -130292
1982 -130292
1983 -130292
1984 -130292
1985 -130293
1986 -130293
1987 -130293
1988 -130293
1989 -130293
1990 -130294
1991 -130294
1992 -130294
1993 -130294
1994 -130295
1995 -130295
1996 -130295
1997 -130295
1998 -130295
1999 -130296
2000 -130296
2001 -130296
2002 -130296
2003 -130296
2004 -130297
2005 -130297
2006 -130297
2007 -130297
2008 -130298
2009 -130298
2010 -130298
2011 -130298
2012 -130298
2013 -130299
2014 -130299
2015 -130299
2016 -130299
2017 -130299
2018 -130300
2019 -130300
2020 -130300
2021 -130300
2022 -130300
2023 -130301
2024 -130301
2025 -130301
2026 -130301
2027 -130301
2028 -130302
2029 -130302
2030 -130302
2031 -130302
2032 -130302
2033 -130302
2034 -130303
2035 -130303
2036 -130303
2037 -130303
2038 -130303
2039 -130304
2040 -130304
2041 -130304
2042 -130304
2043 -130304
2044 -130305
2045 -130305
2046 -130305
2047 -130305
2048 -130305
2049 -130305
2050 -130306
2051 -130306
2052 -130306
2053 -130306
2054 -130306
2055 -130307
2056 -130307
2057 -130307
2058 -130307
2059 -130307
2060 -130307
2061 -130308
2062 -130308
2063 -130308
2064 -130308
2065 -130308
2066 -130308
2067 -130309
2068 -130309
2069 -130309
2070 -130309
2071 -130309
2072 -130309
2073 -130310
2074 -130310
2075 -130310
2076 -130310
2077 -130310
2078 -130311
2079 -130311
2080 -130311
2081 -130311
2082 -130311
2083 -130311
2084 -130311
2085 -130312
2086 -130312
2087 -130312
2088 -130312
2089 -130312
2090 -130312
2091 -130313
2092 -130313
2093 -130313
2094 -130313
2095 -130313
2096 -130313
2097 -130314
2098 -130314
2099 -130314
2100 -130314
2101 -130314
2102 -130314
2103 -130314
2104 -130315
2105 -130315
2106 -130315
2107 -130315
2108 -130315
2109 -130315
2110 -130316
2111 -130316
2112 -130316
2113 -130316
2114 -130316
2115 -130316
2116 -130316
2117 -130317
2118 -130317
2119 -130317
2120 -130317
2121 -130317
2122 -130317
2123 -130317
2124 -130318
2125 -130318
2126 -130318
2127 -130318
2128 -130318
2129 -130318
2130 -130318
2131 -130319
2132 -130319
2133 -130319
2134 -130319
2135 -130319
2136 -130319
2137 -130319
2138 -130320
2139 -130320
2140 -130320
2141 -130320
2142 -130320
2143 -130320
2144 -130320
2145 -130321
2146 -130321
2147 -130321
2148 -130321
2149 -130321
2150 -130321
2151 -130321
2152 -130321
2153 -130322
2154 -130322
2155 -130322
2156 -130322
2157 -130322
2158 -130322
2159 -130322
2160 -130322
2161 -130323
2162 -130323
2163 -130323
2164 -130323
2165 -130323
2166 -130323
2167 -130323
2168 -130324
2169 -130324
2170 -130324
2171 -130324
2172 -130324
2173 -130324
2174 -130324
2175 -130324
2176 -130324
2177 -130325
2178 -130325
2179 -130325
2180 -130325
2181 -130325
2182 -130325
2183 -130325
2184 -130325
2185 -130326
2186 -130326
2187 -130326
2188 -130326
2189 -130326
2190 -130326
2191 -130326
2192 -130326
2193 -130327
2194 -130327
2195 -130327
2196 -130327
2197 -130327
2198 -130327
2199 -130327
2200 -130327
2201 -130327
2202 -130328
2203 -130328
2204 -130328
2205 -130328
2206 -130328
2207 -130328
2208 -130328
2209 -130328
2210 -130328
2211 -130329
2212 -130329
2213 -130329
2214 -130329
2215 -130329
2216 -130329
2217 -130329
2218 -130329
2219 -130329
2220 -130330
2221 -130330
2222 -130330
2223 -130330
2224 -130330
2225 -130330
2226 -130330
2227 -130330
2228 -130330
2229 -130330
2230 -130331
2231 -130331
2232 -130331
2233 -130331
2234 -130331
2235 -130331
2236 -130331
2237 -130331
2238 -130331
2239 -130332
2240 -130332
2241 -130332
2242 -130332
2243 -130332
2244 -130332
2245 -130332
2246 -130332
2247 -130332
2248 -130332
2249 -130333
2250 -130333
2251 -130333
2252 -130333
2253 -130333
2254 -130333
2255 -130333
2256 -130333
2257 -130333
2258 -130333
2259 -130333
2260 -130334
2261 -130334
2262 -130334
2263 -130334
2264 -130334
2265 -130334
2266 -130334
2267 -130334
2268 -130334
2269 -130334
2270 -130335
2271 -130335
2272 -130335
2273 -130335
2274 -130335
2275 -130335
2276 -130335
2277 -130335
2278 -130335
2279 -130335
2280 -130335
2281 -130335
2282 -130336
2283 -130336
2284 -130336
2285 -130336
2286 -130336
2287 -130336
2288 -130336
2289 -130336
2290 -130336
2291 -130336
2292 -130336
2293 -130337
2294 -130337
2295 -130337
2296 -130337
2297 -130337
2298 -130337
2299 -130337
2300 -130337
2301 -130337
2302 -130337
2303 -130337
2304 -130337
2305 -130338
2306 -130338
2307 -130338
2308 -130338
2309 -130338
2310 -130338
2311 -130338
2312 -130338
2313 -130338
2314 -130338
2315 -130338
2316 -130338
2317 -130339
2318 -130339
2319 -130339
2320 -130339
2321 -130339
2322 -130339
2323 -130339
2324 -130339
2325 -130339
2326 -130339
2327 -130339
2328 -130339
2329 -130339
2330 -130340
2331 -130340
2332 -130340
2333 -130340
2334 -130340
2335 -130340
2336 -130340
2337 -130340
2338 -130340
2339 -130340
2340 -130340
2341 -130340
2342 -130340
2343 -130341
2344 -130341
2345 -130341
2346 -130341
2347 -130341
2348 -130341
2349 -130341
2350 -130341
2351 -130341
2352 -130341
2353 -130341
2354 -130341
2355 -130341
2356 -130342
2357 -130342
2358 -130342
2359 -130342
2360 -130342
2361 -130342
2362 -130342
2363 -130342
2364 -130342
2365 -130342
2366 -130342
2367 -130342
2368 -130342
2369 -130342
2370 -130343
2371 -130343
2372 -130343
2373 -130343
2374 -130343
2375 -130343
2376 -130343
2377 -130343
2378 -130343
2379 -130343
2380 -130343
2381 -130343
2382 -130343
2383 -130343
2384 -130343
2385 -130344
2386 -130344
2387 -130344
2388 -130344
2389 -130344
2390 -130344
2391 -130344
2392 -130344
2393 -130344
2394 -130344
2395 -130344
2396 -130344
2397 -130344
2398 -130344
2399 -130344
2400 -130344
2401 -130345
2402 -130345
2403 -130345
2404 -130345
2405 -130345
2406 -130345
2407 -130345
2408 -130345
2409 -130345
2410 -130345
2411 -130345
2412 -130345
2413 -130345
2414 -130345
2415 -130345
2416 -130345
2417 -130346
2418 -130346
2419 -130346
2420 -130346
2421 -130346
2422 -130346
2423 -130346
2424 -130346
2425 -130346
2426 -130346
2427 -130346
2428 -130346
2429 -130346
2430 -130346
2431 -130346
2432 -130346
2433 -130346
2434 -130347
2435 -130347
2436 -130347
2437 -130347
2438 -130347
2439 -130347
2440 -130347
2441 -130347
2442 -130347
2443 -130347
2444 -130347
2445 -130347
2446 -130347
2447 -130347
2448 -130347
2449 -130347
2450 -130347
2451 -130348
2452 -130348
2453 -130348
2454 -130348
2455 -130348
2456 -130348
2457 -130348
2458 -130348
2459 -130348
2460 -130348
2461 -130348
2462 -130348
2463 -130348
2464 -130348
2465 -130348
2466 -130348
2467 -130348
2468 -130348
2469 -130348
2470 -130349
2471 -130349
2472 -130349
2473 -130349
2474 -130349
2475 -130349
2476 -130349
2477 -130349
2478 -130349
2479 -130349
2480 -130349
2481 -130349
2482 -130349
2483 -130349
2484 -130349
2485 -130349
2486 -130349
2487 -130349
2488 -130349
2489 -130349
2490 -130350
2491 -130350
2492 -130350
2493 -130350
2494 -130350
2495 -130350
2496 -130350
2497 -130350
2498 -130350
2499 -130350
2500 -130350
2501 -130350
2502 -130350
2503 -130350
2504 -130350
2505 -130350
2506 -130350
2507 -130350
2508 -130350
2509 -130350
2510 -130350
2511 -130351
2512 -130351
2513 -130351
2514 -130351
2515 -130351
2516 -130351
2517 -130351
2518 -130351
2519 -130351
2520 -130351
2521 -130351
2522 -130351
2523 -130351
2524 -130351
2525 -130351
2526 -130351
2527 -130351
2528 -130351
2529 -130351
2530 -130351
2531 -130351
2532 -130351
2533 -130352
2534 -130352
2535 -130352
2536 -130352
2537 -130352
2538 -130352
2539 -130352
2540 -130352
2541 -130352
2542 -130352
2543 -130352
2544 -130352
2545 -130352
2546 -130352
2547 -130352
2548 -130352
2549 -130352
2550 -130352
2551 -130352
2552 -130352
2553 -130352
2554 -130352
2555 -130352
2556 -130353
2557 -130353
2558 -130353
2559 -130353
2560 -130353
2561 -130353
2562 -130353
2563 -130353
2564 -130353
2565 -130353
2566 -130353
2567 -130353
2568 -130353
2569 -130353
2570 -130353
2571 -130353
2572 -130353
2573 -130353
2574 -130353
2575 -130353
2576 -130353
2577 -130353
2578 -130353
2579 -130353
2580 -130353
2581 -130354
2582 -130354
2583 -130354
2584 -130354
2585 -130354
2586 -130354
2587 -130354
2588 -130354
2589 -130354
2590 -130354
2591 -130354
2592 -130354
2593 -130354
2594 -130354
2595 -130354
2596 -130354
2597 -130354
2598 -130354
2599 -130354
2600 -130354
2601 -130354
2602 -130354
2603 -130354
2604 -130354
2605 -130354
2606 -130354
2607 -130354
2608 -130355
2609 -130355
2610 -130355
2611 -130355
2612 -130355
2613 -130355
2614 -130355
2615 -130355
2616 -130355
2617 -130355
2618 -130355
2619 -130355
2620 -130355
2621 -130355
2622 -130355
2623 -130355
2624 -130355
2625 -130355
2626 -130355
2627 -130355
2628 -130355
2629 -130355
2630 -130355
2631 -130355
2632 -130355
2633 -130355
2634 -130355
2635 -130355
2636 -130356
2637 -130356
2638 -130356
2639 -130356
2640 -130356
2641 -130356
2642 -130356
2643 -130356
2644 -130356
2645 -130356
2646 -130356
2647 -130356
2648 -130356
2649 -130356
2650 -130356
2651 -130356
2652 -130356
2653 -130356
2654 -130356
2655 -130356
2656 -130356
2657 -130356
2658 -130356
2659 -130356
2660 -130356
2661 -130356
2662 -130356
2663 -130356
2664 -130356
2665 -130356
2666 -130356
2667 -130356
2668 -130357
2669 -130357
2670 -130357
2671 -130357
2672 -130357
2673 -130357
2674 -130357
2675 -130357
2676 -130357
2677 -130357
2678 -130357
2679 -130357
2680 -130357
2681 -130357
2682 -130357
2683 -130357
2684 -130357
2685 -130357
2686 -130357
2687 -130357
2688 -130357
2689 -130357
2690 -130357
2691 -130357
2692 -130357
2693 -130357
2694 -130357
2695 -130357
2696 -130357
2697 -130357
2698 -130357
2699 -130357
2700 -130357
2701 -130358
2702 -130358
2703 -130358
2704 -130358
2705 -130358
2706 -130358
2707 -130358
2708 -130358
2709 -130358
2710 -130358
2711 -130358
2712 -130358
2713 -130358
2714 -130358
2715 -130358
2716 -130358
2717 -130358
2718 -130358
2719 -130358
2720 -130358
2721 -130358
2722 -130358
2723 -130358
2724 -130358
2725 -130358
2726 -130358
2727 -130358
2728 -130358
2729 -130358
2730 -130358
2731 -130358
2732 -130358
2733 -130358
2734 -130358
2735 -130358
2736 -130358
2737 -130358
2738 -130359
2739 -130359
2740 -130359
2741 -130359
2742 -130359
2743 -130359
2744 -130359
2745 -130359
2746 -130359
2747 -130359
2748 -130359
2749 -130359
2750 -130359
2751 -130359
2752 -130359
2753 -130359
2754 -130359
2755 -130359
2756 -130359
2757 -130359
2758 -130359
2759 -130359
2760 -130359
2761 -130359
2762 -130359
2763 -130359
2764 -130359
2765 -130359
2766 -130359
2767 -130359
2768 -130359
2769 -130359
2770 -130359
2771 -130359
2772 -130359
2773 -130359
2774 -130359
2775 -130359
2776 -130359
2777 -130359
2778 -130359
2779 -130360
2780 -130360
2781 -130360
2782 -130360
2783 -130360
2784 -130360
2785 -130360
2786 -130360
2787 -130360
2788 -130360
2789 -130360
2790 -130360
2791 -130360
2792 -130360
2793 -130360
2794 -130360
2795 -130360
2796 -130360
2797 -130360
2798 -130360
2799 -130360
2800 -130360
2801 -130360
2802 -130360
2803 -130360
2804 -130360
2805 -130360
2806 -130360
2807 -130360
2808 -130360
2809 -130360
2810 -130360
2811 -130360
2812 -130360
2813 -130360
2814 -130360
2815 -130360
2816 -130360
2817 -130360
2818 -130360
2819 -130360
2820 -130360
2821 -130360
2822 -130360
2823 -130360
2824 -130360
2825 -130361
2826 -130361
2827 -130361
2828 -130361
2829 -130361
2830 -130361
2831 -130361
2832 -130361
2833 -130361
2834 -130361
2835 -130361
2836 -130361
2837 -130361
2838 -130361
2839 -130361
2840 -130361
2841 -130361
2842 -130361
2843 -130361
2844 -130361
2845 -130361
2846 -130361
2847 -130361
2848 -130361
2849 -130361
2850 -130361
2851 -130361
2852 -130361
2853 -130361
2854 -130361
2855 -130361
2856 -130361
2857 -130361
2858 -130361
2859 -130361
2860 -130361
2861 -130361
2862 -130361
2863 -130361
2864 -130361
2865 -130361
2866 -130361
2867 -130361
2868 -130361
2869 -130361
2870 -130361
2871 -130361
2872 -130361
2873 -130361
2874 -130361
2875 -130361
2876 -130362
2877 -130362
2878 -130362
2879 -130362
2880 -130362
2881 -130362
2882 -130362
2883 -130362
2884 -130362
2885 -130362
2886 -130362
2887 -130362
2888 -130362
2889 -130362
2890 -130362
2891 -130362
2892 -130362
2893 -130362
2894 -130362
2895 -130362
2896 -130362
2897 -130362
2898 -130362
2899 -130362
2900 -130362
2901 -130362
2902 -130362
2903 -130362
2904 -130362
2905 -130362
2906 -130362
2907 -130362
2908 -130362
2909 -130362
2910 -130362
2911 -130362
2912 -130362
2913 -130362
2914 -130362
2915 -130362
2916 -130362
2917 -130362
2918 -130362
2919 -130362
2920 -130362
2921 -130362
2922 -130362
2923 -130362
2924 -130362
2925 -130362
2926 -130362
2927 -130362
2928 -130362
2929 -130362
2930 -130362
2931 -130362
2932 -130362
2933 -130362
2934 -130363
2935 -130363
2936 -130363
2937 -130363
2938 -130363
2939 -130363
2940 -130363
2941 -130363
2942 -130363
2943 -130363
2944 -130363
2945 -130363
2946 -130363
2947 -130363
2948 -130363
2949 -130363
2950 -130363
2951 -130363
2952 -130363
2953 -130363
2954 -130363
2955 -130363
2956 -130363
2957 -130363
2958 -130363
2959 -130363
2960 -130363
2961 -130363
2962 -130363
2963 -130363
2964 -130363
2965 -130363
2966 -130363
2967 -130363
2968 -130363
2969 -130363
2970 -130363
2971 -130363
2972 -130363
2973 -130363
2974 -130363
2975 -130363
2976 -130363
2977 -130363
2978 -130363
2979 -130363
2980 -130363
2981 -130363
2982 -130363
2983 -130363
2984 -130363
2985 -130363
2986 -130363
2987 -130363
2988 -130363
2989 -130363
2990 -130363
2991 -130363
2992 -130363
2993 -130363
2994 -130363
2995 -130363
2996 -130363
2997 -130363
2998 -130363
2999 -130363
3000 -130363
3001 -130363
3002 -130364
3003 -130364
3004 -130364
3005 -130364
3006 -130364
3007 -130364
3008 -130364
3009 -130364
3010 -130364
3011 -130364
3012 -130364
3013 -130364
3014 -130364
3015 -130364
3016 -130364
3017 -130364
3018 -130364
3019 -130364
3020 -130364
3021 -130364
3022 -130364
3023 -130364
3024 -130364
3025 -130364
3026 -130364
3027 -130364
3028 -130364
3029 -130364
3030 -130364
3031 -130364
3032 -130364
3033 -130364
3034 -130364
3035 -130364
3036 -130364
3037 -130364
3038 -130364
3039 -130364
3040 -130364
3041 -130364
3042 -130364
3043 -130364
3044 -130364
3045 -130364
3046 -130364
3047 -130364
3048 -130364
3049 -130364
3050 -130364
3051 -130364
3052 -130364
3053 -130364
3054 -130364
3055 -130364
3056 -130364
3057 -130364
3058 -130364
3059 -130364
3060 -130364
3061 -130364
3062 -130364
3063 -130364
3064 -130364
3065 -130364
3066 -130364
3067 -130364
3068 -130364
3069 -130364
3070 -130364
3071 -130364
3072 -130364
3073 -130364
3074 -130364
3075 -130364
3076 -130364
3077 -130364
3078 -130364
3079 -130364
3080 -130364
3081 -130364
3082 -130364
3083 -130365
3084 -130365
3085 -130365
3086 -130365
3087 -130365
3088 -130365
3089 -130365
3090 -130365
3091 -130365
3092 -130365
3093 -130365
3094 -130365
3095 -130365
3096 -130365
3097 -130365
3098 -130365
3099 -130365
3100 -130365
3101 -130365
3102 -130365
3103 -130365
3104 -130365
3105 -130365
3106 -130365
3107 -130365
3108 -130365
3109 -130365
3110 -130365
3111 -130365
3112 -130365
3113 -130365
3114 -130365
3115 -130365
3116 -130365
3117 -130365
3118 -130365
3119 -130365
3120 -130365
3121 -130365
3122 -130365
3123 -130365
3124 -130365
3125 -130365
3126 -130365
3127 -130365
3128 -130365
3129 -130365
3130 -130365
3131 -130365
3132 -130365
3133 -130365
3134 -130365
3135 -130365
3136 -130365
3137 -130365
3138 -130365
3139 -130365
3140 -130365
3141 -130365
3142 -130365
3143 -130365
3144 -130365
3145 -130365
3146 -130365
3147 -130365
3148 -130365
3149 -130365
3150 -130365
3151 -130365
3152 -130365
3153 -130365
3154 -130365
3155 -130365
3156 -130365
3157 -130365
3158 -130365
3159 -130365
3160 -130365
3161 -130365
3162 -130365
3163 -130365
3164 -130365
3165 -130365
3166 -130365
3167 -130365
3168 -130365
3169 -130365
3170 -130365
3171 -130365
3172 -130365
3173 -130365
3174 -130365
3175 -130365
3176 -130365
3177 -130365
3178 -130365
3179 -130365
3180 -130365
3181 -130365
3182 -130365
3183 -130366
3184 -130366
3185 -130366
3186 -130366
3187 -130366
3188 -130366
3189 -130366
3190 -130366
3191 -130366
3192 -130366
3193 -130366
3194 -130366
3195 -130366
3196 -130366
3197 -130366
3198 -130366
3199 -130366
3200 -130366
3201 -130366
3202 -130366
3203 -130366
3204 -130366
3205 -130366
3206 -130366
3207 -130366
3208 -130366
3209 -130366
3210 -130366
3211 -130366
3212 -130366
3213 -130366
3214 -130366
3215 -130366
3216 -130366
3217 -130366
3218 -130366
3219 -130366
3220 -130366
3221 -130366
3222 -130366
3223 -130366
3224 -130366
3225 -130366
3226 -130366
3227 -130366
3228 -130366
3229 -130366
3230 -130366
3231 -130366
3232 -130366
3233 -130366
3234 -130366
3235 -130366
3236 -130366
3237 -130366
3238 -130366
3239 -130366
3240 -130366
3241 -130366
3242 -130366
3243 -130366
3244 -130366
3245 -130366
3246 -130366
3247 -130366
3248 -130366
3249 -130366
3250 -130366
3251 -130366
3252 -130366
3253 -130366
3254 -130366
3255 -130366
3256 -130366
3257 -130366
3258 -130366
3259 -130366
3260 -130366
3261 -130366
3262 -130366
3263 -130366
3264 -130366
3265 -130366
3266 -130366
3267 -130366
3268 -130366
3269 -130366
3270 -130366
3271 -130366
3272 -130366
3273 -130366
3274 -130366
3275 -130366
3276 -130366
3277 -130366
3278 -130366
3279 -130366
3280 -130366
3281 -130366
3282 -130366
3283 -130366
3284 -130366
3285 -130366
3286 -130366
3287 -130366
3288 -130366
3289 -130366
3290 -130366
3291 -130366
3292 -130366
3293 -130366
3294 -130366
3295 -130366
3296 -130366
3297 -130366
3298 -130366
3299 -130366
3300 -130366
3301 -130366
3302 -130366
3303 -130366
3304 -130366
3305 -130366
3306 -130366
3307 -130366
3308 -130366
3309 -130366
3310 -130366
3311 -130367
3312 -130367
3313 -130367
3314 -130367
3315 -130367
3316 -130367
3317 -130367
3318 -130367
3319 -130367
3320 -130367
3321 -130367
3322 -130367
3323 -130367
3324 -130367
3325 -130367
3326 -130367
3327 -130367
3328 -130367
3329 -130367
3330 -130367
3331 -130367
3332 -130367
3333 -130367
3334 -130367
3335 -130367
3336 -130367
3337 -130367
3338 -130367
3339 -130367
3340 -130367
3341 -130367
3342 -130367
3343 -130367
3344 -130367
3345 -130367
3346 -130367
3347 -130367
3348 -130367
3349 -130367
3350 -130367
3351 -130367
3352 -130367
3353 -130367
3354 -130367
3355 -130367
3356 -130367
3357 -130367
3358 -130367
3359 -130367
3360 -130367
3361 -130367
3362 -130367
3363 -130367
3364 -130367
3365 -130367
3366 -130367
3367 -130367
3368 -130367
3369 -130367
3370 -130367
3371 -130367
3372 -130367
3373 -130367
3374 -130367
3375 -130367
3376 -130367
3377 -130367
3378 -130367
3379 -130367
3380 -130367
3381 -130367
3382 -130367
3383 -130367
3384 -130367
3385 -130367
3386 -130367
3387 -130367
3388 -130367
3389 -130367
3390 -130367
3391 -130367
3392 -130367
3393 -130367
3394 -130367
3395 -130367
3396 -130367
3397 -130367
3398 -130367
3399 -130367
3400 -130367
3401 -130367
3402 -130367
3403 -130367
3404 -130367
3405 -130367
3406 -130367
3407 -130367
3408 -130367
3409 -130367
3410 -130367
3411 -130367
3412 -130367
3413 -130367
3414 -130367
3415 -130367
3416 -130367
3417 -130367
3418 -130367
3419 -130367
3420 -130367
3421 -130367
3422 -130367
3423 -130367
3424 -130367
3425 -130367
3426 -130367
3427 -130367
3428 -130367
3429 -130367
3430 -130367
3431 -130367
3432 -130367
3433 -130367
3434 -130367
3435 -130367
3436 -130367
3437 -130367
3438 -130367
3439 -130367
3440 -130367
3441 -130367
3442 -130367
3443 -130367
3444 -130367
3445 -130367
3446 -130367
3447 -130367
3448 -130367
3449 -130367
3450 -130367
3451 -130367
3452 -130367
3453 -130367
3454 -130367
3455 -130367
3456 -130367
3457 -130367
3458 -130367
3459 -130367
3460 -130367
3461 -130367
3462 -130367
3463 -130367
3464 -130367
3465 -130367
3466 -130367
3467 -130367
3468 -130367
3469 -130367
3470 -130367
3471 -130367
3472 -130367
3473 -130367
3474 -130367
3475 -130367
3476 -130367
3477 -130367
3478 -130367
3479 -130367
3480 -130367
3481 -130367
3482 -130367
3483 -130367
3484 -130367
3485 -130367
3486 -130367
3487 -130367
3488 -130367
3489 -130367
3490 -130367
3491 -130367
3492 -130367
3493 -130368
3494 -130368
3495 -130368
3496 -130368
3497 -130368
3498 -130368
3499 -130368
3500 -130368
3501 -130368
3502 -130368
3503 -130368
3504 -130368
3505 -130368
3506 -130368
3507 -130368
3508 -130368
3509 -130368
3510 -130368
3511 -130368
3512 -130368
3513 -130368
3514 -130368
3515 -130368
3516 -130368
3517 -130368
3518 -130368
3519 -130368
3520 -130368
3521 -130368
3522 -130368
3523 -130368
3524 -130368
3525 -130368
3526 -130368
3527 -130368
3528 -130368
3529 -130368
3530 -130368
3531 -130368
3532 -130368
3533 -130368
3534 -130368
3535 -130368
3536 -130368
3537 -130368
3538 -130368
3539 -130368
3540 -130368
3541 -130368
3542 -130368
3543 -130368
3544 -130368
3545 -130368
3546 -130368
3547 -130368
3548 -130368
3549 -130368
3550 -130368
3551 -130368
3552 -130368
3553 -130368
3554 -130368
3555 -130368
3556 -130368
3557 -130368
3558 -130368
3559 -130368
3560 -130368
3561 -130368
3562 -130368
3563 -130368
3564 -130368
3565 -130368
3566 -130368
3567 -130368
3568 -130368
3569 -130368
3570 -130368
3571 -130368
3572 -130368
3573 -130368
3574 -130368
3575 -130368
3576 -130368
3577 -130368
3578 -130368
3579 -130368
3580 -130368
3581 -130368
3582 -130368
3583 -130368
3584 -130368
3585 -130368
3586 -130368
3587 -130368
3588 -130368
3589 -130368
3590 -130368
3591 -130368
3592 -130368
3593 -130368
3594 -130368
3595 -130368
3596 -130368
3597 -130368
3598 -130368
3599 -130368
3600 -130368
3601 -130368
3602 -130368
3603 -130368
3604 -130368
3605 -130368
3606 -130368
3607 -130368
3608 -130368
3609 -130368
3610 -130368
3611 -130368
3612 -130368
3613 -130368
3614 -130368
3615 -130368
3616 -130368
3617 -130368
3618 -130368
3619 -130368
3620 -130368
3621 -130368
3622 -130368
3623 -130368
3624 -130368
3625 -130368
3626 -130368
3627 -130368
3628 -130368
3629 -130368
3630 -130368
3631 -130368
3632 -130368
3633 -130368
3634 -130368
3635 -130368
3636 -130368
3637 -130368
3638 -130368
3639 -130368
3640 -130368
3641 -130368
3642 -130368
3643 -130368
3644 -130368
3645 -130368
3646 -130368
3647 -130368
3648 -130368
3649 -130368
3650 -130368
3651 -130368
3652 -130368
3653 -130368
3654 -130368
3655 -130368
3656 -130368
3657 -130368
3658 -130368
3659 -130368
3660 -130368
3661 -130368
3662 -130368
3663 -130368
3664 -130368
3665 -130368
3666 -130368
3667 -130368
3668 -130368
3669 -130368
3670 -130368
3671 -130368
3672 -130368
3673 -130368
3674 -130368
3675 -130368
3676 -130368
3677 -130368
3678 -130368
3679 -130368
3680 -130368
3681 -130368
3682 -130368
3683 -130368
3684 -130368
3685 -130368
3686 -130368
3687 -130368
3688 -130368
3689 -130368
3690 -130368
3691 -130368
3692 -130368
3693 -130368
3694 -130368
3695 -130368
3696 -130368
3697 -130368
3698 -130368
3699 -130368
3700 -130368
3701 -130368
3702 -130368
3703 -130368
3704 -130368
3705 -130368
3706 -130368
3707 -130368
3708 -130368
3709 -130368
3710 -130368
3711 -130368
3712 -130368
3713 -130368
3714 -130368
3715 -130368
3716 -130368
3717 -130368
3718 -130368
3719 -130368
3720 -130368
3721 -130368
3722 -130368
3723 -130368
3724 -130368
3725 -130368
3726 -130368
3727 -130368
3728 -130368
3729 -130368
3730 -130368
3731 -130368
3732 -130368
3733 -130368
3734 -130368
3735 -130368
3736 -130368
3737 -130368
3738 -130368
3739 -130368
3740 -130368
3741 -130368
3742 -130368
3743 -130368
3744 -130368
3745 -130368
3746 -130368
3747 -130368
3748 -130368
3749 -130368
3750 -130368
3751 -130368
3752 -130368
3753 -130368
3754 -130368
3755 -130368
3756 -130368
3757 -130368
3758 -130368
3759 -130368
3760 -130368
3761 -130368
3762 -130368
3763 -130368
3764 -130368
3765 -130368
3766 -130368
3767 -130368
3768 -130368
3769 -130368
3770 -130368
3771 -130368
3772 -130368
3773 -130368
3774 -130368
3775 -130368
3776 -130368
3777 -130368
3778 -130368
3779 -130368
3780 -130368
3781 -130368
3782 -130368
3783 -130368
3784 -130368
3785 -130368
3786 -130368
3787 -130368
3788 -130368
3789 -130368
3790 -130368
3791 -130368
3792 -130368
3793 -130368
3794 -130368
3795 -130368
3796 -130368
3797 -130369
3798 -130369
3799 -130369
3800 -130369
3801 -130369
3802 -130369
3803 -130369
3804 -130369
3805 -130369
3806 -130369
3807 -130369
3808 -130369
3809 -130369
3810 -130369
3811 -130369
3812 -130369
3813 -130369
3814 -130369
3815 -130369
3816 -130369
3817 -130369
3818 -130369
3819 -130369
3820 -130369
3821 -130369
3822 -130369
3823 -130369
3824 -130369
3825 -130369
3826 -130369
3827 -130369
3828 -130369
3829 -130369
3830 -130369
3831 -130369
3832 -130369
3833 -130369
3834 -130369
3835 -130369
3836 -130369
3837 -130369
3838 -130369
3839 -130369
3840 -130369
3841 -130369
3842 -130369
3843 -130369
3844 -130369
3845 -130369
3846 -130369
3847 -130369
3848 -130369
3849 -130369
3850 -130369
3851 -130369
3852 -130369
3853 -130369
3854 -130369
3855 -130369
3856 -130369
3857 -130369
3858 -130369
3859 -130369
3860 -130369
3861 -130369
3862 -130369
3863 -130369
3864 -130369
3865 -130369
3866 -130369
3867 -130369
3868 -130369
3869 -130369
3870 -130369
3871 -130369
3872 -130369
3873 -130369
3874 -130369
3875 -130369
3876 -130369
3877 -130369
3878 -130369
3879 -130369
3880 -130369
3881 -130369
3882 -130369
3883 -130369
3884 -130369
3885 -130369
3886 -130369
3887 -130369
3888 -130369
3889 -130369
3890 -130369
3891 -130369
3892 -130369
3893 -130369
3894 -130369
3895 -130369
3896 -130369
3897 -130369
3898 -130369
3899 -130369
3900 -130369
3901 -130369
3902 -130369
3903 -130369
3904 -130369
3905 -130369
3906 -130369
3907 -130369
3908 -130369
3909 -130369
3910 -130369
3911 -130369
3912 -130369
3913 -130369
3914 -130369
3915 -130369
3916 -130369
3917 -130369
3918 -130369
3919 -130369
3920 -130369
3921 -130369
3922 -130369
3923 -130369
3924 -130369
3925 -130369
3926 -130369
3927 -130369
3928 -130369
3929 -130369
3930 -130369
3931 -130369
3932 -130369
3933 -130369
3934 -130369
3935 -130369
3936 -130369
3937 -130369
3938 -130369
3939 -130369
3940 -130369
3941 -130369
3942 -130369
3943 -130369
3944 -130369
3945 -130369
3946 -130369
3947 -130369
3948 -130369
3949 -130369
3950 -130369
3951 -130369
3952 -130369
3953 -130369
3954 -130369
3955 -130369
3956 -130369
3957 -130369
3958 -130369
3959 -130369
3960 -130369
3961 -130369
3962 -130369
3963 -130369
3964 -130369
3965 -130369
3966 -130369
3967 -130369
3968 -130369
3969 -130369
3970 -130369
3971 -130369
3972 -130369
3973 -130369
3974 -130369
3975 -130369
3976 -130369
3977 -130369
3978 -130369
3979 -130369
3980 -130369
3981 -130369
3982 -130369
3983 -130369
3984 -130369
3985 -130369
3986 -130369
3987 -130369
3988 -130369
3989 -130369
3990 -130369
3991 -130369
3992 -130369
3993 -130369
3994 -130369
3995 -130369
3996 -130369
3997 -130369
3998 -130369
3999 -130369
4000 -130369
4001 -130369
4002 -130369
4003 -130369
4004 -130369
4005 -130369
4006 -130369
4007 -130369
4008 -130369
4009 -130369
4010 -130369
4011 -130369
4012 -130369
4013 -130369
4014 -130369
4015 -130369
4016 -130369
4017 -130369
4018 -130369
4019 -130369
4020 -130369
4021 -130369
4022 -130369
4023 -130369
4024 -130369
4025 -130369
4026 -130369
4027 -130369
4028 -130369
4029 -130369
4030 -130369
4031 -130369
4032 -130369
4033 -130369
4034 -130369
4035 -130369
4036 -130369
4037 -130369
4038 -130369
4039 -130369
4040 -130369
4041 -130369
4042 -130369
4043 -130369
4044 -130369
4045 -130369
4046 -130369
4047 -130369
4048 -130369
4049 -130369
4050 -130369
4051 -130369
4052 -130369
4053 -130369
4054 -130369
4055 -130369
4056 -130369
4057 -130369
4058 -130369
4059 -130369
4060 -130369
4061 -130369
4062 -130369
4063 -130369
4064 -130369
4065 -130369
4066 -130369
4067 -130369
4068 -130369
4069 -130369
4070 -130369
4071 -130369
4072 -130369
4073 -130369
4074 -130369
4075 -130369
4076 -130369
4077 -130369
4078 -130369
4079 -130369
4080 -130369
4081 -130369
4082 -130369
4083 -130369
4084 -130369
4085 -130369
4086 -130369
4087 -130369
4088 -130369
4089 -130369
4090 -130369
4091 -130369
4092 -130369
4093 -130369
4094 -130369
4095 -130369
4096 -130369
4097 -130369
4098 -130369
4099 -130369
4100 -130369
4101 -130369
4102 -130369
4103 -130369
4104 -130369
4105 -130369
4106 -130369
4107 -130369
4108 -130369
4109 -130369
4110 -130369
4111 -130369
4112 -130369
4113 -130369
4114 -130369
4115 -130369
4116 -130369
4117 -130369
4118 -130369
4119 -130369
4120 -130369
4121 -130369
4122 -130369
4123 -130369
4124 -130369
4125 -130369
4126 -130369
4127 -130369
4128 -130369
4129 -130369
4130 -130369
4131 -130369
4132 -130369
4133 -130369
4134 -130369
4135 -130369
4136 -130369
4137 -130369
4138 -130369
4139 -130369
4140 -130369
4141 -130369
4142 -130369
4143 -130369
4144 -130369
4145 -130369
4146 -130369
4147 -130369
4148 -130369
4149 -130369
4150 -130369
4151 -130369
4152 -130369
4153 -130369
4154 -130369
4155 -130369
4156 -130369
4157 -130369
4158 -130369
4159 -130369
4160 -130369
4161 -130369
4162 -130369
4163 -130369
4164 -130369
4165 -130369
4166 -130369
4167 -130369
4168 -130369
4169 -130369
4170 -130369
4171 -130369
4172 -130369
4173 -130369
4174 -130369
4175 -130369
4176 -130369
4177 -130369
4178 -130369
4179 -130369
4180 -130369
4181 -130369
4182 -130369
4183 -130369
4184 -130369
4185 -130369
4186 -130369
4187 -130369
4188 -130369
4189 -130369
4190 -130369
4191 -130369
4192 -130369
4193 -130369
4194 -130369
4195 -130369
4196 -130369
4197 -130369
4198 -130369
4199 -130369
4200 -130369
4201 -130369
4202 -130369
4203 -130369
4204 -130369
4205 -130369
4206 -130369
4207 -130369
4208 -130369
4209 -130369
4210 -130369
4211 -130369
4212 -130369
4213 -130369
4214 -130369
4215 -130369
4216 -130369
4217 -130369
4218 -130369
4219 -130369
4220 -130369
4221 -130369
4222 -130369
4223 -130369
4224 -130369
4225 -130369
4226 -130369
4227 -130369
4228 -130369
4229 -130369
4230 -130369
4231 -130369
4232 -130369
4233 -130369
4234 -130369
4235 -130369
4236 -130369
4237 -130369
4238 -130369
4239 -130369
4240 -130369
4241 -130369
4242 -130369
4243 -130369
4244 -130369
4245 -130369
4246 -130369
4247 -130369
4248 -130369
4249 -130369
4250 -130369
4251 -130369
4252 -130369
4253 -130369
4254 -130369
4255 -130369
4256 -130369
4257 -130369
4258 -130369
4259 -130369
4260 -130369
4261 -130369
4262 -130369
4263 -130369
4264 -130369
4265 -130369
4266 -130369
4267 -130369
4268 -130369
4269 -130369
4270 -130369
4271 -130369
4272 -130369
4273 -130369
4274 -130369
4275 -130369
4276 -130369
4277 -130369
4278 -130369
4279 -130369
4280 -130369
4281 -130369
4282 -130369
4283 -130369
4284 -130369
4285 -130369
4286 -130369
4287 -130369
4288 -130369
4289 -130369
4290 -130369
4291 -130369
4292 -130369
4293 -130369
4294 -130369
4295 -130369
4296 -130369
4297 -130369
4298 -130369
4299 -130369
4300 -130369
4301 -130369
4302 -130369
4303 -130369
4304 -130369
4305 -130369
4306 -130369
4307 -130369
4308 -130369
4309 -130369
4310 -130369
4311 -130369
4312 -130369
4313 -130369
4314 -130369
4315 -130369
4316 -130369
4317 -130369
4318 -130369
4319 -130369
4320 -130369
4321 -130369
4322 -130369
4323 -130369
4324 -130369
4325 -130369
4326 -130369
4327 -130369
4328 -130369
4329 -130369
4330 -130369
4331 -130369
4332 -130369
4333 -130369
4334 -130369
4335 -130369
4336 -130369
4337 -130369
4338 -130369
4339 -130369
4340 -130369
4341 -130369
4342 -130369
4343 -130369
4344 -130369
4345 -130369
4346 -130369
4347 -130369
4348 -130369
4349 -130369
4350 -130369
4351 -130369
4352 -130369
4353 -130369
4354 -130369
4355 -130369
4356 -130369
4357 -130369
4358 -130369
4359 -130369
4360 -130369
4361 -130369
4362 -130369
4363 -130369
4364 -130369
4365 -130369
4366 -130369
4367 -130369
4368 -130369
4369 -130369
4370 -130369
4371 -130369
4372 -130369
4373 -130369
4374 -130369
4375 -130369
4376 -130369
4377 -130369
4378 -130369
4379 -130369
4380 -130369
4381 -130369
4382 -130369
4383 -130369
4384 -130369
4385 -130369
4386 -130369
4387 -130369
4388 -130369
4389 -130369
4390 -130369
4391 -130369
4392 -130369
4393 -130369
4394 -130369
4395 -130369
4396 -130369
4397 -130369
4398 -130369
4399 -130369
4400 -130369
4401 -130369
4402 -130369
4403 -130369
4404 -130369
4405 -130369
4406 -130369
4407 -130369
4408 -130369
4409 -130369
4410 -130369
4411 -130369
4412 -130369
4413 -130369
4414 -130369
4415 -130369
4416 -130369
4417 -130369
4418 -130369
4419 -130369
4420 -130369
4421 -130369
4422 -130369
4423 -130369
4424 -130369
4425 -130369
4426 -130369
4427 -130369
4428 -130369
4429 -130369
4430 -130369
4431 -130369
4432 -130369
4433 -130369
4434 -130369
4435 -130369
4436 -130369
4437 -130369
4438 -130369
4439 -130369
4440 -130369
4441 -130369
4442 -130369
4443 -130369
4444 -130369
4445 -130369
4446 -130369
4447 -130369
4448 -130369
4449 -130369
4450 -130369
4451 -130369
4452 -130369
4453 -130369
4454 -130369
4455 -130369
4456 -130369
4457 -130369
4458 -130369
4459 -130369
4460 -130369
4461 -130369
4462 -130369
4463 -130369
4464 -130369
4465 -130369
4466 -130369
4467 -130369
4468 -130369
4469 -130369
4470 -130369
4471 -130369
4472 -130369
4473 -130369
4474 -130369
4475 -130369
4476 -130369
4477 -130369
4478 -130369
4479 -130369
4480 -130369
4481 -130369
4482 -130369
4483 -130369
4484 -130369
4485 -130369
4486 -130369
4487 -130369
4488 -130369
4489 -130369
4490 -130369
4491 -130369
4492 -130369
4493 -130369
4494 -130369
4495 -130369
4496 -130369
4497 -130369
4498 -130369
4499 -130369
4500 -130369
4501 -130369
4502 -130369
4503 -130369
4504 -130369
4505 -130369
4506 -130369
4507 -130369
4508 -130369
4509 -130369
4510 -130369
4511 -130369
4512 -130369
4513 -130369
4514 -130369
4515 -130369
4516 -130369
4517 -130369
4518 -130369
4519 -130369
4520 -130369
4521 -130369
4522 -130369
4523 -130369
4524 -130369
4525 -130369
4526 -130369
4527 -130369
4528 -130369
4529 -130369
4530 -130369
4531 -130369
4532 -130369
4533 -130369
4534 -130369
4535 -130369
4536 -130369
4537 -130369
4538 -130369
4539 -130369
4540 -130369
4541 -130369
4542 -130369
4543 -130369
4544 -130369
4545 -130369
4546 -130369
4547 -130369
4548 -130369
4549 -130369
4550 -130369
4551 -130369
4552 -130369
4553 -130369
4554 -130369
4555 -130369
4556 -130369
4557 -130369
4558 -130369
4559 -130369
4560 -130369
4561 -130369
4562 -130369
4563 -130369
4564 -130369
4565 -130369
4566 -130369
4567 -130369
4568 -130369
4569 -130369
4570 -130369
4571 -130369
4572 -130369
4573 -130369
4574 -130369
4575 -130369
4576 -130369
4577 -130369
4578 -130369
4579 -130369
4580 -130369
4581 -130369
4582 -130369
4583 -130369
4584 -130369
4585 -130369
4586 -130369
4587 -130369
4588 -130369
4589 -130369
4590 -130369
4591 -130369
4592 -130369
4593 -130369
4594 -130369
4595 -130369
4596 -130369
4597 -130369
4598 -130369
4599 -130369
4600 -130369
4601 -130369
4602 -130369
4603 -130369
4604 -130369
4605 -130369
4606 -130369
4607 -130369
4608 -130369
4609 -130369
4610 -130369
4611 -130369
4612 -130369
4613 -130369
4614 -130369
4615 -130369
4616 -130369
4617 -130369
4618 -130369
4619 -130369
4620 -130369
4621 -130369
4622 -130369
4623 -130369
4624 -130369
4625 -130369
4626 -130369
4627 -130369
4628 -130369
4629 -130369
4630 -130369
4631 -130369
4632 -130369
4633 -130369
4634 -130369
4635 -130369
4636 -130369
4637 -130369
4638 -130369
4639 -130369
4640 -130369
4641 -130369
4642 -130369
4643 -130369
4644 -130369
4645 -130369
4646 -130369
4647 -130369
4648 -130369
4649 -130369
4650 -130369
4651 -130369
4652 -130369
4653 -130369
4654 -130369
4655 -130369
4656 -130369
4657 -130369
4658 -130369
4659 -130369
4660 -130369
4661 -130369
4662 -130369
4663 -130369
4664 -130369
4665 -130369
4666 -130369
4667 -130369
4668 -130369
4669 -130369
4670 -130369
4671 -130369
4672 -130369
4673 -130369
4674 -130369
4675 -130369
4676 -130369
4677 -130369
4678 -130369
4679 -130369
4680 -130369
4681 -130369
4682 -130369
4683 -130369
4684 -130369
4685 -130369
4686 -130369
4687 -130369
4688 -130369
4689 -130369
4690 -130369
4691 -130369
4692 -130369
4693 -130369
4694 -130369
4695 -130369
4696 -130369
4697 -130369
4698 -130369
4699 -130369
4700 -130369
4701 -130369
4702 -130369
4703 -130369
4704 -130369
4705 -130369
4706 -130369
4707 -130369
4708 -130369
4709 -130369
4710 -130369
4711 -130369
4712 -130369
4713 -130369
4714 -130369
4715 -130369
4716 -130369
4717 -130369
4718 -130369
4719 -130369
4720 -130369
4721 -130369
4722 -130369
4723 -130369
4724 -130369
4725 -130369
4726 -130369
4727 -130369
4728 -130369
4729 -130369
4730 -130369
4731 -130369
4732 -130369
4733 -130369
4734 -130369
4735 -130369
4736 -130369
4737 -130369
4738 -130369
4739 -130369
4740 -130369
4741 -130369
4742 -130369
4743 -130369
4744 -130369
4745 -130369
4746 -130369
4747 -130369
4748 -130369
4749 -130369
4750 -130369
4751 -130369
4752 -130369
4753 -130369
4754 -130369
4755 -130369
4756 -130369
4757 -130369
4758 -130369
4759 -130369
4760 -130369
4761 -130369
4762 -130369
4763 -130369
4764 -130369
4765 -130369
4766 -130369
4767 -130369
4768 -130369
4769 -130369
4770 -130369
4771 -130369
4772 -130369
4773 -130369
4774 -130369
4775 -130369
4776 -130369
4777 -130369
4778 -130369
4779 -130369
4780 -130369
4781 -130369
4782 -130369
4783 -130369
4784 -130369
4785 -130369
4786 -130369
4787 -130369
4788 -130369
4789 -130369
4790 -130369
4791 -130369
4792 -130369
4793 -130369
4794 -130369
4795 -130369
4796 -130369
4797 -130369
4798 -130369
4799 -130369
4800 -130369
4801 -130369
4802 -130369
4803 -130369
4804 -130369
4805 -130369
4806 -130369
4807 -130369
4808 -130369
4809 -130369
4810 -130369
4811 -130369
4812 -130369
4813 -130369
4814 -130369
4815 -130369
4816 -130369
4817 -130369
4818 -130369
4819 -130369
4820 -130369
4821 -130369
4822 -130369
4823 -130369
4824 -130369
4825 -130369
4826 -130369
4827 -130369
4828 -130369
4829 -130369
4830 -130369
4831 -130369
4832 -130369
4833 -130369
4834 -130369
4835 -130369
4836 -130369
4837 -130369
4838 -130369
4839 -130369
4840 -130369
4841 -130369
4842 -130369
4843 -130369
4844 -130369
4845 -130369
4846 -130369
4847 -130369
4848 -130369
4849 -130369
4850 -130369
4851 -130369
4852 -130369
4853 -130369
4854 -130369
4855 -130369
4856 -130369
4857 -130369
4858 -130369
4859 -130369
4860 -130369
4861 -130369
4862 -130369
4863 -130369
4864 -130369
4865 -130369
4866 -130369
4867 -130369
4868 -130369
4869 -130369
4870 -130369
4871 -130369
4872 -130369
4873 -130369
4874 -130369
4875 -130369
4876 -130369
4877 -130369
4878 -130369
4879 -130369
4880 -130369
4881 -130369
4882 -130369
4883 -130369
4884 -130369
4885 -130369
4886 -130369
4887 -130369
4888 -130369
4889 -130369
4890 -130369
4891 -130369
4892 -130369
4893 -130370
4894 -130370
4895 -130370
4896 -130370
4897 -130370
4898 -130370
4899 -130370
4900 -130370
4901 -130370
4902 -130370
4903 -130370
4904 -130370
4905 -130370
4906 -130370
4907 -130370
4908 -130370
4909 -130370
4910 -130370
4911 -130370
4912 -130370
4913 -130370
4914 -130370
4915 -130370
4916 -130370
4917 -130370
4918 -130370
4919 -130370
4920 -130370
4921 -130370
4922 -130370
4923 -130370
4924 -130370
4925 -130370
4926 -130370
4927 -130370
4928 -130370
4929 -130370
4930 -130370
4931 -130370
4932 -130370
4933 -130370
4934 -130370
4935 -130370
4936 -130370
4937 -130370
4938 -130370
4939 -130370
4940 -130370
4941 -130370
4942 -130370
4943 -130370
4944 -130370
4945 -130370
4946 -130370
4947 -130370
4948 -130370
4949 -130370
4950 -130370
4951 -130370
4952 -130370
4953 -130370
4954 -130370
4955 -130370
4956 -130370
4957 -130370
4958 -130370
4959 -130370
4960 -130370
4961 -130370
4962 -130370
4963 -130370
4964 -130370
4965 -130370
4966 -130370
4967 -130370
4968 -130370
4969 -130370
4970 -130370
4971 -130370
4972 -130370
4973 -130370
4974 -130370
4975 -130370
4976 -130370
4977 -130370
4978 -130370
4979 -130370
4980 -130370
4981 -130370
4982 -130370
4983 -130370
4984 -130370
4985 -130370
4986 -130370
4987 -130370
4988 -130370
4989 -130370
4990 -130370
4991 -130370
4992 -130370
4993 -130370
4994 -130370
4995 -130370
4996 -130370
4997 -130370
4998 -130370
4999 -130370
5000 -130370
5001 -130370
5002 -130370
5003 -130370
5004 -130370
5005 -130370
5006 -130370
5007 -130370
5008 -130370
5009 -130370
5010 -130370
5011 -130370
5012 -130370
5013 -130370
5014 -130370
5015 -130370
5016 -130370
5017 -130370
5018 -130370
5019 -130370
5020 -130370
5021 -130370
5022 -130370
5023 -130370
5024 -130370
5025 -130370
5026 -130370
5027 -130370
5028 -130370
5029 -130370
5030 -130370
5031 -130370
5032 -130370
5033 -130370
5034 -130370
5035 -130370
5036 -130370
5037 -130370
5038 -130370
5039 -130370
5040 -130370
5041 -130370
5042 -130370
5043 -130370
5044 -130370
5045 -130370
5046 -130370
5047 -130370
5048 -130370
5049 -130370
5050 -130370
5051 -130370
5052 -130370
5053 -130370
5054 -130370
5055 -130370
5056 -130370
5057 -130370
5058 -130370
5059 -130370
5060 -130370
5061 -130370
5062 -130370
5063 -130370
5064 -130370
5065 -130370
5066 -130370
5067 -130370
5068 -130370
5069 -130370
5070 -130370
5071 -130370
5072 -130370
5073 -130370
5074 -130370
5075 -130370
5076 -130370
5077 -130370
5078 -130370
5079 -130370
5080 -130370
5081 -130370
5082 -130370
5083 -130370
5084 -130370
5085 -130370
5086 -130370
5087 -130370
5088 -130370
5089 -130370
5090 -130370
5091 -130370
5092 -130370
5093 -130370
5094 -130370
5095 -130370
5096 -130370
5097 -130370
5098 -130370
5099 -130370
5100 -130370
5101 -130370
5102 -130370
5103 -130370
5104 -130370
5105 -130370
5106 -130370
5107 -130370
5108 -130370
5109 -130370
5110 -130370
5111 -130370
5112 -130370
5113 -130370
5114 -130370
5115 -130370
5116 -130370
5117 -130370
5118 -130370
5119 -130370
5120 -130370
5121 -130370
5122 -130370
5123 -130370
5124 -130370
5125 -130370
5126 -130370
5127 -130370
5128 -130370
5129 -130370
5130 -130370
5131 -130370
5132 -130370
5133 -130370
5134 -130370
5135 -130370
5136 -130370
5137 -130370
5138 -130370
5139 -130370
5140 -130370
5141 -130370
5142 -130370
5143 -130370
5144 -130370
5145 -130370
5146 -130370
5147 -130370
5148 -130370
5149 -130370
5150 -130370
5151 -130370
5152 -130370
5153 -130370
5154 -130370
5155 -130370
5156 -130370
5157 -130370
5158 -130370
5159 -130370
5160 -130370
5161 -130370
5162 -130370
5163 -130370
5164 -130370
5165 -130370
5166 -130370
5167 -130370
5168 -130370
5169 -130370
5170 -130370
5171 -130370
5172 -130370
5173 -130370
5174 -130370
5175 -130370
5176 -130370
5177 -130370
5178 -130370
5179 -130370
5180 -130370
5181 -130370
5182 -130370
5183 -130370
5184 -130370
5185 -130370
5186 -130370
5187 -130370
5188 -130370
5189 -130370
5190 -130370
5191 -130370
5192 -130370
5193 -130370
5194 -130370
5195 -130370
5196 -130370
5197 -130370
5198 -130370
5199 -130370
5200 -130370
5201 -130370
5202 -130370
5203 -130370
5204 -130370
5205 -130370
5206 -130370
5207 -130370
5208 -130370
5209 -130370
5210 -130370
5211 -130370
5212 -130370
5213 -130370
5214 -130370
5215 -130370
5216 -130370
5217 -130370
5218 -130370
5219 -130370
5220 -130370
5221 -130370
5222 -130370
5223 -130370
5224 -130370
5225 -130370
5226 -130370
5227 -130370
5228 -130370
5229 -130370
5230 -130370
5231 -130370
5232 -130370
5233 -130370
5234 -130370
5235 -130370
5236 -130370
5237 -130370
5238 -130370
5239 -130370
5240 -130370
5241 -130370
5242 -130370
5243 -130370
5244 -130370
5245 -130370
5246 -130370
5247 -130370
5248 -130370
5249 -130370
5250 -130370
5251 -130370
5252 -130370
5253 -130370
5254 -130370
5255 -130370
5256 -130370
5257 -130370
5258 -130370
5259 -130370
5260 -130370
5261 -130370
5262 -130370
5263 -130370
5264 -130370
5265 -130370
5266 -130370
5267 -130370
5268 -130370
5269 -130370
5270 -130370
5271 -130370
5272 -130370
5273 -130370
5274 -130370
5275 -130370
5276 -130370
5277 -130370
5278 -130370
5279 -130370
5280 -130370
5281 -130370
5282 -130370
5283 -130370
5284 -130370
5285 -130370
5286 -130370
5287 -130370
5288 -130370
5289 -130370
5290 -130370
5291 -130370
5292 -130370
5293 -130370
5294 -130370
5295 -130370
5296 -130370
5297 -130370
5298 -130370
5299 -130370
5300 -130370
5301 -130370
5302 -130370
5303 -130370
5304 -130370
5305 -130370
5306 -130370
5307 -130370
5308 -130370
5309 -130370
5310 -130370
5311 -130370
5312 -130370
