-59 -1.15008e-07 5.25848e-21
-58 -1.97347e-08 4.98911e-20
-57 3.86574e-08 4.47773e-19
-56 1.08244e-08 3.80159e-18
-55 -1.5558e-07 3.05313e-17
-54 -4.80088e-07 2.31952e-16
-53 -9.04453e-07 1.66696e-15
-52 -1.27772e-06 1.13324e-14
-51 -1.41548e-06 7.28772e-14
-50 -1.22683e-06 4.43338e-13
-49 -8.19965e-07 2.55123e-12
-48 -4.69711e-07 1.38879e-11
-47 -4.25773e-07 7.15152e-11
-46 -7.0562e-07 3.48362e-10
-45 -1.07415e-06 1.60523e-09
-44 -1.25146e-06 6.99705e-09
-43 -1.14534e-06 2.88513e-08
-42 -8.50267e-07 1.12535e-07
-41 -3.66872e-07 4.15225e-07
-40 8.16745e-07 1.44928e-06
-39 4.36893e-06 4.78512e-06
-38 1.48146e-05 1.49453e-05
-37 4.42325e-05 4.41562e-05
-36 0.000123485 0.00012341
-35 0.000326196 0.000326272
-34 0.000815802 0.000815988
-33 0.00193031 0.00193045
-32 0.00432022 0.00432024
-31 0.00914595 0.00914595
-30 0.0183155 0.0183156
-29 0.0346965 0.0346967
-28 0.0621763 0.0621765
-27 0.105399 0.105399
-26 0.169013 0.169013
-25 0.256375 0.256376
-24 0.367879 0.367879
-23 0.499352 0.499352
-22 0.641181 0.64118
-21 0.778801 0.778801
-20 0.894839 0.894839
-19 0.972604 0.972604
-18 1 1
-17 0.972605 0.972604
-16 0.89484 0.894839
-15 0.778801 0.778801
-14 0.641181 0.64118
-13 0.499352 0.499352
-12 0.36788 0.367879
-11 0.256376 0.256376
-10 0.169014 0.169013
-9 0.1054 0.105399
-8 0.0621768 0.0621765
-7 0.034697 0.0346967
-6 0.0183159 0.0183156
-5 0.00914616 0.00914595
-4 0.00432042 0.00432024
-3 0.00193063 0.00193045
-2 0.000816268 0.000815988
-1 0.00032678 0.000326272
0 0.000124052 0.00012341
1 0.000326762 0.000326272
2 0.000816348 0.000815988
3 0.00193096 0.00193045
4 0.00432073 0.00432024
5 0.00914616 0.00914595
6 0.0183158 0.0183156
7 0.0346969 0.0346967
8 0.0621768 0.0621765
9 0.105399 0.105399
10 0.169013 0.169013
11 0.256376 0.256376
12 0.36788 0.367879
13 0.499352 0.499352
14 0.641181 0.64118
15 0.778801 0.778801
16 0.894839 0.894839
17 0.972605 0.972604
18 1 1
19 0.972605 0.972604
20 0.894839 0.894839
21 0.778801 0.778801
22 0.64118 0.64118
23 0.499352 0.499352
24 0.367879 0.367879
25 0.256376 0.256376
26 0.169013 0.169013
27 0.105399 0.105399
28 0.0621765 0.0621765
29 0.0346967 0.0346967
30 0.0183157 0.0183156
31 0.00914599 0.00914595
32 0.00432029 0.00432024
33 0.00193051 0.00193045
34 0.000816049 0.000815988
35 0.000326339 0.000326272
36 0.00012348 0.00012341
37 4.42285e-05 4.41562e-05
38 1.50189e-05 1.49453e-05
39 4.85841e-06 4.78512e-06
40 1.52096e-06 1.44928e-06
41 4.83833e-07 4.15225e-07
42 1.76852e-07 1.12535e-07
43 8.77538e-08 2.88513e-08
44 5.99559e-08 6.99705e-09
45 4.84517e-08 1.60523e-09
46 4.17786e-08 3.48362e-10
47 3.73762e-08 7.15152e-11
48 3.5342e-08 1.38879e-11
49 3.61386e-08 2.55123e-12
50 4.02786e-08 4.43338e-13
51 4.81997e-08 7.28772e-14
52 6.00251e-08 1.13324e-14
53 7.59279e-08 1.66696e-15
54 9.57689e-08 2.31952e-16
55 -2.67974e-07 3.05313e-17
56 -4.69026e-07 3.80159e-18
57 -1.33699e-07 4.47773e-19
58 -1.13374e-07 4.98911e-20
59 -1.14236e-07 5.25848e-21
