1 0
2 -233.007
3 -462.57
4 -688.844
5 -911.971
6 -1132.09
7 -1349.31
8 -1563.77
9 -1775.57
10 -1984.8
11 -2191.57
12 -2395.97
13 -2598.08
14 -2797.97
15 -2995.74
16 -3191.44
17 -3385.14
18 -3576.91
19 -3766.82
20 -3954.9
21 -4141.24
22 -4325.86
23 -4508.83
24 -4690.19
25 -4869.99
26 -5048.27
27 -5225.07
28 -5400.43
29 -5574.39
30 -5746.99
31 -5918.25
32 -6088.22
33 -6256.93
34 -6424.41
35 -6590.68
36 -6755.78
37 -6919.73
38 -7082.56
39 -7244.3
40 -7404.97
41 -7564.59
42 -7723.19
43 -7880.8
44 -8037.42
45 -8193.08
46 -8347.81
47 -8501.62
48 -8654.53
49 -8806.56
50 -8957.73
51 -9108.05
52 -9257.54
53 -9406.22
54 -9554.1
55 -9701.2
56 -9847.53
57 -9993.11
58 -10138
59 -10282.1
60 -10425.5
61 -10568.2
62 -10710.2
63 -10851.5
64 -10992.2
65 -11132.2
66 -11271.6
67 -11410.4
68 -11548.5
69 -11686
70 -11823
71 -11959.3
72 -12095.1
73 -12230.3
74 -12364.9
75 -12499
76 -12632.5
77 -12765.5
78 -12898
79 -13029.9
80 -13161.3
81 -13292.3
82 -13422.7
83 -13552.7
84 -13682.1
85 -13811.1
86 -13939.6
87 -14067.7
88 -14195.3
89 -14322.4
90 -14449.1
91 -14575.3
92 -14701.1
93 -14826.5
94 -14951.3
95 -15075.7
96 -15199.7
97 -15323.1
98 -15446
99 -15568.2
100 -15689.8
101 -15810.6
102 -15930.4
103 -16049
104 -16166
105 -16281
106 -16393.3
107 -16501.8
108 -16605.3
109 -16701.6
110 -16788.2
111 -16860.9
112 -16914.3
113 -16940.5
114 -16928.2
115 -16861.5
116 -16718.2
117 -16466.2
118 -16060.6
119 -15437.5
120 -14506.2
121 -13138.5
122 -11152.3
123 -8289.73
124 -4184.83
125 1681.26
126 10044.4
127 21948.5
128 38874.4
129 62923.2
130 97076.3
131 145565
132 214393
133 312085
134 450739
135 647533
136 926856
137 1.32334e+06
138 1.88616e+06
139 2.68518e+06
140 3.8196e+06
141 5.43037e+06
142 7.7177e+06
143 1.09661e+07
144 1.55796e+07
145 2.21328e+07
146 3.1442e+07
147 4.46672e+07
148 6.34575e+07
149 9.01572e+07
150 1.28099e+08
151 1.8202e+08
152 2.58659e+08
153 3.67594e+08
154 5.22448e+08
155 7.42598e+08
156 1.0556e+09
157 1.50065e+09
158 2.13351e+09
159 3.0335e+09
160 4.31349e+09
161 6.13405e+09
162 8.72367e+09
163 1.24075e+10
164 1.76483e+10
165 2.51047e+10
166 3.5714e+10
167 5.08105e+10
168 7.22936e+10
169 1.02867e+11
170 1.46381e+11
171 2.08317e+11
172 2.96479e+11
173 4.21981e+11
174 6.00649e+11
175 8.55023e+11
176 1.2172e+12
177 1.73292e+12
178 2.46729e+12
179 3.51309e+12
180 5.00249e+12
181 7.12379e+12
182 1.01452e+13
183 1.44491e+13
184 2.05799e+13
185 2.93139e+13
186 4.17569e+13
187 5.94853e+13
188 8.47452e+13
189 1.20739e+14
190 1.72029e+14
191 2.45121e+14
192 3.49289e+14
193 4.97751e+14
194 7.09354e+14
195 1.01097e+15
196 1.4409e+15
197 2.05378e+15
198 2.92751e+15
199 4.17314e+15
200 5.94909e+15
201 8.48124e+15
202 1.20918e+16
203 1.72402e+16
204 2.4582e+16
205 3.50519e+16
206 4.99836e+16
207 7.12793e+16
208 1.01653e+17
209 1.44976e+17
210 2.06773e+17
211 2.94925e+17
212 4.20677e+17
213 6.00074e+17
214 8.56013e+17
215 1.22117e+18
216 1.74216e+18
217 2.48554e+18
218 3.54627e+18
219 5.05989e+18
220 7.21987e+18
221 1.03023e+19
222 1.47014e+19
223 2.09798e+19
224 2.99405e+19
225 4.27303e+19
226 6.0986e+19
227 8.70445e+19
228 1.24242e+20
229 1.77343e+20
230 2.53149e+20
231 3.61372e+20
232 5.15881e+20
233 7.36479e+20
234 1.05145e+21
235 1.50117e+21
236 2.14333e+21
237 3.0603e+21
238 4.36972e+21
239 6.23964e+21
240 8.91006e+21
241 1.27238e+22
242 1.81706e+22
243 2.59498e+22
244 3.70609e+22
245 5.29312e+22
246 7.56e+22
247 1.07981e+23
248 1.54236e+23
249 2.20313e+23
250 3.14707e+23
251 4.49561e+23
252 6.4222e+23
253 9.17473e+23
254 1.31074e+24
255 1.87263e+24
256 2.67548e+24
257 3.82266e+24
258 5.46188e+24
259 7.80426e+24
260 1.11515e+25
261 1.59349e+25
262 2.27708e+25
263 3.25402e+25
264 4.65023e+25
265 6.6457e+25
266 9.49772e+25
267 1.35741e+26
268 1.94006e+26
269 2.77287e+26
270 3.96331e+26
271 5.66497e+26
272 8.09748e+26
273 1.15748e+27
274 1.65458e+27
275 2.36524e+27
276 3.38123e+27
277 4.83375e+27
278 6.91044e+27
279 9.87958e+27
280 1.41248e+28
281 2.01947e+28
282 2.88738e+28
283 4.12839e+28
284 5.90295e+28
285 8.4405e+28
286 1.20692e+29
287 1.72583e+29
288 2.46791e+29
289 3.52916e+29
290 5.04688e+29
291 7.21748e+29
292 1.03219e+30
293 1.47619e+30
294 2.11122e+30
295 3.01952e+30
296 4.31868e+30
297 6.17696e+30
298 8.83503e+30
299 1.26372e+31
300 1.80761e+31
301 2.58563e+31
302 3.69861e+31
303 5.29079e+31
304 7.56854e+31
305 1.08271e+32
306 1.5489e+32
307 2.21586e+32
308 3.17009e+32
309 4.53534e+32
310 6.48869e+32
311 9.28353e+32
312 1.32825e+33
313 1.90043e+33
314 2.71917e+33
315 3.8907e+33
316 5.5671e+33
317 7.96597e+33
318 1.13987e+34
319 1.63111e+34
320 2.3341e+34
321 3.34013e+34
322 4.77988e+34
323 6.84034e+34
324 9.7892e+34
325 1.40096e+35
326 2.00498e+35
327 2.86949e+35
328 4.10684e+35
329 5.87784e+35
330 8.41272e+35
331 1.2041e+36
332 1.72345e+36
333 2.46684e+36
334 3.53094e+36
335 5.05416e+36
336 7.23461e+36
337 1.03559e+37
338 1.48242e+37
339 2.12207e+37
340 3.03778e+37
341 4.34871e+37
342 6.22547e+37
343 8.91233e+37
344 1.2759e+38
345 1.82664e+38
346 2.61513e+38
347 3.74405e+38
348 5.36041e+38
349 7.6747e+38
350 1.09883e+39
351 1.57329e+39
352 2.25265e+39
353 3.22541e+39
354 4.61832e+39
355 6.61286e+39
356 9.46895e+39
357 1.35588e+40
358 1.94154e+40
359 2.78023e+40
360 3.98126e+40
361 5.70121e+40
362 8.16432e+40
363 1.16918e+41
364 1.67435e+41
365 2.39784e+41
366 3.43399e+41
367 4.91797e+41
368 7.04334e+41
369 1.00874e+42
370 1.44472e+42
371 2.06917e+42
372 2.96356e+42
373 4.24461e+42
374 6.07952e+42
375 8.70775e+42
376 1.24724e+43
377 1.78648e+43
378 2.55891e+43
379 3.66536e+43
380 5.2503e+43
381 7.5207e+43
382 1.0773e+44
383 1.54321e+44
384 2.21063e+44
385 3.16675e+44
386 4.53646e+44
387 6.4987e+44
388 9.30983e+44
389 1.33371e+45
390 1.91069e+45
391 2.7373e+45
392 3.92158e+45
393 5.6183e+45
394 8.04924e+45
395 1.15321e+46
396 1.65223e+46
397 2.36721e+46
398 3.39164e+46
399 4.85945e+46
400 6.96257e+46
401 9.97604e+46
402 1.42939e+47
403 2.0481e+47
404 2.93465e+47
405 4.205e+47
406 6.02534e+47
407 8.6338e+47
408 1.23717e+48
409 1.7728e+48
410 2.54036e+48
411 3.6403e+48
412 5.21655e+48
413 7.47542e+48
414 1.07125e+49
415 1.53516e+49
416 2.19999e+49
417 3.15278e+49
418 4.51826e+49
419 6.4752e+49
420 9.27984e+49
421 1.32994e+50
422 1.90603e+50
423 2.73169e+50
424 3.91506e+50
425 5.61112e+50
426 8.04204e+50
427 1.15262e+51
428 1.65201e+51
429 2.3678e+51
430 3.39375e+51
431 4.8643e+51
432 6.97213e+51
433 9.99344e+51
434 1.43242e+52
435 2.05319e+52
436 2.94301e+52
437 4.21852e+52
438 6.0469e+52
439 8.66783e+52
440 1.24249e+53
441 1.78106e+53
442 2.55311e+53
443 3.65986e+53
444 5.24643e+53
445 7.52087e+53
446 1.07814e+54
447 1.54557e+54
448 2.21568e+54
449 3.17635e+54
450 4.5536e+54
451 6.52807e+54
452 9.35879e+54
453 1.34171e+55
454 1.92354e+55
455 2.75771e+55
456 3.95367e+55
457 5.66834e+55
458 8.12673e+55
459 1.16515e+56
460 1.67051e+56
461 2.39508e+56
462 3.43398e+56
463 4.92354e+56
464 7.05931e+56
465 1.01216e+57
466 1.45125e+57
467 2.08085e+57
468 2.9836e+57
469 4.27805e+57
470 6.13415e+57
471 8.79563e+57
472 1.2612e+58
473 1.80844e+58
474 2.59315e+58
475 3.7184e+58
476 5.33198e+58
477 7.64583e+58
478 1.09639e+59
479 1.5722e+59
480 2.25453e+59
481 3.23301e+59
482 4.6362e+59
483 6.64845e+59
484 9.53417e+59
485 1.36725e+60
486 1.96074e+60
487 2.81185e+60
488 4.03246e+60
489 5.78297e+60
490 8.29346e+60
491 1.18939e+61
492 1.70575e+61
493 2.44631e+61
494 3.50841e+61
495 5.03168e+61
496 7.21637e+61
497 1.03497e+62
498 1.48437e+62
499 2.12892e+62
500 3.05337e+62
501 4.37928e+62
502 6.28102e+62
503 9.00867e+62
504 1.2921e+63
505 1.85324e+63
506 2.65811e+63
507 3.81257e+63
508 5.46847e+63
509 7.84363e+63
510 1.12505e+64
511 1.61372e+64
512 2.31468e+64
513 3.32013e+64
514 4.76237e+64
515 6.83116e+64
516 9.79871e+64
517 1.40555e+65
518 2.01617e+65
519 2.89209e+65
520 4.14858e+65
521 5.951e+65
522 8.53659e+65
523 1.22456e+66
524 1.75664e+66
525 2.51991e+66
526 3.61487e+66
527 5.18564e+66
528 7.43901e+66
529 1.06716e+67
530 1.53091e+67
531 2.19621e+67
532 3.15064e+67
533 4.51988e+67
534 6.48423e+67
535 9.30236e+67
536 1.33454e+68
537 1.91457e+68
538 2.74673e+68
539 3.9406e+68
540 5.65343e+68
541 8.11083e+68
542 1.16365e+69
543 1.66947e+69
544 2.3952e+69
545 3.43642e+69
546 4.93031e+69
547 7.07367e+69
548 1.01489e+70
549 1.45611e+70
550 2.08917e+70
551 2.99748e+70
552 4.30072e+70
553 6.17062e+70
554 8.8536e+70
555 1.27032e+71
556 1.82268e+71
557 2.61523e+71
558 3.75242e+71
559 5.38414e+71
560 7.72545e+71
561 1.1085e+72
562 1.59055e+72
563 2.28225e+72
564 3.27478e+72
565 4.69899e+72
566 6.74262e+72
567 9.6751e+72
568 1.38831e+73
569 1.99213e+73
570 2.8586e+73
571 4.10195e+73
572 5.88615e+73
573 8.44646e+73
574 1.21205e+74
575 1.73928e+74
576 2.49586e+74
577 3.58157e+74
578 5.13961e+74
579 7.37547e+74
580 1.0584e+75
581 1.51885e+75
582 2.17963e+75
583 3.12789e+75
584 4.48873e+75
585 6.44167e+75
586 9.24433e+75
587 1.32665e+76
588 1.90387e+76
589 2.73226e+76
590 3.92111e+76
591 5.62729e+76
592 8.07591e+76
593 1.15901e+77
594 1.66335e+77
595 2.38717e+77
596 3.42599e+77
597 4.91689e+77
598 7.05663e+77
599 1.01276e+78
600 1.45351e+78
601 2.08609e+78
602 2.99399e+78
603 4.29704e+78
604 6.16725e+78
605 8.85148e+78
606 1.27041e+79
607 1.82336e+79
608 2.61699e+79
609 3.75609e+79
610 5.39104e+79
611 7.73768e+79
612 1.11058e+80
613 1.59402e+80
614 2.28792e+80
615 3.28388e+80
616 4.71344e+80
617 6.76535e+80
618 9.71057e+80
619 1.3938e+81
620 2.0006e+81
621 2.87159e+81
622 4.1218e+81
623 5.91633e+81
624 8.49222e+81
625 1.21897e+82
626 1.7497e+82
627 2.51154e+82
628 3.6051e+82
629 5.17484e+82
630 7.42811e+82
631 1.06626e+83
632 1.53055e+83
633 2.19704e+83
634 3.15375e+83
635 4.52711e+83
636 6.49854e+83
637 9.32852e+83
638 1.3391e+84
639 1.92227e+84
640 2.75942e+84
641 3.96117e+84
642 5.68632e+84
643 8.16283e+84
644 1.1718e+85
645 1.68216e+85
646 2.41482e+85
647 3.46659e+85
648 4.97649e+85
649 7.14407e+85
650 1.02558e+86
651 1.4723e+86
652 2.11362e+86
653 3.03429e+86
654 4.35603e+86
655 6.25354e+86
656 8.97766e+86
657 1.28885e+87
658 1.85031e+87
659 2.65636e+87
660 3.81358e+87
661 5.47495e+87
662 7.86013e+87
663 1.12845e+88
664 1.62007e+88
665 2.3259e+88
666 3.33924e+88
667 4.7941e+88
668 6.88286e+88
669 9.88171e+88
670 1.41872e+89
671 2.03688e+89
672 2.92438e+89
673 4.19861e+89
674 6.02808e+89
675 8.65474e+89
676 1.2426e+90
677 1.78406e+90
678 2.56148e+90
679 3.67768e+90
680 5.28031e+90
681 7.58134e+90
682 1.08852e+91
683 1.56288e+91
684 2.24397e+91
685 3.2219e+91
686 4.62603e+91
687 6.64212e+91
688 9.53688e+91
689 1.36933e+92
690 1.96613e+92
691 2.82304e+92
692 4.05345e+92
693 5.82016e+92
694 8.35691e+92
695 1.19994e+93
696 1.72295e+93
697 2.47395e+93
698 3.55229e+93
699 5.10069e+93
700 7.32405e+93
701 1.05166e+94
702 1.51008e+94
703 2.16835e+94
704 3.11357e+94
705 4.47084e+94
706 6.41982e+94
707 9.21844e+94
708 1.32371e+95
709 1.90078e+95
710 2.72943e+95
711 3.91935e+95
712 5.62805e+95
713 8.08171e+95
714 1.16051e+96
715 1.66648e+96
716 2.39304e+96
717 3.43639e+96
718 4.93465e+96
719 7.08618e+96
720 1.01758e+97
721 1.46127e+97
722 2.09841e+97
723 3.01337e+97
724 4.3273e+97
725 6.21418e+97
726 8.92383e+97
727 1.28151e+98
728 1.84032e+98
729 2.64281e+98
730 3.79524e+98
731 5.45025e+98
732 7.82698e+98
733 1.12402e+99
734 1.61419e+99
735 2.31813e+99
736 3.32907e+99
737 4.78089e+99
738 6.86589e+99
739 9.86022e+99
740 1.41605e+100
741 2.03362e+100
742 2.92055e+100
743 4.19432e+100
744 6.02364e+100
745 8.65084e+100
746 1.24239e+101
747 1.78428e+101
748 2.56251e+101
749 3.68021e+101
750 5.28542e+101
751 7.59082e+101
752 1.09018e+102
753 1.56571e+102
754 2.24867e+102
755 3.22954e+102
756 4.63829e+102
757 6.66156e+102
758 9.56745e+102
759 1.3741e+103
760 1.97352e+103
761 2.83443e+103
762 4.07092e+103
763 5.84683e+103
764 8.3975e+103
765 1.20609e+104
766 1.73226e+104
767 2.48799e+104
768 3.57342e+104
769 5.1324e+104
770 7.37156e+104
771 1.05877e+105
772 1.52069e+105
773 2.18416e+105
774 3.13711e+105
775 4.50584e+105
776 6.47179e+105
777 9.29552e+105
778 1.33513e+106
779 1.91768e+106
780 2.75442e+106
781 3.95627e+106
782 5.68254e+106
783 8.16209e+106
784 1.17236e+107
785 1.68392e+107
786 2.41872e+107
787 3.47416e+107
788 4.99017e+107
789 7.16774e+107
790 1.02956e+108
791 1.47884e+108
792 2.12419e+108
793 3.05117e+108
794 4.38268e+108
795 6.2953e+108
796 9.04261e+108
797 1.29889e+109
798 1.86575e+109
799 2.68e+109
800 3.84962e+109
801 5.52971e+109
802 7.94306e+109
803 1.14097e+110
804 1.63894e+110
805 2.35426e+110
806 3.38179e+110
807 4.8578e+110
808 6.97805e+110
809 1.00237e+111
810 1.43988e+111
811 2.06836e+111
812 2.97116e+111
813 4.26803e+111
814 6.13098e+111
815 8.80713e+111
816 1.26514e+112
817 1.81739e+112
818 2.61069e+112
819 3.75029e+112
820 5.38737e+112
821 7.73908e+112
822 1.11174e+113
823 1.59705e+113
824 2.29422e+113
825 3.29574e+113
826 4.73448e+113
827 6.80132e+113
828 9.77046e+113
829 1.40358e+114
830 2.01634e+114
831 2.89661e+114
832 4.16118e+114
833 5.97786e+114
834 8.58768e+114
835 1.23369e+115
836 1.77231e+115
837 2.54609e+115
838 3.65771e+115
839 5.25468e+115
840 7.54891e+115
841 1.08449e+116
842 1.55799e+116
843 2.23824e+116
844 3.21551e+116
845 4.61949e+116
846 6.63652e+116
847 9.53427e+116
848 1.36973e+117
849 1.96782e+117
850 2.82707e+117
851 4.06153e+117
852 5.83503e+117
853 8.38298e+117
854 1.20436e+118
855 1.73026e+118
856 2.48583e+118
857 3.57134e+118
858 5.13089e+118
859 7.37149e+118
860 1.05906e+119
861 1.52154e+119
862 2.186e+119
863 3.14064e+119
864 4.51219e+119
865 6.48273e+119
866 9.31385e+119
867 1.33814e+120
868 1.92254e+120
869 2.76218e+120
870 3.96851e+120
871 5.70172e+120
872 8.1919e+120
873 1.17697e+121
874 1.69101e+121
875 2.42957e+121
876 3.4907e+121
877 5.01531e+121
878 7.20584e+121
879 1.03531e+122
880 1.48751e+122
881 2.13723e+122
882 3.07073e+122
883 4.41199e+122
884 6.33911e+122
885 9.10801e+122
886 1.30864e+123
887 1.88026e+123
888 2.70157e+123
889 3.88164e+123
890 5.5772e+123
891 8.01343e+123
892 1.15139e+124
893 1.65435e+124
894 2.37702e+124
895 3.41538e+124
896 4.90735e+124
897 7.05109e+124
898 1.01313e+125
899 1.45572e+125
900 2.09166e+125
901 3.00542e+125
902 4.31838e+125
903 6.20493e+125
904 8.91568e+125
905 1.28107e+126
906 1.84074e+126
907 2.64493e+126
908 3.80046e+126
909 5.46084e+126
910 7.84665e+126
911 1.12748e+127
912 1.62008e+127
913 2.3279e+127
914 3.34498e+127
915 4.80645e+127
916 6.90646e+127
917 9.92403e+127
918 1.42601e+128
919 2.04907e+128
920 2.94437e+128
921 4.23087e+128
922 6.07951e+128
923 8.7359e+128
924 1.2553e+129
925 1.80381e+129
926 2.59199e+129
927 3.72457e+129
928 5.35207e+129
929 7.69074e+129
930 1.10513e+130
931 1.58805e+130
932 2.28199e+130
933 3.27917e+130
934 4.71211e+130
935 6.77124e+130
936 9.73022e+130
937 1.39823e+131
938 2.00925e+131
939 2.88729e+131
940 4.14906e+131
941 5.96223e+131
942 8.56781e+131
943 1.23121e+132
944 1.76927e+132
945 2.54248e+132
946 3.65362e+132
947 5.25036e+132
948 7.54495e+132
949 1.08424e+133
950 1.55809e+133
951 2.23905e+133
952 3.21763e+133
953 4.6239e+133
954 6.6448e+133
955 9.54897e+133
956 1.37225e+134
957 1.97201e+134
958 2.83392e+134
959 4.07255e+134
960 5.85256e+134
961 8.4106e+134
962 1.20867e+135
963 1.73697e+135
964 2.49619e+135
965 3.58726e+135
966 5.15524e+135
967 7.4086e+135
968 1.06469e+136
969 1.53008e+136
970 2.1989e+136
971 3.16007e+136
972 4.5414e+136
973 6.52654e+136
974 9.37946e+136
975 1.34795e+137
976 1.93718e+137
977 2.784e+137
978 4.00099e+137
979 5.75e+137
980 8.26359e+137
981 1.1876e+138
982 1.70676e+138
983 2.45289e+138
984 3.52519e+138
985 5.06628e+138
986 7.28109e+138
987 1.04642e+139
988 1.50388e+139
989 2.16134e+139
990 3.10624e+139
991 4.46424e+139
992 6.41595e+139
993 9.22094e+139
994 1.32523e+140
995 1.90461e+140
996 2.73731e+140
997 3.93407e+140
998 5.65408e+140
999 8.1261e+140
1000 1.16789e+141
1001 1.67852e+141
1002 2.4124e+141
1003 3.46715e+141
1004 4.98309e+141
1005 7.16184e+141
1006 1.02932e+142
1007 1.47938e+142
1008 2.12623e+142
1009 3.05591e+142
1010 4.39209e+142
1011 6.31253e+142
1012 9.0727e+142
1013 1.30398e+143
1014 1.87416e+143
1015 2.69366e+143
1016 3.8715e+143
1017 5.56439e+143
1018 7.99754e+143
1019 1.14947e+144
1020 1.6521e+144
1021 2.37454e+144
1022 3.41289e+144
1023 4.90531e+144
1024 7.05036e+144
1025 1.01334e+145
1026 1.45648e+145
1027 2.0934e+145
1028 3.00885e+145
1029 4.32464e+145
1030 6.21585e+145
1031 8.93413e+145
1032 1.28412e+146
1033 1.84569e+146
1034 2.65285e+146
1035 3.81301e+146
1036 5.48056e+146
1037 7.87738e+146
1038 1.13224e+147
1039 1.62742e+147
1040 2.33916e+147
1041 3.36218e+147
1042 4.83262e+147
1043 6.94617e+147
1044 9.98411e+147
1045 1.43507e+148
1046 2.06272e+148
1047 2.96488e+148
1048 4.26161e+148
1049 6.12552e+148
1050 8.80465e+148
1051 1.26556e+149
1052 1.81909e+149
1053 2.61472e+149
1054 3.75837e+149
1055 5.40223e+149
1056 7.76512e+149
1057 1.11615e+150
1058 1.60436e+150
1059 2.3061e+150
1060 3.3148e+150
1061 4.76471e+150
1062 6.84884e+150
1063 9.84461e+150
1064 1.41508e+151
1065 2.03406e+151
1066 2.9238e+151
1067 4.20275e+151
1068 6.04114e+151
1069 8.68372e+151
1070 1.24823e+152
1071 1.79425e+152
1072 2.57912e+152
1073 3.70734e+152
1074 5.32909e+152
1075 7.6603e+152
1076 1.10113e+153
1077 1.58282e+153
1078 2.27524e+153
1079 3.27057e+153
1080 4.70132e+153
1081 6.75799e+153
1082 9.7144e+153
1083 1.39642e+154
1084 2.00731e+154
1085 2.88547e+154
1086 4.1478e+154
1087 5.9624e+154
1088 8.57087e+154
1089 1.23205e+155
1090 1.77107e+155
1091 2.5459e+155
1092 3.65972e+155
1093 5.26085e+155
1094 7.56249e+155
1095 1.08711e+156
1096 1.56274e+156
1097 2.24645e+156
1098 3.22931e+156
1099 4.64219e+156
1100 6.67324e+156
1101 9.59294e+156
1102 1.37901e+157
1103 1.98237e+157
1104 2.84972e+157
1105 4.09657e+157
1106 5.88897e+157
1107 8.46563e+157
1108 1.21697e+158
1109 1.74945e+158
1110 2.51492e+158
1111 3.61533e+158
1112 5.19724e+158
1113 7.47133e+158
1114 1.07405e+159
1115 1.54401e+159
1116 2.21962e+159
1117 3.19085e+159
1118 4.58708e+159
1119 6.59426e+159
1120 9.47976e+159
1121 1.36279e+160
1122 1.95912e+160
1123 2.81641e+160
1124 4.04883e+160
1125 5.82056e+160
1126 8.3676e+160
1127 1.20292e+161
1128 1.72932e+161
1129 2.48607e+161
1130 3.57399e+161
1131 5.138e+161
1132 7.38643e+161
1133 1.06188e+162
1134 1.52658e+162
1135 2.19464e+162
1136 3.15505e+162
1137 4.53578e+162
1138 6.52075e+162
1139 9.37442e+162
1140 1.3477e+163
1141 1.93749e+163
1142 2.78541e+163
1143 4.00442e+163
1144 5.75692e+163
1145 8.2764e+163
1146 1.18985e+164
1147 1.71059e+164
1148 2.45924e+164
1149 3.53554e+164
1150 5.0829e+164
1151 7.30748e+164
1152 1.05057e+165
1153 1.51037e+165
1154 2.17141e+165
1155 3.12177e+165
1156 4.48809e+165
1157 6.45242e+165
1158 9.27651e+165
1159 1.33367e+166
1160 1.91739e+166
1161 2.75661e+166
1162 3.96315e+166
1163 5.69778e+166
1164 8.19167e+166
1165 1.17771e+167
1166 1.6932e+167
1167 2.43432e+167
1168 3.49983e+167
1169 5.03173e+167
1170 7.23417e+167
1171 1.04007e+168
1172 1.49532e+168
1173 2.14985e+168
1174 3.09088e+168
1175 4.44383e+168
1176 6.389e+168
1177 9.18565e+168
1178 1.32065e+169
1179 1.89874e+169
1180 2.72989e+169
1181 3.92486e+169
1182 5.64293e+169
1183 8.11309e+169
1184 1.16646e+170
1185 1.67707e+170
1186 2.41121e+170
1187 3.46672e+170
1188 4.9843e+170
1189 7.16622e+170
1190 1.03033e+171
1191 1.48137e+171
1192 2.12986e+171
1193 3.06225e+171
1194 4.40282e+171
1195 6.33025e+171
1196 9.10148e+171
1197 1.30859e+172
1198 1.88147e+172
1199 2.70514e+172
1200 3.88941e+172
1201 5.59215e+172
1202 8.04034e+172
1203 1.15603e+173
1204 1.66214e+173
1205 2.38982e+173
1206 3.43609e+173
1207 4.94041e+173
1208 7.10335e+173
1209 1.02132e+174
1210 1.46847e+174
1211 2.11139e+174
1212 3.03578e+174
1213 4.3649e+174
1214 6.27594e+174
1215 9.02368e+174
1216 1.29745e+175
1217 1.8655e+175
1218 2.68228e+175
1219 3.85666e+175
1220 5.54524e+175
1221 7.97314e+175
1222 1.14641e+176
1223 1.64835e+176
1224 2.37008e+176
1225 3.4078e+176
1226 4.8999e+176
1227 7.04533e+176
1228 1.01301e+177
1229 1.45657e+177
1230 2.09434e+177
1231 3.01136e+177
1232 4.32993e+177
1233 6.22585e+177
1234 8.95194e+177
1235 1.28717e+178
1236 1.85079e+178
1237 2.6612e+178
1238 3.82648e+178
1239 5.50201e+178
1240 7.91123e+178
1241 1.13754e+179
1242 1.63566e+179
1243 2.35189e+179
1244 3.38176e+179
1245 4.86261e+179
1246 6.99192e+179
1247 1.00537e+180
1248 1.44561e+180
1249 2.07865e+180
1250 2.9889e+180
1251 4.29776e+180
1252 6.17978e+180
1253 8.88598e+180
1254 1.27773e+181
1255 1.83726e+181
1256 2.64183e+181
1257 3.79874e+181
1258 5.46229e+181
1259 7.85437e+181
1260 1.1294e+182
1261 1.624e+182
1262 2.3352e+182
1263 3.35785e+182
1264 4.82838e+182
1265 6.94291e+182
1266 9.98348e+182
1267 1.43557e+183
1268 2.06427e+183
1269 2.9683e+183
1270 4.26827e+183
1271 6.13756e+183
1272 8.82553e+183
1273 1.26907e+184
1274 1.82487e+184
1275 2.62409e+184
1276 3.77334e+184
1277 5.42593e+184
1278 7.80231e+184
1279 1.12195e+185
1280 1.61333e+185
1281 2.31992e+185
1282 3.33599e+185
1283 4.79708e+185
1284 6.8981e+185
1285 9.91934e+185
1286 1.42638e+186
1287 2.05112e+186
1288 2.94949e+186
1289 4.24133e+186
1290 6.099e+186
1291 8.77033e+186
1292 1.26117e+187
1293 1.81356e+187
1294 2.6079e+187
1295 3.75017e+187
1296 5.39277e+187
1297 7.75484e+187
1298 1.11515e+188
1299 1.6036e+188
1300 2.306e+188
1301 3.31607e+188
1302 4.76857e+188
1303 6.8573e+188
1304 9.86094e+188
1305 1.41803e+189
1306 2.03916e+189
1307 2.93237e+189
1308 4.21684e+189
1309 6.06395e+189
1310 8.72017e+189
1311 1.25399e+190
1312 1.80329e+190
1313 2.5932e+190
1314 3.72914e+190
1315 5.36267e+190
1316 7.71177e+190
1317 1.10899e+191
1318 1.59478e+191
1319 2.29338e+191
1320 3.29801e+191
1321 4.74273e+191
1322 6.82033e+191
1323 9.80805e+191
1324 1.41046e+192
1325 2.02833e+192
1326 2.91688e+192
1327 4.19468e+192
1328 6.03225e+192
1329 8.67481e+192
1330 1.2475e+193
1331 1.79401e+193
1332 2.57992e+193
1333 3.71014e+193
1334 5.33549e+193
1335 7.67289e+193
1336 1.10343e+194
1337 1.58683e+194
1338 2.28201e+194
1339 3.28174e+194
1340 4.71945e+194
1341 6.78703e+194
1342 9.76043e+194
1343 1.40365e+195
1344 2.01859e+195
1345 2.90295e+195
1346 4.17475e+195
1347 6.00375e+195
1348 8.63406e+195
1349 1.24167e+196
1350 1.78567e+196
1351 2.568e+196
1352 3.6931e+196
1353 5.31112e+196
1354 7.63804e+196
1355 1.09845e+197
1356 1.5797e+197
1357 2.27182e+197
1358 3.26717e+197
1359 4.69862e+197
1360 6.75725e+197
1361 9.71785e+197
1362 1.39756e+198
1363 2.00989e+198
1364 2.89051e+198
1365 4.15696e+198
1366 5.97832e+198
1367 8.59771e+198
1368 1.23648e+199
1369 1.77824e+199
1370 2.55739e+199
1371 3.67792e+199
1372 5.28943e+199
1373 7.60704e+199
1374 1.09402e+200
1375 1.57337e+200
1376 2.26277e+200
1377 3.25424e+200
1378 4.68014e+200
1379 6.73084e+200
1380 9.68011e+200
1381 1.39217e+201
1382 2.00218e+201
1383 2.87949e+201
1384 4.14123e+201
1385 5.95584e+201
1386 8.56559e+201
1387 1.23189e+202
1388 1.77169e+202
1389 2.54802e+202
1390 3.66454e+202
1391 5.27032e+202
1392 7.57974e+202
1393 1.09011e+203
1394 1.5678e+203
1395 2.25481e+203
1396 3.24287e+203
1397 4.66391e+203
1398 6.70766e+203
1399 9.647e+203
1400 1.38744e+204
1401 1.99543e+204
1402 2.86985e+204
1403 4.12746e+204
1404 5.93618e+204
1405 8.53752e+204
1406 1.22788e+205
1407 1.76597e+205
1408 2.53986e+205
1409 3.65288e+205
1410 5.25367e+205
1411 7.55598e+205
1412 1.08672e+206
1413 1.56296e+206
1414 2.2479e+206
1415 3.23301e+206
1416 4.64984e+206
1417 6.68758e+206
1418 9.61835e+206
1419 1.38335e+207
1420 1.9896e+207
1421 2.86153e+207
1422 4.11559e+207
1423 5.91924e+207
1424 8.51335e+207
1425 1.22444e+208
1426 1.76105e+208
1427 2.53284e+208
1428 3.64288e+208
1429 5.2394e+208
1430 7.53563e+208
1431 1.08382e+209
1432 1.55882e+209
1433 2.242e+209
1434 3.2246e+209
1435 4.63784e+209
1436 6.67048e+209
1437 9.59397e+209
1438 1.37988e+210
1439 1.98464e+210
1440 2.85447e+210
1441 4.10553e+210
1442 5.9049e+210
1443 8.49292e+210
1444 1.22152e+211
1445 1.7569e+211
1446 2.52693e+211
1447 3.63446e+211
1448 5.22741e+211
1449 7.51855e+211
1450 1.08139e+212
1451 1.55536e+212
1452 2.23707e+212
1453 3.21758e+212
1454 4.62784e+212
1455 6.65624e+212
1456 9.5737e+212
1457 1.37699e+213
1458 1.98054e+213
1459 2.84863e+213
1460 4.09721e+213
1461 5.89307e+213
1462 8.47609e+213
1463 1.21913e+214
1464 1.7535e+214
1465 2.52209e+214
1466 3.62757e+214
1467 5.21762e+214
1468 7.50462e+214
1469 1.07941e+215
1470 1.55254e+215
1471 2.23307e+215
1472 3.21189e+215
1473 4.61976e+215
1474 6.64476e+215
1475 9.55739e+215
1476 1.37468e+216
1477 1.97725e+216
1478 2.84395e+216
1479 4.09058e+216
1480 5.88365e+216
1481 8.46272e+216
1482 1.21723e+217
1483 1.7508e+217
1484 2.51827e+217
1485 3.62215e+217
1486 5.20993e+217
1487 7.49372e+217
1488 1.07786e+218
1489 1.55035e+218
1490 2.22996e+218
1491 3.20749e+218
1492 4.61353e+218
1493 6.63593e+218
1494 9.54489e+218
1495 1.37291e+219
1496 1.97474e+219
1497 2.84041e+219
1498 4.08556e+219
1499 5.87656e+219
1500 8.45269e+219
1501 1.21581e+220
1502 1.7488e+220
1503 2.51543e+220
1504 3.61815e+220
1505 5.20428e+220
1506 7.48574e+220
1507 1.07674e+221
1508 1.54876e+221
1509 2.22772e+221
1510 3.20433e+221
1511 4.60908e+221
1512 6.62966e+221
1513 9.53606e+221
1514 1.37166e+222
1515 1.97299e+222
1516 2.83795e+222
1517 4.0821e+222
1518 5.8717e+222
1519 8.44586e+222
1520 1.21486e+223
1521 1.74745e+223
1522 2.51355e+223
1523 3.61551e+223
1524 5.20058e+223
1525 7.48057e+223
1526 1.07601e+224
1527 1.54775e+224
1528 2.22631e+224
1529 3.20237e+224
1530 4.60634e+224
1531 6.62585e+224
1532 9.53076e+224
1533 1.37093e+225
1534 1.97197e+225
1535 2.83653e+225
1536 4.08015e+225
1537 5.869e+225
1538 8.44213e+225
1539 1.21434e+226
1540 1.74675e+226
1541 2.51258e+226
1542 3.61419e+226
1543 5.19878e+226
1544 7.47812e+226
1545 1.07568e+227
1546 1.5473e+227
1547 2.22571e+227
1548 3.20155e+227
1549 4.60526e+227
1550 6.62441e+227
1551 9.52887e+227
1552 1.37068e+228
1553 1.97165e+228
1554 2.83613e+228
1555 4.07964e+228
1556 5.86837e+228
1557 8.44139e+228
1558 1.21426e+229
1559 1.74666e+229
1560 2.5125e+229
1561 3.61413e+229
1562 5.1988e+229
1563 7.47828e+229
1564 1.07572e+230
1565 1.54739e+230
1566 2.22588e+230
1567 3.20185e+230
1568 4.60577e+230
1569 6.62527e+230
1570 9.53028e+230
1571 1.37091e+231
1572 1.97202e+231
1573 2.8367e+231
1574 4.08053e+231
1575 5.86976e+231
1576 8.44354e+231
1577 1.21459e+232
1578 1.74717e+232
1579 2.51327e+232
1580 3.61531e+232
1581 5.20057e+232
1582 7.48097e+232
1583 1.07613e+233
1584 1.548e+233
1585 2.22679e+233
1586 3.20323e+233
1587 4.60783e+233
1588 6.62834e+233
1589 9.53486e+233
1590 1.37159e+234
1591 1.97303e+234
1592 2.83821e+234
1593 4.08277e+234
1594 5.87309e+234
1595 8.44847e+234
1596 1.21532e+235
1597 1.74824e+235
1598 2.51487e+235
1599 3.61766e+235
1600 5.20405e+235
1601 7.4861e+235
1602 1.07689e+236
1603 1.54912e+236
1604 2.22843e+236
1605 3.20564e+236
1606 4.61137e+236
1607 6.63356e+236
1608 9.54252e+236
1609 1.37271e+237
1610 1.97468e+237
1611 2.84063e+237
1612 4.08632e+237
1613 5.87829e+237
1614 8.45609e+237
1615 1.21643e+238
1616 1.74988e+238
1617 2.51726e+238
1618 3.62116e+238
1619 5.20917e+238
1620 7.49359e+238
1621 1.07798e+239
1622 1.55072e+239
1623 2.23077e+239
1624 3.20905e+239
1625 4.61636e+239
1626 6.64084e+239
1627 9.55315e+239
1628 1.37426e+240
1629 1.97694e+240
1630 2.84393e+240
1631 4.09114e+240
1632 5.88531e+240
1633 8.46632e+240
1634 1.21793e+241
1635 1.75205e+241
1636 2.52042e+241
1637 3.62577e+241
1638 5.21589e+241
1639 7.50336e+241
1640 1.0794e+242
1641 1.55279e+242
1642 2.23378e+242
1643 3.21344e+242
1644 4.62274e+242
1645 6.65012e+242
1646 9.56665e+242
1647 1.37623e+243
1648 1.9798e+243
1649 2.84808e+243
1650 4.09717e+243
1651 5.89408e+243
1652 8.47907e+243
1653 1.21978e+244
1654 1.75474e+244
1655 2.52434e+244
1656 3.63145e+244
1657 5.22414e+244
1658 7.51534e+244
1659 1.08114e+245
1660 1.55532e+245
1661 2.23745e+245
1662 3.21877e+245
1663 4.63047e+245
1664 6.66134e+245
1665 9.58293e+245
1666 1.37859e+246
1667 1.98323e+246
1668 2.85306e+246
1669 4.10439e+246
1670 5.90455e+246
1671 8.49426e+246
1672 1.22198e+247
1673 1.75794e+247
1674 2.52897e+247
1675 3.63817e+247
1676 5.23388e+247
1677 7.52947e+247
1678 1.08319e+248
1679 1.55828e+248
1680 2.24176e+248
1681 3.225e+248
1682 4.63951e+248
1683 6.67444e+248
1684 9.60192e+248
1685 1.38134e+249
1686 1.98721e+249
1687 2.85883e+249
1688 4.11276e+249
1689 5.91667e+249
1690 8.51182e+249
1691 1.22452e+250
1692 1.76162e+250
1693 2.5343e+250
1694 3.6459e+250
1695 5.24507e+250
1696 7.54567e+250
1697 1.08554e+251
1698 1.56168e+251
1699 2.24667e+251
1700 3.23212e+251
1701 4.64982e+251
1702 6.68936e+251
1703 9.62352e+251
1704 1.38447e+252
1705 1.99174e+252
1706 2.86538e+252
1707 4.12223e+252
1708 5.93039e+252
1709 8.53167e+252
1710 1.2274e+253
1711 1.76578e+253
1712 2.54032e+253
1713 3.6546e+253
1714 5.25766e+253
1715 7.56388e+253
1716 1.08817e+254
1717 1.56549e+254
1718 2.25219e+254
1719 3.2401e+254
1720 4.66136e+254
1721 6.70605e+254
1722 9.64765e+254
1723 1.38796e+255
1724 1.99679e+255
1725 2.87268e+255
1726 4.13279e+255
1727 5.94565e+255
1728 8.55374e+255
1729 1.23059e+256
1730 1.77039e+256
1731 2.54699e+256
1732 3.66425e+256
1733 5.27161e+256
1734 7.58405e+256
1735 1.09109e+257
1736 1.56971e+257
1737 2.25828e+257
1738 3.24891e+257
1739 4.67409e+257
1740 6.72445e+257
1741 9.67425e+257
1742 1.3918e+258
1743 2.00234e+258
1744 2.88071e+258
1745 4.1444e+258
1746 5.96242e+258
1747 8.57798e+258
1748 1.23409e+259
1749 1.77546e+259
1750 2.5543e+259
1751 3.67482e+259
1752 5.28688e+259
1753 7.60611e+259
1754 1.09428e+260
1755 1.57431e+260
1756 2.26493e+260
1757 3.25852e+260
1758 4.68798e+260
1759 6.74452e+260
1760 9.70323e+260
1761 1.39599e+261
1762 2.00839e+261
1763 2.88945e+261
1764 4.15702e+261
1765 5.98066e+261
1766 8.60431e+261
1767 1.23789e+262
1768 1.78095e+262
1769 2.56224e+262
1770 3.68628e+262
1771 5.30343e+262
1772 7.63002e+262
1773 1.09773e+263
1774 1.5793e+263
1775 2.27213e+263
1776 3.26892e+263
1777 4.70299e+263
1778 6.7662e+263
1779 9.73454e+263
1780 1.40051e+264
1781 2.01492e+264
1782 2.89888e+264
1783 4.17063e+264
1784 6.00031e+264
1785 8.63269e+264
1786 1.24199e+265
1787 1.78686e+265
1788 2.57078e+265
1789 3.69861e+265
1790 5.32123e+265
1791 7.65572e+265
1792 1.10144e+266
1793 1.58465e+266
1794 2.27987e+266
1795 3.28008e+266
1796 4.7191e+266
1797 6.78945e+266
1798 9.76811e+266
1799 1.40536e+267
1800 2.02192e+267
1801 2.90897e+267
1802 4.1852e+267
1803 6.02134e+267
1804 8.66304e+267
1805 1.24637e+268
1806 1.79319e+268
1807 2.57991e+268
1808 3.71178e+268
1809 5.34024e+268
1810 7.68315e+268
1811 1.1054e+269
1812 1.59037e+269
1813 2.28811e+269
1814 3.29198e+269
1815 4.73628e+269
1816 6.81424e+269
1817 9.80388e+269
1818 1.41052e+270
1819 2.02936e+270
1820 2.91972e+270
1821 4.20071e+270
1822 6.04372e+270
1823 8.69533e+270
1824 1.25103e+271
1825 1.79991e+271
1826 2.58961e+271
1827 3.72577e+271
1828 5.36043e+271
1829 7.71229e+271
1830 1.1096e+272
1831 1.59643e+272
1832 2.29686e+272
1833 3.3046e+272
1834 4.75449e+272
1835 6.84052e+272
1836 9.84179e+272
1837 1.41599e+273
1838 2.03725e+273
1839 2.9311e+273
1840 4.21713e+273
1841 6.06741e+273
1842 8.7295e+273
1843 1.25596e+274
1844 1.80702e+274
1845 2.59986e+274
1846 3.74057e+274
1847 5.38177e+274
1848 7.74307e+274
1849 1.11404e+275
1850 1.60284e+275
1851 2.3061e+275
1852 3.31793e+275
1853 4.77371e+275
1854 6.86824e+275
1855 9.88178e+275
1856 1.42176e+276
1857 2.04557e+276
1858 2.9431e+276
1859 4.23443e+276
1860 6.09237e+276
1861 8.7655e+276
1862 1.26115e+277
1863 1.81451e+277
1864 2.61066e+277
1865 3.75615e+277
1866 5.40424e+277
1867 7.77547e+277
1868 1.11871e+278
1869 1.60958e+278
1870 2.31582e+278
1871 3.33194e+278
1872 4.79392e+278
1873 6.89738e+278
1874 9.9238e+278
1875 1.42782e+279
1876 2.05431e+279
1877 2.9557e+279
1878 4.25261e+279
1879 6.11857e+279
1880 8.80329e+279
1881 1.2666e+280
1882 1.82237e+280
1883 2.62199e+280
1884 3.77248e+280
1885 5.42779e+280
1886 7.80944e+280
1887 1.12361e+281
1888 1.61664e+281
1889 2.326e+281
1890 3.34662e+281
1891 4.81509e+281
1892 6.92791e+281
1893 9.96781e+281
1894 1.43416e+282
1895 2.06346e+282
1896 2.96889e+282
1897 4.27162e+282
1898 6.14599e+282
1899 8.84282e+282
1900 1.2723e+283
1901 1.83058e+283
1902 2.63384e+283
1903 3.78956e+283
1904 5.45242e+283
1905 7.84493e+283
1906 1.12873e+284
1907 1.62402e+284
1908 2.33664e+284
1909 3.36196e+284
1910 4.8372e+284
1911 6.95977e+284
1912 1.00138e+285
1913 1.44078e+285
1914 2.07301e+285
1915 2.98266e+285
1916 4.29146e+285
1917 6.17459e+285
1918 8.88405e+285
1919 1.27825e+286
1920 1.83915e+286
1921 2.64619e+286
1922 3.80737e+286
1923 5.47808e+286
1924 7.88193e+286
1925 1.13406e+287
1926 1.6317e+287
1927 2.34772e+287
1928 3.37793e+287
1929 4.86022e+287
1930 6.99296e+287
1931 1.00616e+288
1932 1.44768e+288
1933 2.08294e+288
1934 2.99698e+288
1935 4.31211e+288
1936 6.20435e+288
1937 8.92694e+288
1938 1.28443e+289
1939 1.84806e+289
1940 2.65903e+289
1941 3.82588e+289
1942 5.50476e+289
1943 7.92038e+289
1944 1.1396e+290
1945 1.63969e+290
1946 2.35923e+290
1947 3.39452e+290
1948 4.88413e+290
1949 7.02743e+290
1950 1.01113e+291
1951 1.45484e+291
1952 2.09326e+291
1953 3.01185e+291
1954 4.33354e+291
1955 6.23524e+291
1956 8.97146e+291
1957 1.29084e+292
1958 1.85731e+292
1959 2.67236e+292
1960 3.84508e+292
1961 5.53244e+292
1962 7.96026e+292
1963 1.14535e+293
1964 1.64797e+293
1965 2.37117e+293
1966 3.41173e+293
1967 4.90892e+293
1968 7.06315e+293
1969 1.01627e+294
1970 1.46226e+294
1971 2.10395e+294
1972 3.02726e+294
1973 4.35574e+294
1974 6.26723e+294
1975 9.01756e+294
1976 1.29749e+295
1977 1.86688e+295
1978 2.68615e+295
1979 3.86496e+295
1980 5.56108e+295
1981 8.00155e+295
1982 1.1513e+296
1983 1.65655e+296
1984 2.38352e+296
1985 3.42952e+296
1986 4.93457e+296
1987 7.1001e+296
1988 1.0216e+297
1989 1.46993e+297
1990 2.11501e+297
1991 3.04319e+297
1992 4.3787e+297
1993 6.30031e+297
1994 9.06522e+297
1995 1.30435e+298
1996 1.87678e+298
1997 2.70041e+298
1998 3.8855e+298
1999 5.59068e+298
2000 8.04419e+298
2001 1.15745e+299
2002 1.6654e+299
2003 2.39628e+299
2004 3.4479e+299
2005 4.96105e+299
2006 7.13826e+299
2007 1.0271e+300
2008 1.47785e+300
2009 2.12642e+300
2010 3.05963e+300
2011 4.40239e+300
2012 6.33444e+300
2013 9.1144e+300
2014 1.31144e+301
2015 1.88699e+301
2016 2.71512e+301
2017 3.90669e+301
2018 5.62121e+301
2019 8.08818e+301
2020 1.16378e+302
2021 1.67453e+302
2022 2.40943e+302
2023 3.46686e+302
2024 4.98836e+302
2025 7.1776e+302
2026 1.03276e+303
2027 1.48602e+303
2028 2.13819e+303
2029 3.07658e+303
2030 4.42681e+303
2031 6.36962e+303
2032 9.16508e+303
2033 1.31874e+304
2034 1.8975e+304
2035 2.73027e+304
2036 3.92852e+304
2037 5.65266e+304
2038 8.13348e+304
2039 1.17031e+305
2040 1.68393e+305
2041 2.42297e+305
2042 3.48637e+305
2043 5.01646e+305
2044 7.21809e+305
2045 1.0386e+306
2046 1.49442e+306
2047 2.15029e+306
2048 3.09402e+306
2049 4.45193e+306
2050 6.40581e+306
2051 9.21721e+306
2052 1.32625e+307
2053 1.90832e+307
2054 2.74586e+307
2055 3.95097e+307
2056 5.685e+307
2057 8.18007e+307
2058 1.17702e+308
2059 1.6936e+308
2060 inf
2061 inf
