0.1 1.0202
0.2 1.04081
0.3 1.06184
0.4 1.08329
0.5 1.10517
0.6 1.1275
0.7 1.15027
0.8 1.17351
0.9 1.19722
1 1.2214
1.1 1.24608
1.2 1.27125
1.3 1.29693
1.4 1.32313
1.5 1.34986
1.6 1.37713
1.7 1.40495
1.8 1.43333
1.9 1.46228
2 1.49182
2.1 1.52196
2.2 1.55271
2.3 1.58407
2.4 1.61607
2.5 1.64872
2.6 1.68203
2.7 1.71601
2.8 1.75067
2.9 1.78604
3 1.82212
3.1 1.85893
3.2 1.89648
3.3 1.93479
3.4 1.97388
3.5 2.01375
3.6 2.05443
3.7 2.09594
3.8 2.13828
3.9 2.18147
4 2.22554
4.1 2.2705
4.2 2.31637
4.3 2.36316
4.4 2.4109
4.5 2.4596
4.6 2.50929
4.7 2.55998
4.8 2.6117
4.9 2.66446
5 2.71828
5.1 2.77319
5.2 2.82922
5.3 2.88637
5.4 2.94468
5.5 3.00417
5.6 3.06485
5.7 3.12677
5.8 3.18993
5.9 3.25437
6 3.32012
6.1 3.38719
6.2 3.45561
6.3 3.52542
6.4 3.59664
6.5 3.6693
6.6 3.74342
6.7 3.81904
6.8 3.89619
6.9 3.9749
7 4.0552
7.1 4.13712
7.2 4.2207
7.3 4.30596
7.4 4.39295
7.5 4.48169
7.6 4.57223
7.7 4.66459
7.8 4.75882
7.9 4.85496
8 4.95303
8.1 5.05309
8.2 5.15517
8.3 5.25931
8.4 5.36556
8.5 5.47395
8.6 5.58453
8.7 5.69734
8.8 5.81244
8.9 5.92986
9 6.04965
9.1 6.17186
9.2 6.29654
9.3 6.42374
9.4 6.5535
9.5 6.68589
9.6 6.82096
9.7 6.95875
9.8 7.09933
9.9 7.24274
10 7.38906
10.1 7.53832
10.2 7.69061
10.3 7.84597
10.4 8.00447
10.5 8.16617
10.6 8.33114
10.7 8.49944
10.8 8.67114
10.9 8.84631
11 9.02501
11.1 9.20733
11.2 9.39333
11.3 9.58309
11.4 9.77668
11.5 9.97418
11.6 10.1757
11.7 10.3812
11.8 10.591
11.9 10.8049
12 11.0232
12.1 11.2459
12.2 11.473
12.3 11.7048
12.4 11.9413
12.5 12.1825
12.6 12.4286
12.7 12.6797
12.8 12.9358
12.9 13.1971
13 13.4637
13.1 13.7357
13.2 14.0132
13.3 14.2963
13.4 14.5851
13.5 14.8797
13.6 15.1803
13.7 15.487
13.8 15.7998
13.9 16.119
14 16.4446
14.1 16.7769
14.2 17.1158
14.3 17.4615
14.4 17.8143
14.5 18.1741
14.6 18.5413
14.7 18.9158
14.8 19.298
14.9 19.6878
15 20.0855
15.1 20.4913
15.2 20.9052
15.3 21.3276
15.4 21.7584
15.5 22.198
15.6 22.6464
15.7 23.1039
15.8 23.5706
15.9 24.0468
16 24.5325
16.1 25.0281
16.2 25.5337
16.3 26.0495
16.4 26.5758
16.5 27.1126
16.6 27.6604
16.7 28.2191
16.8 28.7892
16.9 29.3708
17 29.9641
17.1 30.5694
17.2 31.187
17.3 31.817
17.4 32.4597
17.5 33.1155
17.6 33.7844
17.7 34.4669
17.8 35.1632
17.9 35.8735
18 36.5982
18.1 37.3376
18.2 38.0918
18.3 38.8613
18.4 39.6464
18.5 40.4473
18.6 41.2644
18.7 42.098
18.8 42.9484
18.9 43.816
19 44.7012
19.1 45.6042
19.2 46.5255
19.3 47.4654
19.4 48.4242
19.5 49.4024
19.6 50.4004
19.7 51.4186
19.8 52.4573
19.9 53.517
