0.1 1.02
0.2 1.0404
0.3 1.06121
0.4 1.08243
0.5 1.10408
0.6 1.12616
0.7 1.14869
0.8 1.17166
0.9 1.19509
1 1.21899
1.1 1.24337
1.2 1.26824
1.3 1.29361
1.4 1.31948
1.5 1.34587
1.6 1.37279
1.7 1.40024
1.8 1.42825
1.9 1.45681
2 1.48595
2.1 1.51567
2.2 1.54598
2.3 1.5769
2.4 1.60844
2.5 1.64061
2.6 1.67342
2.7 1.70689
2.8 1.74102
2.9 1.77584
3 1.81136
3.1 1.84759
3.2 1.88454
3.3 1.92223
3.4 1.96068
3.5 1.99989
3.6 2.03989
3.7 2.08069
3.8 2.1223
3.9 2.16474
4 2.20804
4.1 2.2522
4.2 2.29724
4.3 2.34319
4.4 2.39005
4.5 2.43785
4.6 2.48661
4.7 2.53634
4.8 2.58707
4.9 2.63881
5 2.69159
5.1 2.74542
5.2 2.80033
5.3 2.85633
5.4 2.91346
5.5 2.97173
5.6 3.03117
5.7 3.09179
5.8 3.15362
5.9 3.2167
6 3.28103
6.1 3.34665
6.2 3.41358
6.3 3.48186
6.4 3.55149
6.5 3.62252
6.6 3.69497
6.7 3.76887
6.8 3.84425
6.9 3.92114
7 3.99956
7.1 4.07955
7.2 4.16114
7.3 4.24436
7.4 4.32925
7.5 4.41584
7.6 4.50415
7.7 4.59424
7.8 4.68612
7.9 4.77984
8 4.87544
8.1 4.97295
8.2 5.07241
8.3 5.17386
8.4 5.27733
8.5 5.38288
8.6 5.49054
8.7 5.60035
8.8 5.71235
8.9 5.8266
9 5.94313
9.1 6.062
9.2 6.18324
9.3 6.3069
9.4 6.43304
9.5 6.5617
9.6 6.69293
9.7 6.82679
9.8 6.96333
9.9 7.10259
10 7.24465
10.1 7.38954
10.2 7.53733
10.3 7.68808
10.4 7.84184
10.5 7.99867
10.6 8.15865
10.7 8.32182
10.8 8.48826
10.9 8.65802
11 8.83118
11.1 9.00781
11.2 9.18796
11.3 9.37172
11.4 9.55916
11.5 9.75034
11.6 9.94535
11.7 10.1443
11.8 10.3471
11.9 10.5541
12 10.7652
12.1 10.9805
12.2 11.2001
12.3 11.4241
12.4 11.6526
12.5 11.8856
12.6 12.1233
12.7 12.3658
12.8 12.6131
12.9 12.8654
13 13.1227
13.1 13.3851
13.2 13.6528
13.3 13.9259
13.4 14.2044
13.5 14.4885
13.6 14.7783
13.7 15.0738
13.8 15.3753
13.9 15.6828
14 15.9965
14.1 16.3164
14.2 16.6427
14.3 16.9756
14.4 17.3151
14.5 17.6614
14.6 18.0146
14.7 18.3749
14.8 18.7424
14.9 19.1173
15 19.4996
15.1 19.8896
15.2 20.2874
15.3 20.6931
15.4 21.107
15.5 21.5291
15.6 21.9597
15.7 22.3989
15.8 22.8469
15.9 23.3038
16 23.7699
16.1 24.2453
16.2 24.7302
16.3 25.2248
16.4 25.7293
16.5 26.2439
16.6 26.7688
16.7 27.3042
16.8 27.8502
16.9 28.4072
17 28.9754
17.1 29.5549
17.2 30.146
17.3 30.7489
17.4 31.3639
17.5 31.9912
17.6 32.631
17.7 33.2836
17.8 33.9493
17.9 34.6283
18 35.3208
18.1 36.0272
18.2 36.7478
18.3 37.4827
18.4 38.2324
18.5 38.9971
18.6 39.777
18.7 40.5725
18.8 41.384
18.9 42.2117
19 43.0559
19.1 43.917
19.2 44.7954
19.3 45.6913
19.4 46.6051
19.5 47.5372
19.6 48.4879
19.7 49.4577
19.8 50.4468
19.9 51.4558
