0.1 0.0197987
0.2 0.0407892
0.3 0.0630275
0.4 0.0865715
0.5 0.111482
0.6 0.137822
0.7 0.165658
0.8 0.195058
0.9 0.226094
1 0.258842
1.1 0.293377
1.2 0.329783
1.3 0.368143
1.4 0.408547
1.5 0.451085
1.6 0.495853
1.7 0.542953
1.8 0.592487
1.9 0.644565
2 0.699298
2.1 0.756807
2.2 0.817212
2.3 0.880642
2.4 0.94723
2.5 1.01712
2.6 1.09044
2.7 1.16736
2.8 1.24803
2.9 1.33261
3 1.42128
3.1 1.51421
3.2 1.61158
3.3 1.71359
3.4 1.82044
3.5 1.93234
3.6 2.0495
3.7 2.17215
3.8 2.30054
3.9 2.43489
4 2.57548
4.1 2.72256
4.2 2.87642
4.3 3.03733
4.4 3.20562
4.5 3.38157
4.6 3.56553
4.7 3.75783
4.8 3.95883
4.9 4.16889
5 4.3884
5.1 4.61776
5.2 4.85737
5.3 5.10768
5.4 5.36913
5.5 5.6422
5.6 5.92737
5.7 6.22514
5.8 6.53605
5.9 6.86065
6 7.19951
6.1 7.55322
6.2 7.92242
6.3 8.30773
6.4 8.70984
6.5 9.12944
6.6 9.56726
6.7 10.0241
6.8 10.5006
6.9 10.9978
7 11.5164
7.1 12.0574
7.2 12.6216
7.3 13.21
7.4 13.8236
7.5 14.4636
7.6 15.1308
7.7 15.8266
7.8 16.552
7.9 17.3083
8 18.0968
8.1 18.9187
8.2 19.7755
8.3 20.6686
8.4 21.5994
8.5 22.5697
8.6 23.5808
8.7 24.6346
8.8 25.7328
8.9 26.8772
9 28.0697
9.1 29.3122
9.2 30.6069
9.3 31.9559
9.4 33.3613
9.5 34.8255
9.6 36.3509
9.7 37.94
9.8 39.5953
9.9 41.3197
10 43.1159
10.1 44.9868
10.2 46.9355
10.3 48.9652
10.4 51.0792
10.5 53.2808
10.6 55.5737
10.7 57.9616
10.8 60.4484
10.9 63.038
11 65.7346
11.1 68.5427
11.2 71.4667
11.3 74.5114
11.4 77.6815
11.5 80.9824
11.6 84.4191
11.7 87.9974
11.8 91.7228
11.9 95.6014
12 99.6394
12.1 103.843
12.2 108.22
12.3 112.776
12.4 117.518
12.5 122.455
12.6 127.595
12.7 132.945
12.8 138.514
12.9 144.31
13 150.344
13.1 156.624
13.2 163.161
13.3 169.965
13.4 177.047
13.5 184.417
13.6 192.089
13.7 200.073
13.8 208.382
13.9 217.03
14 226.031
14.1 235.397
14.2 245.146
14.3 255.29
14.4 265.848
14.5 276.834
14.6 288.267
14.7 300.165
14.8 312.546
14.9 325.43
15 338.837
15.1 352.788
15.2 367.306
15.3 382.412
15.4 398.13
15.5 414.486
15.6 431.505
15.7 449.214
15.8 467.64
15.9 486.812
16 506.761
16.1 527.517
16.2 549.113
16.3 571.583
16.4 594.962
16.5 619.287
16.6 644.595
16.7 670.927
16.8 698.322
16.9 726.825
17 756.48
17.1 787.332
17.2 819.431
17.3 852.825
17.4 887.568
17.5 923.714
17.6 961.318
17.7 1000.44
17.8 1041.14
17.9 1083.48
18 1127.53
18.1 1173.36
18.2 1221.03
18.3 1270.63
18.4 1322.22
18.5 1375.89
18.6 1431.73
18.7 1489.82
18.8 1550.24
18.9 1613.1
19 1678.49
19.1 1746.52
19.2 1817.28
19.3 1890.89
19.4 1967.47
19.5 2047.13
19.6 2129.99
19.7 2216.19
19.8 2305.85
19.9 2399.13
