0.2 1.07742e-05
0.4 2.24277e-05
0.6 3.50143e-05
0.8 4.85907e-05
1 6.32169e-05
1.2 7.89557e-05
1.4 9.58738e-05
1.6 0.000114041
1.8 0.000133531
2 0.000154422
2.2 0.000176796
2.4 0.000200739
2.6 0.000226341
2.8 0.000253698
3 0.000282911
3.2 0.000314085
3.4 0.000347333
3.6 0.000382771
3.8 0.000420523
4 0.000460719
4.2 0.000503494
4.4 0.000548994
4.6 0.000597368
4.8 0.000648777
5 0.000703386
5.2 0.000761371
5.4 0.000822918
5.6 0.000888219
5.8 0.00095748
6 0.00103091
6.2 0.00110875
6.4 0.00119122
6.6 0.00127857
6.8 0.00137107
7 0.00146898
7.2 0.00157261
7.4 0.00168225
7.6 0.00179821
7.8 0.00192084
8 0.00205048
8.2 0.00218751
8.4 0.0023323
8.6 0.00248527
8.8 0.00264684
9 0.00281745
9.2 0.00299758
9.4 0.00318773
9.6 0.00338839
9.8 0.00360013
10 0.00382351
10.2 0.00405912
10.4 0.00430759
10.6 0.00456958
10.8 0.00484578
11 0.00513691
11.2 0.00544374
11.4 0.00576705
11.6 0.00610768
11.8 0.0064665
12 0.00684445
12.2 0.00724247
12.4 0.00766157
12.6 0.00810282
12.8 0.00856732
13 0.00905624
13.2 0.0095708
13.4 0.0101123
13.6 0.010682
13.8 0.0112814
14 0.0119119
14.2 0.0125751
14.4 0.0132725
14.6 0.014006
14.8 0.0147772
15 0.015588
15.2 0.0164404
15.4 0.0173364
15.6 0.0182782
15.8 0.0192679
16 0.020308
16.2 0.0214009
16.4 0.0225492
16.6 0.0237555
16.8 0.0250228
17 0.0263539
17.2 0.0277519
17.4 0.0292202
17.6 0.0307621
17.8 0.0323812
18 0.0340813
18.2 0.0358661
18.4 0.0377398
18.6 0.0397068
18.8 0.0417714
19 0.0439384
19.2 0.0462127
19.4 0.0485995
19.6 0.0511041
19.8 0.0537321
20 0.0564896
