0.1 0.00673199
0.2 0.0137813
0.3 0.0211592
0.4 0.0288774
0.5 0.0369478
0.6 0.0453829
0.7 0.0541956
0.8 0.0633989
0.9 0.0730065
1 0.0830324
1.1 0.0934913
1.2 0.104398
1.3 0.115768
1.4 0.127617
1.5 0.139961
1.6 0.152818
1.7 0.166205
1.8 0.180139
1.9 0.19464
2 0.209726
2.1 0.225418
2.2 0.241735
2.3 0.258699
2.4 0.27633
2.5 0.294652
2.6 0.313687
2.7 0.333459
2.8 0.353993
2.9 0.375312
3 0.397444
3.1 0.420415
3.2 0.444253
3.3 0.468985
3.4 0.494642
3.5 0.521252
3.6 0.548848
3.7 0.57746
3.8 0.607123
3.9 0.63787
4 0.669736
4.1 0.702756
4.2 0.736969
4.3 0.772411
4.4 0.809124
4.5 0.847146
4.6 0.886521
4.7 0.92729
4.8 0.969499
4.9 1.01319
5 1.05842
5.1 1.10522
5.2 1.15366
5.3 1.20378
5.4 1.25563
5.5 1.30927
5.6 1.36476
5.7 1.42215
5.8 1.4815
5.9 1.54288
6 1.60634
6.1 1.67196
6.2 1.73979
6.3 1.80991
6.4 1.8824
6.5 1.95731
6.6 2.03473
6.7 2.11473
6.8 2.19739
6.9 2.28281
7 2.37105
7.1 2.46221
7.2 2.55638
7.3 2.65364
7.4 2.7541
7.5 2.85785
7.6 2.96499
7.7 3.07563
7.8 3.18987
7.9 3.30782
8 3.42959
8.1 3.55531
8.2 3.68508
8.3 3.81904
8.4 3.9573
8.5 4.10001
8.6 4.24728
8.7 4.39927
8.8 4.55611
8.9 4.71795
9 4.88494
9.1 5.05724
9.2 5.235
9.3 5.41838
9.4 5.60756
9.5 5.80271
9.6 6.004
9.7 6.21163
9.8 6.42578
9.9 6.64664
10 6.87441
10.1 7.1093
10.2 7.35153
10.3 7.6013
10.4 7.85885
10.5 8.1244
10.6 8.39819
10.7 8.68047
10.8 8.97148
10.9 9.27149
11 9.58075
11.1 9.89955
11.2 10.2282
11.3 10.5669
11.4 10.916
11.5 11.2758
11.6 11.6467
11.7 12.0288
11.8 12.4227
11.9 12.8286
12 13.2468
12.1 13.6778
12.2 14.1219
12.3 14.5795
12.4 15.051
12.5 15.5367
12.6 16.0372
12.7 16.5528
12.8 17.084
12.9 17.6312
13 18.1949
13.1 18.7756
13.2 19.3738
13.3 19.9899
13.4 20.6245
13.5 21.2782
13.6 21.9515
13.7 22.6449
13.8 23.3591
13.9 24.0946
14 24.852
14.1 25.6321
14.2 26.4354
14.3 27.2626
14.4 28.1144
14.5 28.9916
14.6 29.8948
14.7 30.8247
14.8 31.7823
14.9 32.7682
15 33.7833
15.1 34.8284
15.2 35.9044
15.3 37.0122
15.4 38.1526
15.5 39.3267
15.6 40.5353
15.7 41.7795
15.8 43.0603
15.9 44.3787
16 45.7359
16.1 47.1329
16.2 48.5708
16.3 50.0509
16.4 51.5743
16.5 53.1422
16.6 54.7561
16.7 56.417
16.8 58.1265
16.9 59.8858
17 61.6965
17.1 63.5599
17.2 65.4776
17.3 67.4511
17.4 69.4819
17.5 71.5718
17.6 73.7224
17.7 75.9355
17.8 78.2127
17.9 80.5559
18 82.9671
18.1 85.448
18.2 88.0008
18.3 90.6274
18.4 93.3299
18.5 96.1105
18.6 98.9713
18.7 101.915
18.8 104.943
18.9 108.059
19 111.264
19.1 114.562
19.2 117.954
19.3 121.444
19.4 125.035
19.5 128.728
19.6 132.528
19.7 136.437
19.8 140.458
19.9 144.594
