0.2 -5.41924e-08
0.4 -1.12808e-07
0.6 -1.76118e-07
0.8 -2.44407e-07
1 -3.17977e-07
1.2 -3.97144e-07
1.4 -4.82244e-07
1.6 -5.73628e-07
1.8 -6.71668e-07
2 -7.76755e-07
2.2 -8.89301e-07
2.4 -1.00974e-06
2.6 -1.13853e-06
2.8 -1.27614e-06
3 -1.4231e-06
3.2 -1.57992e-06
3.4 -1.74717e-06
3.6 -1.92544e-06
3.8 -2.11536e-06
4 -2.31756e-06
4.2 -2.53275e-06
4.4 -2.76165e-06
4.6 -3.005e-06
4.8 -3.26362e-06
5 -3.53835e-06
5.2 -3.83006e-06
5.4 -4.13969e-06
5.6 -4.46821e-06
5.8 -4.81666e-06
6 -5.1861e-06
6.2 -5.57767e-06
6.4 -5.99257e-06
6.6 -6.43204e-06
6.8 -6.8974e-06
7 -7.39003e-06
7.2 -7.91139e-06
7.4 -8.46299e-06
7.6 -9.04643e-06
7.8 -9.6634e-06
8 -1.03157e-05
8.2 -1.10051e-05
8.4 -1.17336e-05
8.6 -1.25032e-05
8.8 -1.33161e-05
9 -1.41745e-05
9.2 -1.50808e-05
9.4 -1.60375e-05
9.6 -1.70472e-05
9.8 -1.81125e-05
10 -1.92364e-05
10.2 -2.04219e-05
10.4 -2.16721e-05
10.6 -2.29904e-05
10.8 -2.43801e-05
11 -2.5845e-05
11.2 -2.73888e-05
11.4 -2.90156e-05
11.6 -3.07296e-05
11.8 -3.25352e-05
12 -3.44369e-05
12.2 -3.64397e-05
12.4 -3.85485e-05
12.6 -4.07688e-05
12.8 -4.31062e-05
13 -4.55664e-05
13.2 -4.81556e-05
13.4 -5.08803e-05
13.6 -5.37472e-05
13.8 -5.67633e-05
14 -5.99361e-05
14.2 -6.32733e-05
14.4 -6.67831e-05
14.6 -7.04739e-05
14.8 -7.43548e-05
15 -7.84351e-05
15.2 -8.27246e-05
15.4 -8.72335e-05
15.6 -9.19727e-05
15.8 -9.69535e-05
16 -0.000102188
16.2 -0.000107687
16.4 -0.000113466
16.6 -0.000119537
16.8 -0.000125914
17 -0.000132613
17.2 -0.000139649
17.4 -0.000147038
17.6 -0.000154798
17.8 -0.000162946
18 -0.000171502
18.2 -0.000180484
18.4 -0.000189914
18.6 -0.000199813
18.8 -0.000210204
19 -0.00022111
19.2 -0.000232556
19.4 -0.000244568
19.6 -0.000257173
19.8 -0.0002704
20 -0.000284278
