0.1 1.0202
0.2 1.04081
0.3 1.06183
0.4 1.08328
0.5 1.10516
0.6 1.12749
0.7 1.15026
0.8 1.1735
0.9 1.1972
1 1.22139
1.1 1.24606
1.2 1.27123
1.3 1.29691
1.4 1.32311
1.5 1.34983
1.6 1.3771
1.7 1.40492
1.8 1.4333
1.9 1.46225
2 1.49179
2.1 1.52192
2.2 1.55266
2.3 1.58403
2.4 1.61602
2.5 1.64867
2.6 1.68197
2.7 1.71595
2.8 1.75061
2.9 1.78597
3 1.82205
3.1 1.85885
3.2 1.8964
3.3 1.93471
3.4 1.97379
3.5 2.01366
3.6 2.05434
3.7 2.09583
3.8 2.13817
3.9 2.18136
4 2.22542
4.1 2.27038
4.2 2.31624
4.3 2.36303
4.4 2.41076
4.5 2.45946
4.6 2.50914
4.7 2.55982
4.8 2.61153
4.9 2.66428
5 2.7181
5.1 2.77301
5.2 2.82902
5.3 2.88617
5.4 2.94447
5.5 3.00395
5.6 3.06463
5.7 3.12653
5.8 3.18969
5.9 3.25412
6 3.31986
6.1 3.38692
6.2 3.45533
6.3 3.52513
6.4 3.59634
6.5 3.66898
6.6 3.7431
6.7 3.81871
6.8 3.89585
6.9 3.97454
7 4.05483
7.1 4.13673
7.2 4.2203
7.3 4.30555
7.4 4.39252
7.5 4.48125
7.6 4.57177
7.7 4.66412
7.8 4.75833
7.9 4.85445
8 4.95251
8.1 5.05255
8.2 5.15461
8.3 5.25874
8.4 5.36496
8.5 5.47334
8.6 5.5839
8.7 5.69669
8.8 5.81177
8.9 5.92916
9 6.04893
9.1 6.17112
9.2 6.29578
9.3 6.42295
9.4 6.5527
9.5 6.68506
9.6 6.8201
9.7 6.95786
9.8 7.09841
9.9 7.2418
10 7.38809
10.1 7.53732
10.2 7.68958
10.3 7.84491
10.4 8.00338
10.5 8.16504
10.6 8.32998
10.7 8.49824
10.8 8.66991
10.9 8.84504
11 9.02371
11.1 9.20599
11.2 9.39195
11.3 9.58167
11.4 9.77522
11.5 9.97268
11.6 10.1741
11.7 10.3796
11.8 10.5893
11.9 10.8032
12 11.0214
12.1 11.2441
12.2 11.4712
12.3 11.7029
12.4 11.9393
12.5 12.1805
12.6 12.4265
12.7 12.6776
12.8 12.9336
12.9 13.1949
13 13.4614
13.1 13.7334
13.2 14.0108
13.3 14.2938
13.4 14.5825
13.5 14.8771
13.6 15.1776
13.7 15.4842
13.8 15.797
13.9 16.1161
14 16.4416
14.1 16.7737
14.2 17.1126
14.3 17.4582
14.4 17.8109
14.5 18.1707
14.6 18.5377
14.7 18.9122
14.8 19.2942
14.9 19.684
15 20.0816
15.1 20.4872
15.2 20.9011
15.3 21.3233
15.4 21.754
15.5 22.1934
15.6 22.6417
15.7 23.0991
15.8 23.5657
15.9 24.0417
16 24.5274
16.1 25.0228
16.2 25.5283
16.3 26.044
16.4 26.57
16.5 27.1068
16.6 27.6543
16.7 28.2129
16.8 28.7828
16.9 29.3643
17 29.9574
17.1 30.5625
17.2 31.1799
17.3 31.8097
17.4 32.4523
17.5 33.1078
17.6 33.7766
17.7 34.4589
17.8 35.155
17.9 35.8651
18 36.5896
18.1 37.3287
18.2 38.0827
18.3 38.852
18.4 39.6368
18.5 40.4375
18.6 41.2543
18.7 42.0877
18.8 42.9378
18.9 43.8052
19 44.69
19.1 45.5928
19.2 46.5137
19.3 47.4533
19.4 48.4119
19.5 49.3898
19.6 50.3875
19.7 51.4053
19.8 52.4437
19.9 53.503
