0.2 1.04081
0.4 1.08329
0.6 1.1275
0.8 1.17351
1 1.2214
1.2 1.27125
1.4 1.32313
1.6 1.37713
1.8 1.43333
2 1.49182
2.2 1.55271
2.4 1.61607
2.6 1.68203
2.8 1.75067
3 1.82212
3.2 1.89648
3.4 1.97388
3.6 2.05443
3.8 2.13827
4 2.22554
4.2 2.31636
4.4 2.4109
4.6 2.50929
4.8 2.61169
5 2.71828
5.2 2.82921
5.4 2.94468
5.6 3.06485
5.8 3.18993
6 3.32011
6.2 3.45561
6.4 3.59663
6.6 3.74341
6.8 3.89619
7 4.05519
7.2 4.22069
7.4 4.39294
7.6 4.57222
7.8 4.75881
8 4.95302
8.2 5.15516
8.4 5.36554
8.6 5.58452
8.8 5.81242
9 6.04963
9.2 6.29652
9.4 6.55349
9.6 6.82094
9.8 7.09931
10 7.38904
10.2 7.69059
10.4 8.00445
10.6 8.33111
10.8 8.67111
11 9.02499
11.2 9.3933
11.4 9.77665
11.6 10.1756
11.8 10.5909
12 11.0231
12.2 11.473
12.4 11.9412
12.6 12.4286
12.8 12.9358
13 13.4637
13.2 14.0132
13.4 14.585
13.6 15.1803
13.8 15.7998
14 16.4446
14.2 17.1157
14.4 17.8142
14.6 18.5412
14.8 19.2979
15 20.0855
15.2 20.9052
15.4 21.7583
15.6 22.6463
15.8 23.5705
16 24.5324
16.2 25.5336
16.4 26.5757
16.6 27.6602
16.8 28.7891
17 29.964
17.2 31.1868
17.4 32.4596
17.6 33.7843
17.8 35.163
18 36.5981
18.2 38.0917
18.4 39.6462
18.6 41.2642
18.8 42.9482
19 44.701
19.2 46.5252
19.4 48.424
19.6 50.4002
19.8 52.4571
20 54.5979
