0.2 1.0408
0.4 1.08326
0.6 1.12746
0.8 1.17346
1 1.22134
1.2 1.27117
1.4 1.32303
1.6 1.37701
1.8 1.4332
2 1.49167
2.2 1.55253
2.4 1.61587
2.6 1.6818
2.8 1.75042
3 1.82184
3.2 1.89617
3.4 1.97353
3.6 2.05405
3.8 2.13786
4 2.22508
4.2 2.31586
4.4 2.41035
4.6 2.50869
4.8 2.61105
5 2.71758
5.2 2.82846
5.4 2.94386
5.6 3.06397
5.8 3.18898
6 3.31909
6.2 3.4545
6.4 3.59545
6.6 3.74214
6.8 3.89482
7 4.05373
7.2 4.21912
7.4 4.39126
7.6 4.57043
7.8 4.7569
8 4.95098
8.2 5.15298
8.4 5.36322
8.6 5.58204
8.8 5.80979
9 6.04683
9.2 6.29354
9.4 6.55032
9.6 6.81757
9.8 7.09573
10 7.38523
10.2 7.68655
10.4 8.00016
10.6 8.32657
10.8 8.66629
11 9.01988
11.2 9.38789
11.4 9.77091
11.6 10.1696
11.8 10.5845
12 11.0163
12.2 11.4658
12.4 11.9336
12.6 12.4205
12.8 12.9272
13 13.4547
13.2 14.0036
13.4 14.575
13.6 15.1696
13.8 15.7886
14 16.4327
14.2 17.1032
14.4 17.801
14.6 18.5273
14.8 19.2832
15 20.0699
15.2 20.8888
15.4 21.7411
15.6 22.6281
15.8 23.5513
16 24.5122
16.2 25.5123
16.4 26.5532
16.6 27.6366
16.8 28.7642
17 29.9377
17.2 31.1592
17.4 32.4305
17.6 33.7537
17.8 35.1308
18 36.5642
18.2 38.056
18.4 39.6087
18.6 41.2247
18.8 42.9067
19 44.6572
19.2 46.4793
19.4 48.3756
19.6 50.3493
19.8 52.4036
20 54.5417
