0 0.125002
0.420427 0.125049
0.84352 0.125096
1.28503 0.125153
1.74517 0.12522
2.17445 0.12527
2.59463 0.125317
3.02332 0.125367
3.4797 0.125432
3.92308 0.125489
4.34581 0.125537
4.7675 0.125584
5.20514 0.125639
5.67119 0.125709
6.1029 0.125761
6.5229 0.125808
6.94933 0.125857
7.40058 0.125919
7.84788 0.125979
8.27181 0.126028
8.6924 0.126075
9.1266 0.126128
9.5963 0.126201
10.0308 0.126254
10.4508 0.126301
10.8753 0.12635
11.3218 0.12641
11.7735 0.126472
12.199 0.126521
12.6187 0.126568
13.0499 0.12662
13.513 0.126689
13.9506 0.126745
14.3711 0.126792
14.7937 0.12684
15.2354 0.126897
15.6927 0.126963
16.1203 0.127014
16.5395 0.12706
16.9678 0.127111
17.4243 0.127177
17.8658 0.127234
18.2873 0.127282
18.7082 0.12733
19.1454 0.127385
19.6095 0.127455
20.0398 0.127507
20.4589 0.127554
20.8844 0.127604
21.3349 0.127666
21.781 0.127726
22.204 0.127775
22.6236 0.127822
23.0567 0.127875
23.5251 0.127949
23.9588 0.128002
24.3779 0.128049
24.8013 0.128098
25.2463 0.128158
25.6976 0.128221
26.1223 0.128271
26.5411 0.128318
26.9708 0.12837
27.4317 0.128439
27.869 0.128495
28.2889 0.128542
28.7101 0.12859
29.1497 0.128647
29.6077 0.128715
30.0351 0.128766
30.4534 0.128812
30.8799 0.128863
31.3335 0.128928
31.7755 0.128987
