0 0.125002
0.195145 0.125005
0.391297 0.125007
0.590068 0.125009
0.793311 0.125012
1.00338 0.125014
1.22125 0.125018
1.42943 0.125021
1.63095 0.125023
1.82849 0.125025
2.02403 0.125028
2.21922 0.12503
2.41561 0.125032
2.61486 0.125034
2.81886 0.125037
3.03006 0.12504
3.24642 0.125043
3.45355 0.125046
3.65443 0.125048
3.8516 0.12505
4.047 0.125053
4.24224 0.125055
4.43891 0.125057
4.63864 0.125059
4.8434 0.125062
5.05574 0.125065
5.27072 0.125068
5.47689 0.125071
5.67717 0.125073
5.87402 0.125075
6.06931 0.125078
6.26464 0.12508
6.46159 0.125082
6.66183 0.125084
6.86737 0.125087
7.08087 0.12509
7.29457 0.125093
7.49984 0.125096
7.69957 0.125098
7.89613 0.1251
8.09133 0.125103
8.28677 0.125105
8.48402 0.125107
8.68479 0.125109
8.89115 0.125112
9.10586 0.125115
9.31834 0.125118
9.52276 0.125121
9.72198 0.125123
9.91827 0.125126
10.1134 0.125128
10.309 0.12513
10.5066 0.125132
10.7079 0.125135
10.9151 0.125137
11.1311 0.125141
11.3424 0.125144
11.546 0.125146
11.7447 0.125148
11.9408 0.125151
12.1359 0.125153
12.3316 0.125155
12.5296 0.125157
12.7315 0.12516
12.9396 0.125162
13.157 0.125166
13.3671 0.125169
13.57 0.125171
13.7682 0.125174
13.9641 0.125176
14.1592 0.125178
14.3551 0.12518
14.5534 0.125182
14.756 0.125185
14.9651 0.125188
15.184 0.125191
15.393 0.125194
15.5951 0.125196
15.7929 0.125199
15.9885 0.125201
16.1836 0.125203
16.3798 0.125205
16.5786 0.125208
16.7819 0.12521
16.9921 0.125213
17.2096 0.125216
17.4176 0.125219
17.6189 0.125222
17.8164 0.125224
18.0118 0.125226
18.207 0.125228
18.4033 0.12523
18.6026 0.125233
18.8067 0.125235
19.018 0.125238
19.2341 0.125242
19.441 0.125244
19.6417 0.125247
19.8388 0.125249
20.0341 0.125251
20.2294 0.125253
20.426 0.125256
20.6258 0.125258
20.8306 0.125261
21.043 0.125264
21.2578 0.125267
21.4638 0.125269
21.6639 0.125272
21.8607 0.125274
22.0559 0.125276
22.2512 0.125278
22.4481 0.125281
22.6484 0.125283
22.854 0.125286
23.0675 0.125289
23.281 0.125292
23.4862 0.125294
23.6858 0.125297
23.8823 0.125299
24.0774 0.125301
24.2728 0.125303
24.47 0.125306
24.6708 0.125308
24.8772 0.125311
25.092 0.125314
25.3043 0.125317
25.5086 0.12532
25.7077 0.125322
25.9039 0.125324
26.099 0.125326
26.2945 0.125328
26.4921 0.125331
26.6934 0.125333
26.9006 0.125336
27.1167 0.125339
27.3278 0.125342
27.5313 0.125345
27.73 0.125347
27.926 0.125349
28.121 0.125351
28.3167 0.125354
28.5146 0.125356
28.7165 0.125358
28.9247 0.125361
29.142 0.125364
29.3521 0.125367
29.5548 0.12537
29.753 0.125372
29.9488 0.125374
30.1438 0.125377
30.3397 0.125379
30.538 0.125381
30.7406 0.125384
30.9497 0.125386
31.1685 0.12539
31.3774 0.125393
31.5794 0.125395
31.7772 0.125397
31.9727 0.1254
