0 0.125002
0.0905782 0.125002
0.181574 0.125003
0.273014 0.125003
0.365066 0.125003
0.457914 0.125003
0.55176 0.125003
0.646832 0.125003
0.743394 0.125003
0.841757 0.125003
0.942301 0.125004
1.04258 0.125004
1.14065 0.125004
1.23689 0.125004
1.33164 0.125004
1.42518 0.125004
1.51776 0.125004
1.60958 0.125004
1.70085 0.125005
1.79172 0.125005
1.88237 0.125005
1.97295 0.125005
2.06361 0.125005
2.1545 0.125005
2.2458 0.125005
2.33765 0.125005
2.43024 0.125005
2.52378 0.125005
2.61846 0.125006
2.71456 0.125006
2.81236 0.125006
2.91222 0.125006
3.01322 0.125006
3.1119 0.125006
3.20863 0.125006
3.30378 0.125007
3.39765 0.125007
3.49048 0.125007
3.58251 0.125007
3.67392 0.125007
3.76489 0.125007
3.85559 0.125007
3.94617 0.125007
4.03679 0.125007
4.1276 0.125007
4.21876 0.125008
4.31043 0.125008
4.40279 0.125008
4.49602 0.125008
4.59035 0.125008
4.68601 0.125008
4.78328 0.125008
4.8825 0.125008
4.98408 0.125009
5.08339 0.125009
5.18064 0.125009
5.27621 0.125009
5.37042 0.125009
5.46353 0.125009
5.55576 0.125009
5.64733 0.125009
5.73841 0.12501
5.82917 0.12501
5.91977 0.12501
6.01036 0.12501
6.1011 0.12501
6.19214 0.12501
6.28365 0.12501
6.37579 0.12501
6.46876 0.12501
6.56275 0.12501
6.65799 0.125011
6.75477 0.125011
6.85339 0.125011
6.95424 0.125011
7.05422 0.125011
7.15203 0.125011
7.24805 0.125011
7.34263 0.125012
7.43603 0.125012
7.5285 0.125012
7.62024 0.125012
7.71145 0.125012
7.80228 0.125012
7.89291 0.125012
7.98349 0.125012
8.07417 0.125012
8.16511 0.125012
8.25646 0.125013
8.3484 0.125013
8.4411 0.125013
8.53477 0.125013
8.62962 0.125013
8.72592 0.125013
8.82397 0.125013
8.92412 0.125013
9.0248 0.125014
9.12321 0.125014
9.21972 0.125014
9.31468 0.125014
9.4084 0.125014
9.50112 0.125014
9.59306 0.125014
9.6844 0.125014
9.77533 0.125015
9.866 0.125015
9.95658 0.125015
10.0472 0.125015
10.1381 0.125015
10.2293 0.125015
10.321 0.125015
10.4135 0.125015
10.5068 0.125015
10.6013 0.125015
10.6972 0.125016
10.7947 0.125016
10.8942 0.125016
10.9956 0.125016
11.0946 0.125016
11.1916 0.125016
11.287 0.125016
11.3811 0.125017
11.474 0.125017
11.5662 0.125017
11.6577 0.125017
11.7487 0.125017
11.8394 0.125017
11.93 0.125017
12.0206 0.125017
12.1114 0.125017
12.2025 0.125017
12.2941 0.125018
12.3863 0.125018
12.4794 0.125018
12.5735 0.125018
12.6689 0.125018
12.7659 0.125018
12.8648 0.125018
12.966 0.125018
13.0657 0.125019
13.1632 0.125019
13.259 0.125019
13.3534 0.125019
13.4467 0.125019
13.5391 0.125019
13.6307 0.125019
13.7219 0.125019
13.8127 0.12502
13.9033 0.12502
13.9939 0.12502
14.0846 0.12502
14.1756 0.12502
14.267 0.12502
14.359 0.12502
14.4518 0.12502
14.5456 0.12502
14.6406 0.12502
14.7372 0.125021
14.8354 0.125021
14.9359 0.125021
15.0363 0.125021
15.1344 0.125021
15.2307 0.125021
15.3255 0.125021
15.4191 0.125022
15.5117 0.125022
15.6035 0.125022
15.6948 0.125022
15.7857 0.125022
15.8763 0.125022
15.9669 0.125022
16.0576 0.125022
16.1484 0.125022
16.2397 0.125022
16.3315 0.125023
16.4241 0.125023
16.5176 0.125023
16.6122 0.125023
16.7083 0.125023
16.806 0.125023
16.9058 0.125023
17.0069 0.125023
17.1056 0.125024
17.2024 0.125024
17.2976 0.125024
17.3915 0.125024
17.4844 0.125024
17.5764 0.125024
17.6679 0.125024
17.7589 0.125024
17.8496 0.125025
17.9401 0.125025
18.0307 0.125025
18.1215 0.125025
18.2127 0.125025
18.3043 0.125025
18.3967 0.125025
18.4899 0.125025
18.5841 0.125025
18.6797 0.125025
18.777 0.125026
18.8761 0.125026
18.9776 0.125026
19.077 0.125026
19.1743 0.125026
19.2699 0.125026
19.3642 0.125026
19.4573 0.125027
19.5496 0.125027
19.6412 0.125027
19.7322 0.125027
19.823 0.125027
19.9136 0.125027
20.0042 0.125027
20.0949 0.125027
20.186 0.125027
20.2774 0.125027
20.3696 0.125028
20.4625 0.125028
20.5564 0.125028
20.6516 0.125028
20.7483 0.125028
20.8469 0.125028
20.9476 0.125028
21.0477 0.125029
21.1456 0.125029
21.2417 0.125029
21.3363 0.125029
21.4297 0.125029
21.5222 0.125029
21.614 0.125029
21.7052 0.125029
21.7961 0.125029
21.8867 0.12503
21.9773 0.12503
22.0679 0.12503
22.1589 0.12503
22.2502 0.12503
22.3421 0.12503
22.4348 0.12503
22.5284 0.12503
22.6232 0.12503
22.7194 0.125031
22.8174 0.125031
22.9175 0.125031
23.0182 0.125031
23.1167 0.125031
23.2133 0.125031
23.3083 0.125031
23.4021 0.125031
23.4948 0.125032
23.5868 0.125032
23.6781 0.125032
23.7691 0.125032
23.8598 0.125032
23.9503 0.125032
24.041 0.125032
24.1318 0.125032
24.223 0.125032
24.3147 0.125032
24.4071 0.125033
24.5005 0.125033
24.5949 0.125033
24.6907 0.125033
24.7881 0.125033
24.8875 0.125033
24.989 0.125033
25.0881 0.125034
25.1852 0.125034
25.2806 0.125034
25.3747 0.125034
25.4678 0.125034
25.5599 0.125034
25.6514 0.125034
25.7425 0.125034
25.8332 0.125034
25.9238 0.125035
26.0144 0.125035
26.1052 0.125035
26.1962 0.125035
26.2878 0.125035
26.38 0.125035
26.473 0.125035
26.5671 0.125035
26.6625 0.125035
26.7594 0.125036
26.8582 0.125036
26.9593 0.125036
27.059 0.125036
27.1567 0.125036
27.2526 0.125036
27.347 0.125036
27.4403 0.125036
27.5327 0.125037
27.6244 0.125037
27.7156 0.125037
27.8064 0.125037
27.897 0.125037
27.9876 0.125037
28.0783 0.125037
28.1692 0.125037
28.2606 0.125037
28.3526 0.125037
28.4454 0.125038
28.5392 0.125038
28.6341 0.125038
28.7306 0.125038
28.8288 0.125038
28.9291 0.125038
29.0296 0.125038
29.1278 0.125039
29.2242 0.125039
29.319 0.125039
29.4126 0.125039
29.5053 0.125039
29.5971 0.125039
29.6884 0.125039
29.7793 0.125039
29.87 0.125039
29.9606 0.12504
30.0512 0.12504
30.1421 0.12504
30.2333 0.12504
30.3251 0.12504
30.4176 0.12504
30.5111 0.12504
30.6057 0.12504
30.7017 0.12504
30.7993 0.125041
30.899 0.125041
31.0002 0.125041
31.099 0.125041
31.1959 0.125041
31.2911 0.125041
31.3851 0.125041
31.478 0.125041
31.5701 0.125042
31.6615 0.125042
31.7525 0.125042
31.8432 0.125042
31.9338 0.125042
