0 0.125002
0.905782 0.126005
1.81963 0.127052
2.78232 0.128353
3.68723 0.129378
4.66253 0.130773
5.56245 0.131795
7.44818 0.134326
9.34533 0.136982
11.2256 0.139585
12.1935 0.141045
13.0856 0.142109
14.0318 0.143467
14.9262 0.14456
15.851 0.14582
16.7518 0.146964
17.6574 0.148142
18.5697 0.149364
19.4602 0.150483
20.3899 0.151822
21.2701 0.152908
22.2229 0.15441
23.0976 0.155487
24.9501 0.15828
25.9034 0.159838
26.7767 0.160945
27.7018 0.16235
28.5798 0.163499
29.4793 0.164774
30.3681 0.165999
31.2473 0.16718
