0.0420427 0.125002
0.0842688 0.125002
0.126579 0.125002
0.168989 0.125002
0.211516 0.125002
0.254178 0.125002
0.296993 0.125002
0.33998 0.125002
0.383159 0.125002
0.426551 0.125002
0.470177 0.125002
0.514063 0.125002
0.558232 0.125002
0.602712 0.125002
0.647533 0.125002
0.692727 0.125002
0.738328 0.125002
0.784376 0.125002
0.830913 0.125002
0.877986 0.125002
0.924735 0.125002
0.970963 0.125003
1.01672 0.125003
1.06204 0.125003
1.10697 0.125003
1.15154 0.125003
1.19579 0.125003
1.23974 0.125003
1.28342 0.125003
1.32686 0.125003
1.37008 0.125003
1.4131 0.125003
1.45594 0.125003
1.49863 0.125003
1.54118 0.125003
1.5836 0.125003
1.62592 0.125003
1.66816 0.125003
1.71033 0.125003
1.75244 0.125003
1.79451 0.125003
1.83656 0.125003
1.8786 0.125003
1.92065 0.125003
1.96273 0.125003
2.00484 0.125003
2.047 0.125003
2.08924 0.125003
2.13156 0.125003
2.17398 0.125003
2.21652 0.125003
2.2592 0.125003
2.30204 0.125003
2.34505 0.125003
2.38825 0.125003
2.43167 0.125003
2.47532 0.125003
2.51924 0.125003
2.56345 0.125003
2.60796 0.125003
2.65283 0.125003
2.69807 0.125003
2.74372 0.125003
2.78982 0.125003
2.83642 0.125003
2.88356 0.125003
2.93025 0.125003
2.97642 0.125003
3.02212 0.125003
3.06739 0.125003
3.11227 0.125003
3.15681 0.125003
3.20102 0.125003
3.24493 0.125003
3.28859 0.125003
3.332 0.125003
3.37519 0.125003
3.41819 0.125003
3.46101 0.125003
3.50368 0.125003
3.54621 0.125003
3.58862 0.125003
3.63094 0.125003
3.67316 0.125003
3.71532 0.125003
3.75743 0.125003
3.7995 0.125003
3.84154 0.125003
3.88359 0.125003
3.92564 0.125003
3.96772 0.125003
4.00983 0.125003
4.05201 0.125003
4.09425 0.125003
4.13658 0.125003
4.17902 0.125003
4.22158 0.125003
4.26427 0.125003
4.30713 0.125003
4.35016 0.125003
4.39339 0.125003
4.43683 0.125003
4.48052 0.125003
4.52447 0.125003
4.56871 0.125003
4.61327 0.125003
4.65817 0.125003
4.70346 0.125003
4.74916 0.125003
4.79532 0.125003
4.84198 0.125003
4.88916 0.125003
4.93578 0.125003
4.98189 0.125003
5.02754 0.125003
5.07276 0.125003
5.1176 0.125003
5.16209 0.125003
5.20627 0.125003
5.25015 0.125003
5.29377 0.125003
5.33716 0.125003
5.38033 0.125003
5.4233 0.125003
5.46611 0.125003
5.50876 0.125003
5.55127 0.125003
5.59367 0.125003
5.63597 0.125003
5.67819 0.125003
5.72034 0.125003
5.76244 0.125003
5.80451 0.125003
5.84656 0.125003
5.8886 0.125003
5.93065 0.125003
5.97273 0.125003
6.01486 0.125003
6.05704 0.125003
6.09929 0.125003
6.14163 0.125003
6.18408 0.125003
6.22666 0.125003
6.26937 0.125003
6.31225 0.125003
6.3553 0.125003
6.39855 0.125003
6.44203 0.125003
6.48574 0.125003
6.52973 0.125003
6.574 0.125003
6.6186 0.125003
6.66355 0.125003
6.70889 0.125003
6.75464 0.125003
6.80086 0.125003
6.84758 0.125003
6.89469 0.125003
6.94125 0.125003
6.9873 0.125003
7.03289 0.125003
7.07807 0.125003
7.12287 0.125003
7.16732 0.125003
7.21146 0.125003
7.25531 0.125003
7.2989 0.125003
7.34226 0.125003
7.38541 0.125003
7.42836 0.125003
7.47114 0.125003
7.51378 0.125003
7.55628 0.125003
7.59867 0.125003
7.64096 0.125003
7.68316 0.125003
7.72531 0.125003
7.76741 0.125003
7.80947 0.125003
7.85151 0.125003
7.89356 0.125003
7.93561 0.125003
7.9777 0.125003
8.01983 0.125003
8.06202 0.125003
8.10428 0.125003
8.14664 0.125003
8.1891 0.125003
8.23169 0.125003
8.27442 0.125003
8.31732 0.125003
8.36039 0.125003
8.40367 0.125003
8.44717 0.125003
8.49092 0.125003
8.53493 0.125003
8.57925 0.125003
8.62389 0.125003
8.66888 0.125003
8.71427 0.125003
8.76007 0.125003
8.80635 0.125003
8.85314 0.125003
8.90017 0.125003
8.94667 0.125003
8.99267 0.125003
9.03821 0.125004
9.08334 0.125004
9.12809 0.125004
9.17251 0.125004
9.21661 0.125004
9.26043 0.125004
9.30399 0.125004
9.34732 0.125004
9.39045 0.125004
9.43338 0.125004
9.47614 0.125004
9.51876 0.125004
9.56125 0.125004
9.60362 0.125004
9.6459 0.125004
9.6881 0.125004
9.73024 0.125004
9.77233 0.125004
9.81439 0.125004
9.85644 0.125004
9.89848 0.125004
9.94054 0.125004
9.98263 0.125004
10.0248 0.125004
10.067 0.125004
10.1092 0.125004
10.1516 0.125004
10.1941 0.125004
10.2367 0.125004
10.2794 0.125004
10.3223 0.125004
10.3654 0.125004
10.4088 0.125004
10.4523 0.125004
10.4961 0.125004
10.5401 0.125004
10.5845 0.125004
10.6291 0.125004
10.6742 0.125004
10.7196 0.125004
10.7655 0.125004
10.8118 0.125004
10.8587 0.125004
10.9056 0.125004
10.9521 0.125004
10.998 0.125004
11.0435 0.125004
11.0886 0.125004
11.1333 0.125004
11.1777 0.125004
11.2217 0.125004
11.2655 0.125004
11.3091 0.125004
11.3524 0.125004
11.3955 0.125004
11.4384 0.125004
11.4811 0.125004
11.5237 0.125004
11.5662 0.125004
11.6086 0.125004
11.6508 0.125004
11.693 0.125004
11.7351 0.125004
11.7772 0.125004
11.8193 0.125004
11.8613 0.125004
11.9034 0.125004
11.9454 0.125004
11.9875 0.125004
12.0297 0.125004
12.0719 0.125004
12.1142 0.125004
12.1565 0.125004
12.199 0.125004
12.2417 0.125004
12.2844 0.125004
12.3274 0.125004
12.3705 0.125004
12.4138 0.125004
12.4574 0.125004
12.5012 0.125004
12.5453 0.125004
12.5897 0.125004
12.6344 0.125004
12.6795 0.125004
12.7249 0.125004
12.7708 0.125004
12.8172 0.125004
12.8642 0.125004
12.9111 0.125004
12.9574 0.125004
13.0033 0.125004
13.0488 0.125004
13.0938 0.125004
13.1385 0.125004
13.1828 0.125004
13.2268 0.125004
13.2706 0.125004
13.3141 0.125004
13.3574 0.125004
13.4005 0.125004
13.4434 0.125004
13.4861 0.125004
13.5287 0.125004
13.5711 0.125004
13.6135 0.125004
13.6557 0.125004
13.6979 0.125004
13.74 0.125004
13.7821 0.125004
13.8242 0.125004
13.8662 0.125004
13.9083 0.125004
13.9503 0.125004
13.9924 0.125004
14.0346 0.125004
14.0768 0.125004
14.1191 0.125004
14.1615 0.125004
14.204 0.125004
14.2466 0.125004
14.2894 0.125004
14.3324 0.125004
14.3755 0.125004
14.4189 0.125004
14.4625 0.125004
14.5063 0.125004
14.5504 0.125004
14.5948 0.125004
14.6396 0.125004
14.6847 0.125004
14.7303 0.125004
14.7762 0.125004
14.8227 0.125004
14.8697 0.125004
14.9165 0.125004
14.9628 0.125004
15.0086 0.125004
15.054 0.125004
15.099 0.125004
15.1437 0.125004
15.188 0.125004
15.232 0.125004
15.2757 0.125004
15.3192 0.125004
15.3624 0.125004
15.4055 0.125004
15.4483 0.125004
15.4911 0.125004
15.5336 0.125004
15.5761 0.125004
15.6184 0.125004
15.6607 0.125004
15.7028 0.125004
15.745 0.125004
15.787 0.125004
15.8291 0.125004
15.8711 0.125004
15.9132 0.125004
15.9552 0.125004
15.9973 0.125004
16.0395 0.125004
16.0817 0.125004
16.124 0.125004
16.1664 0.125004
16.209 0.125004
16.2516 0.125004
16.2944 0.125004
16.3374 0.125004
16.3806 0.125004
16.4239 0.125004
16.4676 0.125004
16.5114 0.125004
16.5556 0.125004
16.6 0.125004
16.6448 0.125004
16.69 0.125004
16.7356 0.125004
16.7816 0.125004
16.8281 0.125004
16.8752 0.125004
16.922 0.125004
16.9682 0.125004
17.014 0.125004
17.0593 0.125004
17.1043 0.125005
17.1489 0.125005
17.1931 0.125005
17.2371 0.125005
17.2808 0.125005
17.3242 0.125005
17.3675 0.125005
17.4105 0.125005
17.4534 0.125005
17.496 0.125005
17.5386 0.125005
17.581 0.125005
17.6234 0.125005
17.6656 0.125005
17.7078 0.125005
17.7499 0.125005
17.792 0.125005
17.834 0.125005
17.8761 0.125005
17.9181 0.125005
17.9602 0.125005
18.0023 0.125005
18.0444 0.125005
18.0867 0.125005
18.129 0.125005
18.1714 0.125005
18.2139 0.125005
18.2566 0.125005
18.2994 0.125005
18.3424 0.125005
18.3856 0.125005
18.429 0.125005
18.4727 0.125005
18.5166 0.125005
18.5608 0.125005
18.6053 0.125005
18.6501 0.125005
18.6953 0.125005
18.741 0.125005
18.787 0.125005
18.8336 0.125005
18.8807 0.125005
18.9274 0.125005
18.9736 0.125005
19.0194 0.125005
19.0647 0.125005
19.1096 0.125005
19.1541 0.125005
19.1983 0.125005
19.2423 0.125005
19.2859 0.125005
19.3294 0.125005
19.3726 0.125005
19.4156 0.125005
19.4584 0.125005
19.5011 0.125005
19.5436 0.125005
19.586 0.125005
19.6283 0.125005
19.6706 0.125005
19.7127 0.125005
19.7548 0.125005
19.7969 0.125005
19.839 0.125005
19.881 0.125005
19.9231 0.125005
19.9651 0.125005
20.0073 0.125005
20.0494 0.125005
20.0917 0.125005
20.134 0.125005
20.1764 0.125005
20.219 0.125005
20.2617 0.125005
20.3045 0.125005
20.3475 0.125005
20.3907 0.125005
20.4342 0.125005
20.4778 0.125005
20.5218 0.125005
20.566 0.125005
20.6105 0.125005
20.6554 0.125005
20.7007 0.125005
20.7464 0.125005
20.7925 0.125005
20.8391 0.125005
20.8863 0.125005
20.933 0.125005
20.9791 0.125005
21.0248 0.125005
21.07 0.125005
21.1149 0.125005
21.1594 0.125005
21.2036 0.125005
21.2475 0.125005
21.2911 0.125005
21.3345 0.125005
21.3777 0.125005
21.4207 0.125005
21.4635 0.125005
21.5062 0.125005
21.5487 0.125005
21.5911 0.125005
21.6334 0.125005
21.6756 0.125005
21.7178 0.125005
21.7599 0.125005
21.8019 0.125005
21.844 0.125005
21.886 0.125005
21.9281 0.125005
21.9702 0.125005
22.0123 0.125005
22.0544 0.125005
22.0967 0.125005
22.139 0.125005
22.1815 0.125005
22.224 0.125005
22.2668 0.125005
22.3096 0.125005
22.3527 0.125005
22.3959 0.125005
22.4394 0.125005
22.4831 0.125005
22.527 0.125005
22.5713 0.125005
22.6159 0.125005
22.6608 0.125005
22.7061 0.125005
22.7519 0.125005
22.798 0.125005
22.8447 0.125005
22.8919 0.125005
22.9385 0.125005
22.9845 0.125005
23.0302 0.125005
23.0754 0.125005
23.1202 0.125005
23.1646 0.125005
23.2088 0.125005
23.2527 0.125005
23.2963 0.125005
23.3396 0.125005
23.3828 0.125005
23.4258 0.125005
23.4685 0.125005
23.5112 0.125005
23.5537 0.125005
23.5961 0.125005
23.6384 0.125005
23.6806 0.125005
23.7227 0.125005
23.7648 0.125005
23.8069 0.125005
23.849 0.125005
23.891 0.125005
23.9331 0.125005
23.9751 0.125005
24.0173 0.125005
24.0594 0.125005
24.1017 0.125005
24.1441 0.125005
24.1865 0.125005
24.2291 0.125005
24.2718 0.125005
24.3147 0.125005
24.3578 0.125005
24.401 0.125005
24.4445 0.125005
24.4883 0.125005
24.5323 0.125005
24.5766 0.125005
24.6212 0.125005
24.6662 0.125005
24.7115 0.125005
24.7573 0.125005
24.8035 0.125005
24.8503 0.125005
24.8974 0.125005
24.9439 0.125005
24.9899 0.125005
25.0355 0.125005
25.0806 0.125005
25.1254 0.125005
25.1698 0.125006
25.214 0.125006
25.2578 0.125006
25.3014 0.125006
25.3447 0.125006
25.3878 0.125006
25.4308 0.125006
25.4736 0.125006
25.5162 0.125006
25.5587 0.125006
25.6011 0.125006
25.6433 0.125006
25.6855 0.125006
25.7277 0.125006
25.7698 0.125006
25.8118 0.125006
25.8539 0.125006
25.8959 0.125006
25.938 0.125006
25.9801 0.125006
26.0222 0.125006
26.0644 0.125006
26.1067 0.125006
26.149 0.125006
26.1915 0.125006
26.2341 0.125006
26.2768 0.125006
26.3197 0.125006
26.3628 0.125006
26.4061 0.125006
26.4496 0.125006
26.4934 0.125006
26.5374 0.125006
26.5818 0.125006
26.6264 0.125006
26.6715 0.125006
26.7169 0.125006
26.7627 0.125006
26.809 0.125006
26.8558 0.125006
26.9028 0.125006
26.9493 0.125006
26.9953 0.125006
27.0408 0.125006
27.0859 0.125006
27.1306 0.125006
27.175 0.125006
27.2191 0.125006
27.2629 0.125006
27.3064 0.125006
27.3498 0.125006
27.3929 0.125006
27.4358 0.125006
27.4785 0.125006
27.5211 0.125006
27.5636 0.125006
27.606 0.125006
27.6483 0.125006
27.6905 0.125006
27.7326 0.125006
27.7747 0.125006
27.8167 0.125006
27.8588 0.125006
27.9008 0.125006
27.9429 0.125006
27.985 0.125006
28.0271 0.125006
28.0693 0.125006
28.1116 0.125006
28.154 0.125006
28.1965 0.125006
28.2391 0.125006
28.2818 0.125006
28.3248 0.125006
28.3679 0.125006
28.4112 0.125006
28.4547 0.125006
28.4985 0.125006
28.5426 0.125006
28.587 0.125006
28.6317 0.125006
28.6767 0.125006
28.7222 0.125006
28.7681 0.125006
28.8144 0.125006
28.8613 0.125006
28.9083 0.125006
28.9547 0.125006
29.0006 0.125006
29.046 0.125006
29.0911 0.125006
29.1358 0.125006
29.1801 0.125006
29.2242 0.125006
29.268 0.125006
29.3115 0.125006
29.3548 0.125006
29.3979 0.125006
29.4408 0.125006
29.4835 0.125006
29.5261 0.125006
29.5686 0.125006
29.6109 0.125006
29.6532 0.125006
29.6954 0.125006
29.7375 0.125006
29.7796 0.125006
29.8216 0.125006
29.8637 0.125006
29.9057 0.125006
29.9478 0.125006
29.9899 0.125006
30.032 0.125006
30.0742 0.125006
30.1165 0.125006
30.1589 0.125006
30.2014 0.125006
30.244 0.125006
30.2868 0.125006
30.3298 0.125006
30.3729 0.125006
30.4162 0.125006
30.4598 0.125006
30.5036 0.125006
30.5477 0.125006
30.5922 0.125006
30.6369 0.125006
30.682 0.125006
30.7275 0.125006
30.7735 0.125006
30.8199 0.125006
30.8668 0.125006
30.9137 0.125006
30.96 0.125006
31.0059 0.125006
31.0513 0.125006
31.0963 0.125006
31.141 0.125006
31.1853 0.125006
31.2293 0.125006
31.273 0.125006
31.3165 0.125006
31.3598 0.125006
31.4029 0.125006
31.4457 0.125006
31.4885 0.125006
31.531 0.125006
31.5735 0.125006
31.6158 0.125006
31.6581 0.125006
31.7003 0.125006
31.7424 0.125006
31.7845 0.125006
31.8265 0.125006
31.8686 0.125006
31.9106 0.125006
31.9527 0.125006
31.9948 0.125006
