0.1 0.0392284
0.279003 0.108686
0.543862 0.207131
0.892743 0.322537
1.32859 0.43205
1.85132 0.496561
2.4012 0.475388
2.9611 0.364295
3.55599 0.171115
4.1819 -0.0707353
4.79293 -0.291087
5.40822 -0.446456
6.06894 -0.499008
6.70616 -0.425237
7.33323 -0.250736
8.01575 0.00496329
8.66979 0.249611
9.30582 0.426229
9.99532 0.499307
10.6551 0.435502
11.2942 0.264417
11.9835 0.00858651
12.6439 -0.239782
13.283 -0.420654
13.9702 -0.498712
14.6301 -0.440285
15.2683 -0.273519
15.9525 -0.0216361
16.6114 0.22753
17.2483 0.41235
17.9283 0.497526
18.586 0.448191
19.2212 0.289253
19.896 0.0445639
20.5521 -0.205674
21.1854 -0.397182
21.8537 -0.494349
22.5083 -0.460643
23.1396 -0.3151
23.8003 -0.0824631
24.4537 0.169122
25.0833 0.370986
25.736 0.486058
26.3892 0.476227
27.018 0.350761
27.6631 0.135462
28.3178 -0.117406
28.9475 -0.332716
29.5865 -0.469543
30.245 -0.489351
30.8779 -0.387659
31.5131 -0.191396
