0.490983 0.0945565
0.487577 0.110785
0.483627 0.126923
0.479132 0.142959
0.474091 0.15888
0.468502 0.174674
0.462364 0.190326
0.455676 0.205825
0.448435 0.221158
0.440639 0.236309
0.432285 0.251266
0.423369 0.266014
0.413888 0.280538
0.403837 0.294823
0.39321 0.308854
0.382002 0.322614
0.370204 0.336086
0.35781 0.349252
0.344808 0.362094
0.331188 0.374592
0.317214 0.386497
0.302975 0.397758
0.288489 0.408386
0.273772 0.418395
0.25884 0.427793
0.243708 0.436591
0.228391 0.444795
0.212904 0.452412
0.19726 0.459449
0.181473 0.465911
0.165557 0.471801
0.149524 0.477125
0.133387 0.481885
0.11716 0.486085
0.100854 0.489728
0.0844823 0.492816
0.0680571 0.495352
0.0515906 0.497336
0.0350948 0.498772
0.0185818 0.49966
0.00206359 0.500001
-0.0144479 0.499796
-0.0309405 0.499047
-0.0474025 0.497753
-0.0638217 0.495915
-0.080186 0.493534
-0.0964835 0.490608
-0.112702 0.487138
-0.128829 0.483124
-0.144852 0.478564
-0.160758 0.473458
-0.176536 0.467804
-0.192171 0.461601
-0.207651 0.454848
-0.222962 0.447541
-0.238092 0.439679
-0.253024 0.431259
-0.267747 0.422276
-0.282243 0.412728
-0.296499 0.402609
-0.310499 0.391913
-0.324225 0.380635
-0.337662 0.368768
-0.350791 0.356302
-0.363593 0.343228
-0.376049 0.329534
-0.387877 0.315526
-0.399061 0.301257
-0.409615 0.286742
-0.41955 0.271999
-0.428876 0.257042
-0.437603 0.241887
-0.445736 0.22655
-0.453284 0.211043
-0.460252 0.195381
-0.466645 0.179578
-0.472467 0.163647
-0.477723 0.147601
-0.482417 0.131453
-0.48655 0.115215
-0.490127 0.0989009
-0.493149 0.0825223
-0.495618 0.0660916
-0.497537 0.0496209
-0.498907 0.0331224
-0.49973 0.0166081
-0.500006 9.00895e-05
-0.499736 -0.0164198
-0.498922 -0.0329094
-0.497563 -0.0493669
-0.49566 -0.0657802
-0.493213 -0.0821372
-0.490223 -0.0984258
-0.486688 -0.114634
-0.482608 -0.130749
-0.477983 -0.146759
-0.472811 -0.162651
-0.467092 -0.178412
-0.460824 -0.194029
-0.454004 -0.20949
-0.446632 -0.22478
-0.438703 -0.239887
-0.430215 -0.254795
-0.421166 -0.269491
-0.411549 -0.28396
-0.401361 -0.298186
-0.390597 -0.312154
-0.379249 -0.325847
-0.36731 -0.339248
-0.354772 -0.352339
-0.341625 -0.365101
-0.327866 -0.377505
-0.313826 -0.389254
-0.299526 -0.400362
-0.284983 -0.410841
-0.270213 -0.420703
-0.255232 -0.429956
-0.240055 -0.438611
-0.224696 -0.446674
-0.20917 -0.454152
-0.19349 -0.46105
-0.177671 -0.467375
-0.161726 -0.473129
-0.145667 -0.478317
-0.129507 -0.482943
-0.11326 -0.48701
-0.0969371 -0.490519
-0.0805516 -0.493475
-0.0641154 -0.495878
-0.0476407 -0.497731
-0.0311397 -0.499036
-0.0146243 -0.499792
0.0018934 -0.500003
0.0184015 -0.499667
0.0348879 -0.498788
0.0513407 -0.497363
0.0677479 -0.495395
0.0840974 -0.492883
0.100377 -0.489827
0.116574 -0.486227
0.132678 -0.482082
0.148674 -0.477391
0.164551 -0.472154
0.180295 -0.466369
0.195895 -0.460034
0.211336 -0.453149
0.226605 -0.445709
0.241688 -0.437714
0.256572 -0.429159
0.271241 -0.420041
0.285682 -0.410356
0.299878 -0.4001
0.313813 -0.389265
0.327472 -0.377847
0.340837 -0.365837
0.353889 -0.353226
0.366611 -0.340005
0.378936 -0.326212
0.390609 -0.31214
0.401641 -0.29781
0.412046 -0.283239
0.421835 -0.268444
0.431017 -0.253438
0.439601 -0.238239
0.447594 -0.222859
0.455003 -0.207314
0.461833 -0.191617
0.468089 -0.175782
0.473776 -0.159822
0.478897 -0.143751
0.483456 -0.12758
0.487456 -0.111323
0.4909 -0.0949924
0.49379 -0.0786002
0.496128 -0.0621588
0.497916 -0.0456803
0.499155 -0.029177
0.499846 -0.0126607
0.499992 0.00385654
0.499592 0.0203627
0.498647 0.0368457
0.497158 0.0532938
0.495126 0.0696947
0.492549 0.0860365
0.489428 0.102307
0.485763 0.118494
0.481553 0.134585
0.476798 0.150568
0.471495 0.16643
0.465645 0.182158
0.459245 0.197739
0.452294 0.21316
0.444788 0.228408
0.436727 0.243468
0.428105 0.258327
0.41892 0.27297
0.409168 0.287383
0.398843 0.301548
0.387939 0.315452
0.376451 0.329077
0.36437 0.342405
0.351687 0.35542
0.338392 0.3681
0.324565 0.380348
0.310462 0.391944
0.296103 0.402902
0.281505 0.413234
0.266684 0.42295
0.251655 0.432061
0.236433 0.440575
0.221033 0.448499
0.205469 0.455839
0.189755 0.462601
0.173905 0.46879
0.157931 0.47441
0.141847 0.479465
0.125666 0.483958
0.1094 0.487892
0.093061 0.491271
0.0766623 0.494095
0.0602159 0.496368
0.0437339 0.498091
0.0272283 0.499265
0.0107113 0.499892
-0.00580525 0.499973
-0.0223093 0.499509
-0.0387889 0.4985
-0.055232 0.496947
-0.0716266 0.49485
-0.0879606 0.492209
-0.104222 0.489025
-0.120398 0.485295
-0.136477 0.481021
-0.152446 0.476201
-0.168293 0.470834
-0.184004 0.464919
-0.199567 0.458454
-0.214969 0.451437
-0.230195 0.443867
-0.245233 0.435739
-0.260067 0.427051
-0.274684 0.417799
-0.289068 0.40798
-0.303203 0.397587
-0.317075 0.386615
-0.330666 0.375057
-0.343958 0.362905
-0.356934 0.350151
-0.369574 0.336783
-0.381744 0.322922
-0.393265 0.308788
-0.404148 0.2944
-0.414407 0.279775
-0.424052 0.264928
-0.433093 0.249876
-0.441537 0.234633
-0.449392 0.219213
-0.456664 0.203631
-0.463359 0.1879
-0.46948 0.172035
-0.475034 0.156047
-0.480022 0.139951
-0.48445 0.123759
-0.488318 0.107484
-0.491632 0.0911372
-0.494391 0.0747322
-0.496599 0.058281
-0.498258 0.0417956
-0.499368 0.025288
-0.499931 0.00877044
-0.499948 -0.00774526
-0.499419 -0.0242471
-0.498347 -0.040723
-0.49673 -0.057161
-0.494569 -0.0735492
-0.491864 -0.0898753
-0.488615 -0.106127
-0.484822 -0.122293
-0.480484 -0.13836
-0.475599 -0.154315
-0.470168 -0.170146
-0.464188 -0.185841
-0.457659 -0.201386
-0.450577 -0.216767
-0.442941 -0.231972
-0.434748 -0.246987
-0.425994 -0.261796
-0.416676 -0.276386
-0.406789 -0.290742
-0.396328 -0.304847
-0.385288 -0.318687
-0.37366 -0.332244
-0.361439 -0.3455
-0.348613 -0.358437
-0.335172 -0.371036
-0.321278 -0.38313
-0.307113 -0.394575
-0.292697 -0.405385
-0.278045 -0.415571
-0.263173 -0.425145
-0.248097 -0.434115
-0.232832 -0.44249
-0.217393 -0.450276
-0.201793 -0.45748
-0.186046 -0.464107
-0.170165 -0.470162
-0.154164 -0.475648
-0.138056 -0.480571
-0.121854 -0.484933
-0.105569 -0.488736
-0.0892154 -0.491985
-0.0728044 -0.494679
-0.0563485 -0.496823
-0.0398598 -0.498417
-0.0233505 -0.499463
-0.00683247 -0.499961
0.00968222 -0.499914
0.0261816 -0.499322
0.0426537 -0.498186
0.0590866 -0.496505
0.0754681 -0.49428
0.0917861 -0.491511
0.108029 -0.488199
0.124183 -0.484342
0.140238 -0.479939
0.156179 -0.474991
0.171995 -0.469495
0.187673 -0.463451
0.203199 -0.456857
0.218561 -0.44971
0.233744 -0.442009
0.248735 -0.43375
0.26352 -0.42493
0.278083 -0.415546
0.29241 -0.405592
0.306485 -0.395063
0.320293 -0.383954
0.333815 -0.372258
0.347035 -0.359966
0.359933 -0.347068
0.372492 -0.333554
0.384508 -0.319628
0.395878 -0.305432
0.406614 -0.290987
0.416728 -0.276309
0.42623 -0.261412
0.43513 -0.246314
0.443435 -0.231027
0.451153 -0.215568
0.458289 -0.19995
0.464848 -0.184187
0.470836 -0.168291
0.476256 -0.152277
0.481113 -0.136157
0.485409 -0.119945
0.489147 -0.103651
0.49233 -0.08729
0.49496 -0.0708731
0.497039 -0.0544128
0.498569 -0.037921
0.49955 -0.02141
0.499985 -0.00489178
0.499874 0.0116217
0.499217 0.0281186
0.498017 0.0445867
0.496272 0.0610141
0.493983 0.0773888
0.491151 0.0936987
0.487774 0.109931
0.483853 0.126075
0.479387 0.142117
0.474374 0.158044
0.468814 0.173845
0.462706 0.189505
0.456047 0.205013
0.448835 0.220354
0.441068 0.235516
0.432744 0.250483
0.423858 0.265243
0.414406 0.279779
0.404385 0.294077
0.393789 0.308122
0.382611 0.321897
0.370845 0.335384
0.358482 0.348567
0.345513 0.361427
0.331926 0.373944
0.317966 0.385884
0.303741 0.397178
0.289267 0.40784
0.274562 0.417881
0.259641 0.427312
0.244519 0.436141
0.229212 0.444377
0.213733 0.452025
0.198097 0.459093
0.182318 0.465585
0.166408 0.471506
0.15038 0.476859
0.134249 0.48165
0.118026 0.48588
0.101724 0.489552
0.0853556 0.49267
0.0689329 0.495235
0.0524682 0.497249
0.0359736 0.498713
0.0194611 0.49963
0.00294273 0.500001
-0.0135695 0.499825
-0.0300635 0.499105
-0.0465275 0.49784
-0.0629494 0.496031
-0.079317 0.493678
-0.0956184 0.490781
-0.111841 0.48734
-0.127973 0.483355
-0.144002 0.478824
-0.159916 0.473747
-0.1757 0.468123
-0.191344 0.461949
-0.206832 0.455225
-0.222153 0.447948
-0.237292 0.440115
-0.252236 0.431725
-0.26697 0.422772
-0.281479 0.413254
-0.295748 0.403165
-0.309762 0.392501
-0.323504 0.381254
-0.336956 0.369418
-0.350102 0.356984
-0.362923 0.343943
-0.375398 0.330282
-0.38726 0.316289
-0.398479 0.302033
-0.409066 0.287531
-0.419034 0.2728
-0.428393 0.257854
-0.437152 0.24271
-0.445317 0.227381
-0.452896 0.211883
-0.459895 0.196229
-0.466319 0.180433
-0.472172 0.164509
-0.477459 0.148468
-0.482182 0.132325
-0.486346 0.116092
-0.489952 0.0997818
-0.493004 0.0834063
-0.495503 0.066978
-0.497452 0.050509
-0.498852 0.0340117
-0.499703 0.0174978
-0.500009 0.000979588
-0.499768 -0.0155311
-0.498983 -0.0320222
-0.497654 -0.0484818
-0.49578 -0.0648979
-0.493363 -0.0812583
-0.490401 -0.097551
-0.486896 -0.113764
-0.482846 -0.129884
-0.47825 -0.1459
-0.473108 -0.161799
-0.467418 -0.177567
-0.461179 -0.193193
-0.454389 -0.208662
-0.447047 -0.223962
-0.439148 -0.239079
-0.430691 -0.253999
-0.421671 -0.268707
-0.412085 -0.283188
-0.401928 -0.297428
-0.391195 -0.31141
-0.379879 -0.325118
-0.367972 -0.338536
-0.355467 -0.351644
-0.342352 -0.364424
-0.328617 -0.376857
-0.314591 -0.388642
-0.300305 -0.399784
-0.285775 -0.410296
-0.271016 -0.420191
-0.256046 -0.429477
-0.240879 -0.438164
-0.225529 -0.446258
-0.210012 -0.453768
-0.19434 -0.460697
-0.178528 -0.467052
-0.162589 -0.472837
-0.146535 -0.478056
-0.130381 -0.482712
-0.114138 -0.486809
-0.0978188 -0.490348
-0.0814363 -0.493334
-0.0650024 -0.495767
-0.0485294 -0.49765
-0.0320294 -0.498983
-0.0155144 -0.499769
0.00100355 -0.500009
0.0175125 -0.499703
0.0340005 -0.498853
0.0504555 -0.497458
0.0668656 -0.495519
0.0832185 -0.493036
0.0995023 -0.49001
0.115705 -0.486439
0.131813 -0.482323
0.147816 -0.477662
0.163699 -0.472454
0.179451 -0.466698
0.195059 -0.460394
0.210509 -0.453538
0.225788 -0.446128
0.240882 -0.438163
0.255776 -0.429638
0.270458 -0.420551
0.284911 -0.410896
0.299121 -0.400671
0.313071 -0.389868
0.326745 -0.378481
0.340126 -0.366503
0.353196 -0.353925
0.365936 -0.340736
0.378297 -0.326959
0.390004 -0.312901
0.401071 -0.298585
0.411509 -0.284026
0.42133 -0.269242
0.430545 -0.254247
0.43916 -0.239058
0.447185 -0.223687
0.454625 -0.208151
0.461486 -0.192462
0.467773 -0.176634
0.47349 -0.16068
0.478641 -0.144614
0.48323 -0.128448
0.48726 -0.112196
0.490734 -0.0958683
0.493653 -0.079479
0.496021 -0.0630398
0.497838 -0.046563
0.499106 -0.0300605
0.499827 -0.0135445
0.500002 0.00297301
0.499631 0.0194801
0.498716 0.0359648
0.497256 0.0524151
0.495252 0.068819
0.492705 0.0851644
0.489613 0.101439
0.485977 0.117631
0.481796 0.133728
0.47707 0.149716
0.471797 0.165585
0.465976 0.181321
0.459605 0.19691
0.452683 0.21234
0.445208 0.227598
0.437176 0.242669
0.428584 0.257539
0.41943 0.272194
0.409708 0.286619
0.399413 0.300799
0.388541 0.314717
0.377084 0.328357
0.365035 0.341702
0.352385 0.354734
0.339123 0.367433
0.325311 0.379715
0.311222 0.391346
0.296876 0.402338
0.28229 0.412702
0.26748 0.422452
0.252462 0.431595
0.23725 0.44014
0.221859 0.448096
0.206304 0.455467
0.190597 0.462259
0.174754 0.468479
0.158786 0.474129
0.142708 0.479213
0.126531 0.483736
0.110269 0.487701
0.0939337 0.491109
0.0775378 0.493963
0.0610936 0.496265
0.044613 0.498017
0.0281083 0.49922
0.0115915 0.499877
-0.00492541 0.499987
-0.0214305 0.499552
-0.0379118 0.498572
-0.0543572 0.497048
-0.0707548 0.49498
-0.0870925 0.492368
-0.103358 0.489212
-0.119539 0.485512
-0.135624 0.481266
-0.151599 0.476476
-0.167453 0.471138
-0.183172 0.465252
-0.198743 0.458816
-0.214154 0.451829
-0.22939 0.444288
-0.244438 0.43619
-0.259283 0.427532
-0.273912 0.41831
-0.288309 0.408521
-0.302458 0.398159
-0.316345 0.387218
-0.329951 0.375691
-0.34326 0.363571
-0.356253 0.350849
-0.368911 0.337514
-0.381117 0.323669
-0.392672 0.309549
-0.403589 0.295174
-0.413881 0.280561
-0.423558 0.265725
-0.432631 0.250683
-0.441107 0.23545
-0.448993 0.220039
-0.456296 0.204465
-0.463021 0.188742
-0.469173 0.172883
-0.474756 0.156902
-0.479775 0.140811
-0.484232 0.124624
-0.488131 0.108352
-0.491473 0.0920092
-0.494262 0.075607
-0.4965 0.0591578
-0.498187 0.0426738
-0.499326 0.0261671
-0.499919 0.00964964
-0.499965 -0.00686655
-0.499465 -0.0233695
-0.498421 -0.0398472
-0.496833 -0.0562876
-0.494701 -0.0726788
-0.492026 -0.0890086
-0.488806 -0.105265
-0.485041 -0.121435
-0.480732 -0.137508
-0.475877 -0.15347
-0.470475 -0.169308
-0.464524 -0.18501
-0.458024 -0.200564
-0.450972 -0.215954
-0.443365 -0.231169
-0.435202 -0.246194
-0.426478 -0.261015
-0.41719 -0.275617
-0.407333 -0.289986
-0.396903 -0.304105
-0.385894 -0.317959
-0.374298 -0.331531
-0.362108 -0.344804
-0.349314 -0.357759
-0.335906 -0.370377
-0.322028 -0.382505
-0.307877 -0.393985
-0.293473 -0.404828
-0.278833 -0.415047
-0.263973 -0.424653
-0.248907 -0.433656
-0.233652 -0.442062
-0.218221 -0.449879
-0.202629 -0.457114
-0.18689 -0.463772
-0.171016 -0.469857
-0.155021 -0.475374
-0.138918 -0.480327
-0.12272 -0.484718
-0.10644 -0.488552
-0.0900893 -0.491829
-0.0736809 -0.494554
-0.057227 -0.496726
-0.0407397 -0.49835
-0.0242311 -0.499425
-0.00771317 -0.499953
0.00880209 -0.499935
0.0253027 -0.499372
0.0417767 -0.498264
0.058212 -0.496612
0.0745966 -0.494416
0.0909185 -0.491677
0.107165 -0.488393
0.123325 -0.484565
0.139385 -0.480192
0.155333 -0.475272
0.171156 -0.469806
0.186842 -0.463791
0.202377 -0.457226
0.217747 -0.450109
0.232941 -0.442438
0.247942 -0.434208
0.262738 -0.425418
0.277314 -0.416064
0.291654 -0.406141
0.305743 -0.395643
0.319565 -0.384565
0.333103 -0.3729
0.34634 -0.36064
0.359256 -0.347775
0.371833 -0.334294
0.383885 -0.320382
0.395289 -0.306201
0.406059 -0.291769
0.416205 -0.277102
0.42574 -0.262217
0.434672 -0.247128
0.443009 -0.231852
0.450758 -0.216402
0.457925 -0.200791
0.464515 -0.185035
0.470534 -0.169147
0.475984 -0.153139
0.480871 -0.137024
0.485197 -0.120816
0.488965 -0.104526
0.492178 -0.0881683
0.494837 -0.071754
0.496946 -0.0552956
0.498505 -0.0388051
0.499515 -0.0222948
0.499979 -0.00577652
0.499897 0.0107377
0.49927 0.0272358
0.498099 0.0437058
0.496383 0.0601358
0.494124 0.0765137
