0.493837 0.0782953
0.318683 0.38788
-0.0225367 0.503583
-0.369749 0.346397
-0.508484 0.014112
-0.372067 -0.350874
-0.0480842 -0.511154
0.512419 -0.0779636
0.103253 0.513131
-0.510565 0.135987
-0.461616 -0.262681
-0.177333 -0.502763
0.218614 -0.489021
0.487843 -0.226121
0.514695 0.16349
0.279485 0.46456
-0.0996237 0.535125
-0.433265 0.333181
-0.547696 -0.0315417
-0.382633 -0.396531
-0.0348157 -0.551909
0.358844 -0.424324
0.549723 -0.0936913
0.141224 0.544625
-0.276843 0.492985
-0.53093 0.200012
-0.52883 -0.212225
-0.267353 -0.50549
0.133147 -0.558409
0.467271 -0.33713
0.57645 0.0454514
