0.493837 0.0782953
0.476077 0.152841
0.446956 0.224152
0.406628 0.290984
0.355152 0.35198
0.29245 0.405589
0.219027 0.449514
0.142853 0.479202
0.0654574 0.495743
-0.0120097 0.499906
-0.0884117 0.492177
-0.1626 0.472885
-0.233392 0.442258
-0.29953 0.400437
-0.359639 0.347467
-0.412132 0.283243
-0.454144 0.209378
-0.482088 0.132978
-0.497007 0.0555044
-0.499621 -0.0218947
-0.490393 -0.0980825
-0.469635 -0.171908
-0.437565 -0.242179
-0.394312 -0.30763
-0.339907 -0.366862
-0.274218 -0.418252
-0.199945 -0.45843
-0.123342 -0.484694
-0.0458113 -0.498044
0.0315038 -0.499158
0.107465 -0.488474
0.180918 -0.466292
0.250663 -0.432819
0.315422 -0.388172
0.373774 -0.332366
0.424059 -0.265245
0.462452 -0.190591
0.487073 -0.113806
0.498882 -0.0362353
0.498519 0.0409795
0.486402 0.116699
0.462816 0.189765
0.427957 0.258972
0.381934 0.323026
0.324742 0.380482
0.256197 0.429644
0.181185 0.466271
0.104235 0.489262
0.0266414 0.499537
-0.0504553 0.4977
-0.125915 0.48415
-0.198576 0.459159
-0.267222 0.422914
-0.330547 0.37551
-0.387081 0.316927
-0.435084 0.246947
-0.469939 0.171592
-0.491287 0.0944931
-0.500011 0.0168945
-0.496682 -0.0600643
-0.48168 -0.135242
-0.455265 -0.207471
-0.417611 -0.275528
-0.368803 -0.338088
-0.308802 -0.393658
-0.237355 -0.440448
-0.16167 -0.473498
-0.0844361 -0.493166
-0.00685136 -0.5003
0.0699462 -0.495438
0.144813 -0.478941
0.216576 -0.45106
0.284003 -0.411955
0.345751 -0.361699
0.400296 -0.300231
0.445797 -0.22726
0.47698 -0.151256
0.494906 -0.0739014
0.500384 0.00364826
0.493924 0.0802562
0.475868 0.154776
0.446454 0.22603
0.405832 0.292773
0.354059 0.353642
0.291051 0.407082
0.217512 0.45069
0.141258 0.480088
0.063809 0.496358
-0.0136876 0.50026
-0.0900944 0.492275
-0.164263 0.472731
-0.235007 0.441851
-0.301071 0.399777
-0.361073 0.34655
-0.413422 0.282061
-0.45517 0.208094
-0.48287 0.131623
-0.497561 0.0541009
-0.499954 -0.0233267
-0.490508 -0.099522
-0.469534 -0.173333
-0.437248 -0.243568
-0.393777 -0.308958
-0.33915 -0.368101
-0.273232 -0.41937
-0.19887 -0.45933
-0.122203 -0.485392
-0.0446266 -0.49855
0.0327167 -0.499477
0.108688 -0.488609
0.182133 -0.466245
0.251852 -0.432587
0.316563 -0.387755
0.374843 -0.331759
0.425029 -0.26444
0.463244 -0.189707
0.487699 -0.112865
0.499351 -0.0352506
0.498833 0.0419927
0.486562 0.117726
0.462824 0.190791
0.42781 0.25998
0.38163 0.323998
0.324277 0.3814
0.255563 0.430483
0.180481 0.466969
0.103478 0.489828
0.0258437 0.499976
-0.0512823 0.498014
-0.12676 0.484339
-0.199425 0.459224
-0.268063 0.422852
-0.331366 0.375317
-0.387861 0.3166
-0.435805 0.246479
-0.470555 0.171063
-0.491802 0.0939144
-0.500429 0.016276
-0.497003 -0.0607135
-0.481903 -0.135912
-0.455389 -0.208153
-0.417635 -0.276211
-0.368723 -0.338762
-0.308613 -0.394309
-0.237052 -0.441062
-0.161313 -0.474039
-0.0840329 -0.493638
-0.00640897 -0.500703
0.0704213 -0.495772
0.145314 -0.479204
0.217097 -0.45125
0.284535 -0.41207
0.346287 -0.361736
0.400826 -0.300185
0.446311 -0.227126
0.477454 -0.151074
0.49534 -0.0736761
0.500779 0.00391277
0.494277 0.0805561
