0.493837 0.0782953
0.441507 0.234881
0.340246 0.366641
0.194648 0.460889
0.0181508 0.50011
-0.149093 0.47782
-0.296537 0.40336
-0.413668 0.282158
-0.486712 0.118214
-0.497856 -0.0558381
-0.452229 -0.215784
-0.35703 -0.351707
-0.216918 -0.451912
-0.0398044 -0.499834
0.129508 -0.48451
0.280133 -0.416103
0.40188 -0.300345
0.481513 -0.141366
0.500811 0.0338685
0.46203 0.196428
0.372909 0.336286
0.238296 0.442121
0.0618312 0.498577
-0.109399 0.490449
-0.263076 0.428245
-0.389281 0.318056
-0.475263 0.164146
-0.502791 -0.0120838
-0.470841 -0.177063
-0.387756 -0.320596
-0.258595 -0.431704
-0.0871543 -0.495765
0.0858368 -0.496106
0.2428 -0.441171
0.373863 -0.3375
0.466774 -0.189516
0.503759 -0.0123962
0.479557 0.155088
0.403279 0.302467
0.280266 0.419134
0.114466 0.491173
-0.06015 0.50085
-0.220399 0.453859
-0.356375 0.357289
-0.456311 0.215755
-0.50346 0.0379226
-0.487439 -0.131976
-0.41829 -0.283092
-0.301703 -0.405194
-0.141783 -0.485005
0.0342042 -0.504264
0.197505 -0.46534
0.338095 -0.375946
0.444645 -0.240918
0.501813 -0.0638814
0.494258 0.108228
0.432421 0.26289
0.32241 0.39019
0.168486 0.477418
-0.00860941 0.506328
-0.174688 0.475422
-0.319519 0.39312
-0.432174 0.26451
-0.498151 0.0933969
-0.50048 -0.0806801
-0.447127 -0.239084
-0.344731 -0.371942
-0.197744 -0.46711
-0.0197091 -0.506992
0.149173 -0.485055
0.298338 -0.410633
0.417279 -0.289145
0.492277 -0.124576
0.50532 0.0512349
