0.1 0.498459
0.279003 0.488044
0.543862 0.455079
0.892743 0.382058
1.32859 0.251646
1.85132 0.0583429
2.4012 -0.154792
2.9611 -0.342373
3.55599 -0.469696
4.1819 -0.494817
4.79293 -0.406293
5.40822 -0.22459
6.06894 0.0262454
6.70616 0.262332
7.33323 0.432121
8.01575 0.499493
8.66979 0.432609
9.30582 0.260256
9.99532 0.00350334
10.6551 -0.244117
11.2942 -0.423421
11.9835 -0.499043
12.6439 -0.437672
13.283 -0.268419
13.9702 -0.01424
14.6301 0.234523
15.2683 0.417116
15.9525 0.498247
16.6114 0.443717
17.2483 0.280303
17.9283 0.0315114
18.586 -0.218143
19.2212 -0.405885
19.896 -0.496337
20.5521 -0.453841
21.1854 -0.300782
21.8537 -0.0614245
22.5083 0.189472
23.1396 0.385687
23.8003 0.491098
24.4537 0.46831
25.0833 0.33202
25.736 0.107492
26.3892 -0.144756
27.018 -0.35308
27.6631 -0.478844
28.3178 -0.483525
28.9475 -0.369908
29.5865 -0.164341
30.245 0.0891645
30.8779 0.311585
31.5131 0.459
