0.493837 0.0782953
0.487021 0.113205
0.477692 0.1477
0.465861 0.181602
0.451523 0.214785
0.434671 0.247117
0.415289 0.278462
0.393354 0.308672
0.368831 0.337594
0.34167 0.365059
0.311801 0.39088
0.280072 0.414206
0.247363 0.434533
0.213837 0.451975
0.179637 0.466625
0.144894 0.478554
0.109739 0.487818
0.0742955 0.494458
0.0386863 0.49851
0.00303144 0.5
-0.0325498 0.498949
-0.0679385 0.495373
-0.103015 0.489283
-0.137659 0.480687
-0.171748 0.469588
-0.205155 0.455984
-0.237751 0.43987
-0.269399 0.42123
-0.299958 0.400046
-0.329274 0.376285
-0.357184 0.349902
-0.383507 0.320834
-0.40773 0.289427
-0.42892 0.256983
-0.447191 0.22368
-0.462646 0.189662
-0.475362 0.155063
-0.485397 0.120015
-0.492798 0.0846425
-0.4976 0.0490688
-0.499834 0.0134147
-0.499521 -0.0222005
-0.496679 -0.0576578
-0.491321 -0.0928381
-0.483454 -0.127621
-0.473084 -0.161884
-0.460211 -0.195504
-0.444828 -0.22835
-0.426926 -0.260288
-0.406485 -0.29118
-0.383479 -0.320875
-0.357865 -0.349212
-0.329587 -0.376017
-0.298563 -0.401095
-0.266394 -0.423145
-0.233322 -0.442243
-0.199495 -0.458497
-0.165049 -0.471993
-0.130117 -0.482792
-0.0948244 -0.490945
-0.0592959 -0.496491
-0.0236524 -0.499459
0.0119864 -0.499876
0.0475015 -0.497758
0.0827738 -0.493121
0.117683 -0.485974
0.152109 -0.476322
0.185926 -0.464168
0.219008 -0.449506
0.251221 -0.432329
0.282429 -0.41262
0.312483 -0.390353
0.341228 -0.365493
0.368492 -0.337987
0.394087 -0.307762
0.417019 -0.275894
0.436966 -0.24307
0.454042 -0.209449
0.468336 -0.175169
0.479917 -0.140366
0.488839 -0.105165
0.495143 -0.0696931
0.498862 -0.0340705
0.500022 0.00158225
0.498643 0.037146
0.49474 0.0725018
0.488326 0.10753
0.479406 0.14211
0.467982 0.176118
0.454054 0.209428
0.437613 0.24191
0.418645 0.273426
0.397129 0.303833
0.373031 0.332978
0.346305 0.360693
0.316883 0.386797
0.285332 0.410625
0.252769 0.431434
0.219366 0.44934
0.185265 0.46444
0.150601 0.47681
0.115504 0.486505
0.0800979 0.493572
0.0445065 0.498044
0.00885001 0.499951
-0.0267523 0.499313
-0.0621815 0.496148
-0.0973184 0.490468
-0.132042 0.482281
-0.166231 0.47159
-0.199759 0.458396
-0.232497 0.442691
-0.264311 0.424465
-0.295058 0.403697
-0.324589 0.380359
-0.352741 0.354408
-0.379337 0.325784
-0.404063 0.29456
-0.425733 0.262266
-0.444466 0.22909
-0.460368 0.195177
-0.47352 0.160662
-0.483982 0.125676
-0.491804 0.0903465
-0.497022 0.0547961
-0.499667 0.0191459
-0.499762 -0.0164845
-0.497326 -0.0519762
-0.492371 -0.08721
-0.484907 -0.122066
-0.474939 -0.156422
-0.462468 -0.190154
-0.447489 -0.223134
-0.429993 -0.255229
-0.409961 -0.2863
-0.387369 -0.316198
-0.362178 -0.344766
-0.334332 -0.371831
-0.303756 -0.397202
-0.271754 -0.419746
-0.238819 -0.439321
-0.205105 -0.456037
-0.170751 -0.469981
-0.135889 -0.48122
-0.100646 -0.489805
-0.0651474 -0.495777
-0.0295136 -0.499167
0.00613511 -0.500001
0.0416796 -0.498299
0.0770009 -0.494075
0.111979 -0.48734
0.146494 -0.4781
0.180421 -0.466357
0.213633 -0.452108
0.246 -0.435344
0.277383 -0.416052
0.307638 -0.394208
0.33661 -0.369777
0.364131 -0.34271
0.390016 -0.312937
0.413452 -0.281246
0.433886 -0.248567
0.45143 -0.215066
0.466179 -0.180886
0.478206 -0.146159
0.487564 -0.111015
0.494299 -0.075578
0.498444 -0.039971
0.500025 -0.00431407
0.499065 0.0312735
0.49558 0.0666729
0.48958 0.101765
0.481074 0.136428
0.470065 0.17054
0.456551 0.203976
0.440526 0.236605
0.421978 0.268291
0.400885 0.298893
0.377217 0.328259
0.350929 0.356224
0.321958 0.382609
0.290591 0.406945
0.258178 0.428242
0.224902 0.446617
0.190905 0.462172
0.156324 0.474985
0.121288 0.485116
0.0859232 0.492611
0.0503531 0.497507
0.0146981 0.499833
-0.0209222 0.499611
-0.0563889 0.49686
-0.0915829 0.491591
-0.126384 0.483815
-0.16067 0.473535
-0.194316 0.460751
-0.227194 0.445459
-0.259169 0.427647
-0.290103 0.407298
-0.319845 0.384383
-0.348236 0.358864
-0.375101 0.330683
-0.400246 0.299759
-0.422409 0.267625
-0.441615 0.234583
-0.457974 0.200779
-0.471571 0.166353
-0.482471 0.131435
-0.490722 0.0961518
-0.496365 0.0606283
-0.499429 0.0249853
-0.49994 -0.0106575
-0.497917 -0.046181
-0.493374 -0.0814661
-0.48632 -0.116393
-0.476762 -0.150841
-0.464701 -0.184684
-0.450133 -0.217798
-0.433049 -0.250048
-0.413434 -0.281297
-0.391263 -0.311399
-0.3665 -0.340197
-0.339094 -0.367521
-0.308971 -0.393184
-0.277142 -0.416232
-0.244349 -0.436292
-0.210754 -0.453476
-0.176496 -0.467875
-0.141708 -0.479559
-0.106519 -0.488581
-0.0710534 -0.494985
-0.0354327 -0.498802
0.000222702 -0.500059
0.0357937 -0.498776
0.0711612 -0.49497
0.106206 -0.488651
0.140807 -0.479826
0.174841 -0.468498
0.208182 -0.454665
0.240699 -0.43832
0.272256 -0.419449
0.30271 -0.39803
0.331907 -0.37403
0.359682 -0.347405
0.385853 -0.318087
0.4098 -0.286577
0.430723 -0.254047
0.448739 -0.220672
0.463946 -0.186594
0.476419 -0.151947
0.486216 -0.116862
0.493383 -0.0814647
0.497955 -0.0458766
0.499959 -0.0102187
0.499419 0.0253895
0.496351 0.0608293
0.490767 0.0959812
0.482675 0.130725
0.472081 0.164938
0.458982 0.198496
0.443374 0.231268
0.425244 0.263121
0.404574 0.293914
0.381335 0.323496
0.355484 0.351706
0.326963 0.378367
0.295782 0.403212
0.263523 0.424997
0.230376 0.44384
0.196487 0.459848
0.16199 0.473104
0.127019 0.483668
0.0916983 0.491589
0.0561524 0.496906
0.0205021 0.499648
-0.0151329 0.49984
-0.0506336 0.497499
-0.0858811 0.49264
-0.120755 0.485271
-0.155134 0.475398
-0.188894 0.463021
-0.221907 0.448138
-0.25404 0.430737
-0.285153 0.410802
-0.315101 0.388307
-0.343724 0.363215
-0.370851 0.335471
-0.396291 0.305
-0.418955 0.273036
-0.438644 0.240133
-0.45547 0.206446
-0.469521 0.172112
-0.480865 0.137266
-0.489553 0.102034
-0.495626 0.0665413
-0.499117 0.0309088
-0.500051 -0.00474318
-0.498448 -0.0402956
-0.494322 -0.0756296
-0.487685 -0.110625
-0.478542 -0.145162
-0.466897 -0.179116
-0.452745 -0.21236
-0.43608 -0.244764
-0.416887 -0.27619
-0.395142 -0.306494
-0.370812 -0.335521
-0.343849 -0.363103
-0.314183 -0.389057
-0.282533 -0.412616
-0.249888 -0.433166
-0.216416 -0.450823
-0.182258 -0.465682
-0.147549 -0.477815
-0.112417 -0.487279
-0.0769876 -0.494117
-0.0413834 -0.498363
-0.00572458 -0.500046
0.0298697 -0.499186
0.0652804 -0.4958
0.100388 -0.489899
0.135073 -0.481492
0.169211 -0.470582
0.202677 -0.457167
0.235342 -0.441242
0.26707 -0.422793
0.297719 -0.401801
0.327139 -0.378234
0.355164 -0.352051
0.381617 -0.323187
0.406076 -0.291863
0.427492 -0.259486
0.44598 -0.226239
0.461645 -0.192266
0.474565 -0.157704
0.484801 -0.122682
0.4924 -0.0873263
0.497397 -0.0517603
0.499824 -0.0161048
0.499703 0.0195208
0.497051 0.0549975
