0.627407 0.124987
1.29028 0.124986
1.91982 0.124985
2.55191 0.124984
3.22253 0.124983
3.85396 0.124982
4.4842 0.124981
5.14976 0.12498
5.78334 0.124979
6.41201 0.124979
7.07121 0.124978
7.70755 0.124977
8.335 0.124976
8.98819 0.124975
9.62802 0.124974
10.2547 0.124973
10.9024 0.124972
11.5465 0.124972
12.173 0.124971
12.8159 0.12497
13.4651 0.124969
14.0919 0.124968
14.7307 0.124967
15.3858 0.124966
16.0135 0.124966
16.6489 0.124965
17.3105 0.124964
17.9397 0.124963
18.5724 0.124962
19.2411 0.124961
19.872 0.12496
20.5027 0.124959
21.1699 0.124958
21.8029 0.124957
22.4319 0.124957
23.0928 0.124956
23.7283 0.124955
24.3561 0.124954
25.0108 0.124953
25.6496 0.124952
26.2765 0.124951
26.9255 0.12495
27.5685 0.12495
28.195 0.124949
28.839 0.124948
29.4869 0.124947
30.1136 0.124946
30.7533 0.124945
31.4069 0.124944
