0.1 0.125
0.279003 0.125
0.543862 0.125
0.892743 0.124999
1.32859 0.124996
1.85132 0.124988
2.4012 0.124977
2.9611 0.124965
3.55599 0.124947
4.1819 0.124924
4.79293 0.124903
5.40822 0.124882
6.06894 0.124849
6.70616 0.124823
7.33323 0.124799
8.01575 0.124759
8.66979 0.124728
9.30582 0.124702
9.99532 0.12466
10.6551 0.124628
11.2942 0.124601
11.9835 0.124559
12.6439 0.124526
13.283 0.124499
13.9702 0.124458
14.6301 0.124426
15.2683 0.124399
15.9525 0.124359
16.6114 0.124327
17.2483 0.124301
17.9283 0.124262
18.586 0.124231
19.2212 0.124205
19.896 0.124168
20.5521 0.124137
21.1854 0.124112
21.8537 0.124077
22.5083 0.124046
23.1396 0.124021
23.8003 0.123989
24.4537 0.123958
25.0833 0.123934
25.736 0.123904
26.3892 0.123873
27.018 0.123849
27.6631 0.123821
28.3178 0.12379
28.9475 0.123766
29.5865 0.123739
30.245 0.123707
30.8779 0.123682
31.5131 0.123657
