0.395453 0.124999
0.802794 0.124999
1.22144 0.124999
1.62328 0.124999
2.01872 0.124999
2.41625 0.124999
2.82432 0.124999
3.24178 0.124999
3.64306 0.124999
4.03842 0.124999
4.43625 0.124999
4.84512 0.124999
5.26147 0.124998
5.66224 0.124998
6.05754 0.124998
6.45569 0.124998
6.86535 0.124998
7.28067 0.124998
7.68096 0.124998
8.07622 0.124998
8.47471 0.124998
8.88516 0.124998
9.29951 0.124998
9.69935 0.124998
10.0946 0.124998
10.4934 0.124998
10.9047 0.124998
11.3181 0.124998
11.7175 0.124998
12.1128 0.124998
12.5119 0.124998
12.9241 0.124997
13.3366 0.124997
13.7356 0.124997
14.1308 0.124997
14.5304 0.124997
14.9434 0.124997
15.355 0.124997
15.7537 0.124997
16.1489 0.124997
16.5489 0.124997
16.9628 0.124997
17.3736 0.124997
17.7719 0.124997
18.1672 0.124997
18.5676 0.124997
18.9823 0.124997
19.3923 0.124997
19.7903 0.124997
20.1857 0.124996
20.5865 0.124996
21.0022 0.124996
21.4114 0.124996
21.8091 0.124996
22.2045 0.124996
22.6058 0.124996
23.0226 0.124996
23.431 0.124996
23.8283 0.124996
24.2239 0.124996
24.6256 0.124996
25.0435 0.124996
25.4511 0.124996
25.8482 0.124996
26.2438 0.124996
26.6461 0.124996
27.0651 0.124996
27.472 0.124995
27.8687 0.124995
28.2645 0.124995
28.6675 0.124995
29.0877 0.124995
29.4937 0.124995
29.8903 0.124995
30.2862 0.124995
30.6898 0.124995
31.1113 0.124995
31.5166 0.124995
31.9129 0.124995
