0.144152 0.478742
-0.113062 0.48702
-0.330621 0.375046
-0.469337 0.17231
-0.492346 -0.0869536
-0.391664 -0.310747
-0.197057 -0.45949
0.0586411 -0.496509
0.288515 -0.408311
0.44756 -0.222817
0.499178 0.0278688
0.424774 0.263668
0.249501 0.433245
0.0047625 0.499927
-0.236596 0.440421
-0.416633 0.27634
-0.498464 0.0384485
-0.454664 -0.207904
-0.30252 -0.398024
-0.0722575 -0.49469
0.178376 -0.467033
0.37793 -0.327269
0.488737 -0.105218
0.477241 0.148907
0.34994 0.357034
0.13642 0.480956
-0.120411 0.48521
-0.336108 0.370077
-0.471875 0.165101
-0.491059 -0.0937185
-0.387441 -0.315926
-0.190716 -0.46211
0.0660911 -0.495528
0.294408 -0.404028
0.450784 -0.216118
0.498619 0.0359155
0.420588 0.270213
0.242621 0.437084
-0.00370563 0.499892
-0.243674 0.436494
-0.421048 0.269484
-0.499013 0.0297787
-0.45114 -0.215342
-0.295896 -0.402918
-0.0636317 -0.495829
0.18596 -0.464018
0.383156 -0.321067
0.490412 -0.0968839
0.474791 0.156404
