-0.247954 0.433565
-0.481423 0.132917
-0.42721 -0.258644
-0.120835 -0.48454
0.270484 -0.419746
0.487622 -0.107467
0.411088 0.28337
0.092486 0.490626
-0.297502 0.400908
-0.493467 0.0755073
-0.388754 -0.313124
-0.0560158 -0.495998
0.497966 -0.0334961
0.014398 0.498825
-0.355993 0.349671
-0.498971 -0.00217336
-0.339225 -0.365884
0.0168206 -0.498636
0.374462 -0.329648
0.497963 0.0299664
0.320775 0.382018
-0.0419194 0.497044
-0.388766 0.312477
-0.49594 -0.052912
-0.304648 -0.394862
0.0631236 -0.494689
0.400427 -0.297206
0.493319 0.0726964
0.290078 0.405555
