0.347148 0.359843
0.21637 0.450758
0.0592293 0.496478
-0.0977926 0.490341
-0.242962 0.436998
-0.365444 0.341245
-0.454339 0.208743
-0.497357 0.0513187
-0.488768 -0.105371
-0.4332 -0.249669
-0.335481 -0.370742
-0.20132 -0.457676
-0.0436473 -0.498088
0.112695 -0.487131
0.256122 -0.429416
0.375803 -0.329802
0.460806 -0.194047
0.498687 -0.03616
0.485427 0.119819
0.425627 0.26237
0.324174 0.380667
0.186878 0.463759
0.0288069 0.499165
-0.126791 0.483653
-0.268458 0.421812
-0.385371 0.318566
-0.46656 0.179769
-0.499531 0.021542
-0.4818 -0.133656
-0.417953 -0.274427
-0.312946 -0.389949
-0.172679 -0.46923
-0.0143217 -0.49979
0.140456 -0.479861
0.280313 -0.414028
0.394428 -0.30728
0.471786 -0.165566
0.499944 -0.00710374
0.477826 0.147231
0.410015 0.28615
0.301538 0.398835
0.158389 0.474243
-0.000153884 0.499994
-0.154019 0.47568
-0.291972 0.405889
-0.403193 0.295683
-0.476614 0.151104
-0.499937 -0.0074938
-0.47341 -0.160861
-0.401623 -0.297812
-0.28968 -0.407527
-0.143667 -0.478907
0.0149604 -0.499769
0.167795 -0.470996
0.303701 -0.397187
0.411858 -0.283487
0.481132 -0.136029
0.499481 0.0226008
0.468417 0.174865
0.392547 0.309675
0.27706 0.416208
0.128136 0.483294
-0.0304665 0.499062
-0.182115 0.465645
-0.315767 0.387662
-0.420599 0.270347
-0.485395 0.119928
-0.498498 -0.0386142
-0.46265 -0.189595
-0.382487 -0.322017
-0.26329 -0.425052
-0.111337 -0.487437
0.0471081 -0.497766
0.197359 -0.459391
0.328464 -0.376964
0.429589 -0.255819
0.489416 -0.102282
0.496841 0.0560222
0.45582 0.205471
