0.51798 0.25899 0.202536 0.999482 0.202543 0.999482
1.0167 0.249358 0.319736 0.998984 0.319744 0.998984
1.56956 0.276431 0.396714 0.998432 0.396722 0.998432
2.18129 0.305869 0.444431 0.997821 0.444438 0.997821
2.86563 0.342166 0.472461 0.997138 0.472467 0.997138
3.64051 0.387442 0.487846 0.996366 0.487852 0.996366
4.53117 0.445329 0.495597 0.995479 0.495602 0.995479
5.57426 0.521545 0.499091 0.994441 0.499094 0.994441
6.82559 0.625666 0.500448 0.993198 0.50045 0.993198
8.37518 0.774796 0.500876 0.99166 0.500877 0.99166
10.3794 1.00212 0.500974 0.989674 0.500975 0.989674
13.1378 1.37917 0.500987 0.986948 0.500987 0.986948
17.2983 2.08028 0.500984 0.98285 0.500984 0.98285
24.3922 3.54693 0.500975 0.975903 0.500977 0.975903
34.7207 5.16429 0.500594 0.965875 0.500967 0.965875
36.9707 1.12496 0.500922 0.963704 0.500965 0.963704
39.1712 1.10028 0.500958 0.961586 0.500963 0.961586
42.5662 1.69748 0.500959 0.958327 0.500959 0.958327
47.915 2.67441 0.500954 0.953215 0.500954 0.953215
57.3098 4.6974 0.500916 0.944301 0.500945 0.944301
61.2041 1.94714 0.500939 0.940631 0.500942 0.940631
65.0179 1.90691 0.500938 0.937051 0.500938 0.937051
71.0448 3.01346 0.500932 0.93142 0.500932 0.93142
81.2497 5.10243 0.500802 0.921963 0.500923 0.921963
84.1008 1.42556 0.500911 0.919339 0.50092 0.919339
86.8973 1.39823 0.500917 0.916771 0.500918 0.916771
91.5459 2.32432 0.500913 0.912519 0.500913 0.912519
99.5822 4.01812 0.500901 0.905216 0.500906 0.905216
105.558 2.98808 0.500892 0.899822 0.500901 0.899822
110.584 2.51307 0.500892 0.895311 0.500896 0.895311
115.526 2.47053 0.50089 0.890898 0.500892 0.890898
121.343 2.9089 0.500884 0.88573 0.500887 0.88573
128.542 3.59938 0.500859 0.879377 0.50088 0.879377
132.65 2.05406 0.500874 0.875771 0.500877 0.875771
136.731 2.0402 0.500873 0.872205 0.500873 0.872205
142.916 3.09291 0.500867 0.866827 0.500868 0.866827
152.861 4.97226 0.500719 0.858249 0.500859 0.858249
155.679 1.40887 0.500846 0.855834 0.500857 0.855834
158.392 1.35649 0.500853 0.853515 0.500854 0.853515
162.884 2.24627 0.50085 0.84969 0.500851 0.84969
170.576 3.8461 0.500841 0.843179 0.500844 0.843179
176.937 3.18027 0.500828 0.837833 0.500839 0.837833
181.906 2.48459 0.50083 0.83368 0.500835 0.83368
186.71 2.40175 0.500829 0.829685 0.500831 0.829685
192.453 2.87152 0.500824 0.824933 0.500826 0.824933
199.866 3.70658 0.500799 0.818841 0.50082 0.818841
203.983 2.0585 0.500814 0.815476 0.500816 0.815476
208.066 2.04145 0.500813 0.812154 0.500813 0.812154
214.242 3.08829 0.500807 0.807153 0.500808 0.807153
224.163 4.96058 0.500663 0.799184 0.5008 0.799184
226.991 1.4139 0.500787 0.796928 0.500798 0.796928
229.718 1.36331 0.500795 0.794758 0.500796 0.794758
234.237 2.25962 0.500792 0.791174 0.500792 0.791174
241.988 3.87546 0.500782 0.785066 0.500786 0.785066
248.226 3.11889 0.500772 0.780184 0.500781 0.780184
253.281 2.52783 0.500773 0.776249 0.500777 0.776249
258.194 2.45638 0.500772 0.772445 0.500773 0.772445
263.919 2.86254 0.500767 0.768035 0.500769 0.768035
271.051 3.56587 0.500746 0.762578 0.500763 0.762578
275.335 2.14203 0.500757 0.759318 0.50076 0.759318
279.589 2.12681 0.500756 0.756095 0.500757 0.756095
285.776 3.09344 0.500751 0.751431 0.500752 0.751431
295.296 4.75999 0.500627 0.744312 0.500745 0.744312
298.159 1.43165 0.500734 0.742183 0.500743 0.742183
300.971 1.40581 0.50074 0.7401 0.500741 0.7401
305.649 2.33923 0.500737 0.736645 0.500737 0.736645
313.75 4.05056 0.500726 0.730702 0.500731 0.730702
319.596 2.92293 0.500719 0.726442 0.500727 0.726442
324.722 2.56283 0.500719 0.722729 0.500723 0.722729
329.787 2.53266 0.500718 0.719077 0.50072 0.719077
335.577 2.89504 0.500713 0.714925 0.500716 0.714925
342.452 3.4375 0.500694 0.710027 0.500711 0.710027
347.013 2.2805 0.500704 0.706796 0.500708 0.706796
351.33 2.15854 0.500704 0.703751 0.500704 0.703751
357.136 2.90296 0.5007 0.699677 0.5007 0.699677
365.826 4.34479 0.50065 0.693624 0.500694 0.693624
369.353 1.76394 0.500688 0.691181 0.500692 0.691181
372.823 1.73474 0.500689 0.688787 0.500689 0.688787
378.585 2.88083 0.500685 0.68483 0.500686 0.68483
388.747 5.08133 0.500601 0.677906 0.500679 0.677906
391.849 1.55075 0.500671 0.675806 0.500676 0.675806
394.921 1.53637 0.500674 0.673733 0.500674 0.673733
400.098 2.58803 0.500671 0.670255 0.500671 0.670255
409.25 4.57602 0.500645 0.664148 0.500665 0.664148
413.491 2.12068 0.500659 0.661338 0.500662 0.661338
417.647 2.07789 0.500659 0.658595 0.500659 0.658595
423.747 3.05027 0.500654 0.654589 0.500655 0.654589
433.352 4.80241 0.500542 0.648332 0.500649 0.648332
436.295 1.4716 0.500639 0.646427 0.500647 0.646427
439.169 1.43694 0.500645 0.644572 0.500645 0.644572
443.975 2.40279 0.500642 0.641482 0.500642 0.641482
452.35 4.18743 0.500629 0.636132 0.500637 0.636132
457.7 2.67517 0.500628 0.632737 0.500633 0.632737
462.871 2.58536 0.500627 0.629474 0.50063 0.629474
468.374 2.75169 0.500624 0.626019 0.500627 0.626019
474.64 3.13285 0.500615 0.622109 0.500623 0.622109
480.007 2.6835 0.500614 0.618779 0.500619 0.618779
485.205 2.59929 0.500613 0.615571 0.500616 0.615571
490.712 2.75326 0.50061 0.61219 0.500613 0.61219
496.924 3.10631 0.500602 0.608399 0.500609 0.608399
502.309 2.69238 0.5006 0.605132 0.500606 0.605132
507.539 2.6148 0.500599 0.601975 0.500603 0.601975
513.05 2.75563 0.500596 0.598667 0.500599 0.598667
519.206 3.07777 0.500589 0.594993 0.500596 0.594993
524.607 2.70073 0.500587 0.591788 0.500592 0.591788
529.868 2.6303 0.500586 0.588683 0.500589 0.588683
535.385 2.75887 0.500583 0.585444 0.500586 0.585444
541.487 3.05061 0.500576 0.581883 0.500582 0.581883
546.9 2.70683 0.500574 0.578741 0.500579 0.578741
552.187 2.64323 0.500573 0.57569 0.500576 0.57569
557.713 2.76309 0.50057 0.572517 0.500573 0.572517
563.773 3.03002 0.500563 0.569058 0.50057 0.569058
569.189 2.7079 0.500561 0.565984 0.500567 0.565984
574.488 2.64957 0.50056 0.562993 0.500564 0.562993
580.025 2.76863 0.500557 0.559884 0.50056 0.559884
586.074 3.0243 0.50055 0.556508 0.500557 0.556508
591.472 2.6991 0.500549 0.553512 0.500554 0.553512
596.757 2.64255 0.500548 0.550594 0.500551 0.550594
602.31 2.77636 0.500545 0.547545 0.500548 0.547545
608.406 3.04801 0.500538 0.544218 0.500545 0.544218
613.749 2.67166 0.500537 0.541318 0.500542 0.541318
618.97 2.61021 0.500536 0.538499 0.500539 0.538499
624.545 2.78794 0.500533 0.535505 0.500536 0.535505
630.802 3.12845 0.500525 0.532165 0.500533 0.532165
636.023 2.61037 0.500525 0.529394 0.50053 0.529394
641.087 2.53187 0.500525 0.52672 0.500527 0.52672
646.697 2.80496 0.500522 0.523773 0.500524 0.523773
653.33 3.31662 0.50051 0.52031 0.500521 0.52031
658.322 2.49596 0.500514 0.517719 0.500518 0.517719
663.08 2.37889 0.500514 0.515262 0.500516 0.515262
668.72 2.8202 0.500511 0.512364 0.500513 0.512364
676.087 3.68371 0.500492 0.508603 0.500509 0.508603
680.387 2.14964 0.500504 0.506421 0.500507 0.506421
684.647 2.13021 0.500504 0.504268 0.500505 0.504268
690.819 3.08604 0.500501 0.501165 0.500502 0.501165
700.295 4.73797 0.500384 0.496439 0.500497 0.496439
703.183 1.44402 0.500487 0.495007 0.500496 0.495007
706.02 1.41844 0.500493 0.493605 0.500494 0.493605
710.749 2.3645 0.500492 0.491276 0.500492 0.491276
718.96 4.10525 0.500482 0.487259 0.500488 0.487259
724.598 2.8192 0.500478 0.484519 0.500485 0.484519
730.021 2.71162 0.500477 0.481899 0.500482 0.481899
735.306 2.64232 0.500476 0.479359 0.50048 0.479359
740.813 2.75334 0.500474 0.476726 0.500477 0.476726
746.852 3.01964 0.500468 0.473856 0.500474 0.473856
752.319 2.73347 0.500466 0.471272 0.500472 0.471272
757.673 2.67687 0.500465 0.468756 0.500469 0.468756
763.181 2.75428 0.500463 0.466181 0.500467 0.466181
769.087 2.95287 0.500458 0.463436 0.500464 0.463436
774.616 2.76456 0.500456 0.460881 0.500461 0.460881
780.065 2.72428 0.500454 0.458376 0.500459 0.458376
785.571 2.75298 0.500452 0.45586 0.500456 0.45586
791.292 2.86066 0.500448 0.453259 0.500454 0.453259
797.158 2.9333 0.500443 0.450608 0.500451 0.450608
802.279 2.56044 0.500445 0.448306 0.500449 0.448306
807.336 2.52818 0.500445 0.446045 0.500446 0.446045
813.123 2.89382 0.500441 0.443471 0.500444 0.443471
820.015 3.44593 0.500424 0.440425 0.500441 0.440425
824.574 2.27967 0.500435 0.438422 0.500439 0.438422
828.886 2.15593 0.500436 0.436535 0.500437 0.436535
834.687 2.90055 0.500434 0.43401 0.500434 0.43401
843.381 4.34687 0.500387 0.430253 0.500431 0.430253
846.914 1.76653 0.500426 0.428736 0.500429 0.428736
850.388 1.73698 0.500427 0.427249 0.500428 0.427249
856.155 2.88318 0.500425 0.424792 0.500425 0.424792
866.322 5.08392 0.500343 0.420495 0.500421 0.420495
869.417 1.54749 0.500414 0.419196 0.50042 0.419196
872.484 1.53318 0.500418 0.417912 0.500418 0.417912
877.648 2.58227 0.500416 0.415759 0.500416 0.415759
886.777 4.56437 0.500393 0.411981 0.500412 0.411981
891.047 2.13515 0.500408 0.410226 0.500411 0.410226
895.23 2.09144 0.500409 0.408514 0.500409 0.408514
901.327 3.04839 0.500406 0.40603 0.500406 0.40603
910.859 4.76607 0.5003 0.402179 0.500403 0.402179
913.819 1.47997 0.500394 0.40099 0.500401 0.40099
916.715 1.44801 0.5004 0.39983 0.5004 0.39983
921.563 2.4239 0.500398 0.397897 0.500398 0.397897
930.029 4.23283 0.500387 0.394542 0.500395 0.394542
935.23 2.60087 0.500388 0.392495 0.500393 0.392495
940.269 2.5192 0.500389 0.390523 0.500391 0.390523
945.882 2.80671 0.500386 0.388337 0.500389 0.388337
952.575 3.3466 0.500375 0.385746 0.500386 0.385746
957.537 2.48078 0.50038 0.383837 0.500384 0.383837
962.252 2.35755 0.500381 0.382032 0.500382 0.382032
967.892 2.81982 0.500379 0.379883 0.50038 0.379883
975.358 3.73302 0.500359 0.377057 0.500377 0.377057
979.61 2.12604 0.500373 0.375458 0.500376 0.375458
983.821 2.10561 0.500374 0.37388 0.500374 0.37388
989.993 3.08607 0.500371 0.371579 0.500372 0.371579
999.593 4.80002 0.500249 0.368029 0.500368 0.368029
1002.46 1.43184 0.500358 0.366977 0.500367 0.366977
1005.26 1.40287 0.500366 0.365949 0.500366 0.365949
1009.93 2.33407 0.500364 0.364244 0.500365 0.364244
1018.01 4.03919 0.500356 0.361314 0.500362 0.361314
1023.9 2.94537 0.500351 0.359191 0.50036 0.359191
1028.99 2.54557 0.500354 0.357367 0.500358 0.357367
1034.01 2.51107 0.500354 0.355577 0.500356 0.355577
1039.81 2.90003 0.500351 0.353521 0.500354 0.353521
1046.8 3.49331 0.500333 0.351059 0.500351 0.351059
1051.04 2.12117 0.500347 0.349573 0.50035 0.349573
1055.26 2.10845 0.500348 0.348102 0.500348 0.348102
1061.46 3.09866 0.500345 0.345952 0.500346 0.345952
1071.09 4.81591 0.500218 0.342635 0.500343 0.342635
1073.92 1.41545 0.500332 0.341667 0.500342 0.341667
1076.69 1.38709 0.50034 0.34072 0.500341 0.34072
1081.3 2.302 0.500339 0.339155 0.500339 0.339155
1089.24 3.96954 0.500332 0.336473 0.500337 0.336473
1095.42 3.09186 0.500324 0.334399 0.500335 0.334399
1100.29 2.43465 0.500329 0.332775 0.500333 0.332775
1105.04 2.37373 0.50033 0.331199 0.500332 0.331199
1110.89 2.92739 0.500328 0.329265 0.50033 0.329265
1118.61 3.85793 0.500297 0.326734 0.500327 0.326734
1122.43 1.90991 0.500323 0.325489 0.500326 0.325489
1126.21 1.89327 0.500324 0.324259 0.500325 0.324259
1132.28 3.03314 0.500322 0.322298 0.500323 0.322298
1142.61 5.16653 0.500184 0.318984 0.500319 0.318984
1145.38 1.38318 0.500307 0.318103 0.500318 0.318103
1148.11 1.36452 0.500317 0.317236 0.500318 0.317236
1152.61 2.25288 0.500316 0.31581 0.500316 0.31581
1160.34 3.86341 0.50031 0.313379 0.500314 0.313379
1166.63 3.14597 0.500302 0.311414 0.500312 0.311414
1171.65 2.50941 0.500306 0.309855 0.50031 0.309855
1176.52 2.43283 0.500307 0.308351 0.500309 0.308351
1182.25 2.86623 0.500305 0.306588 0.500307 0.306588
1189.5 3.62582 0.500286 0.304373 0.500305 0.304373
1193.71 2.10587 0.500301 0.303094 0.500303 0.303094
1197.89 2.08987 0.500302 0.301829 0.500302 0.301829
1204.08 3.09352 0.500299 0.299968 0.5003 0.299968
1213.79 4.85289 0.50017 0.29707 0.500297 0.29707
1216.62 1.41485 0.500286 0.296231 0.500297 0.296231
1219.38 1.38301 0.500295 0.295413 0.500296 0.295413
1223.97 2.29464 0.500294 0.29406 0.500294 0.29406
1231.88 3.95328 0.500288 0.291744 0.500292 0.291744
1238.13 3.12848 0.500279 0.289925 0.50029 0.289925
1242.95 2.40711 0.500285 0.288532 0.500289 0.288532
1247.63 2.34011 0.500287 0.287185 0.500287 0.287185
1253.49 2.93271 0.500284 0.285505 0.500286 0.285505
1261.39 3.94851 0.50025 0.28326 0.500284 0.28326
1265.12 1.86551 0.50028 0.282205 0.500282 0.282205
1268.82 1.8478 0.500281 0.281164 0.500281 0.281164
1274.82 2.99994 0.500279 0.279482 0.50028 0.279482
1285.17 5.17758 0.500154 0.276603 0.500277 0.276603
1287.99 1.40667 0.500266 0.275826 0.500276 0.275826
1290.77 1.39276 0.500275 0.275058 0.500275 0.275058
1295.39 2.30962 0.500274 0.273791 0.500274 0.273791
1303.37 3.98714 0.500267 0.271616 0.500272 0.271616
1309.47 3.05361 0.50026 0.269962 0.50027 0.269962
1314.4 2.46404 0.500265 0.268635 0.500269 0.268635
1319.22 2.40968 0.500266 0.267344 0.500268 0.267344
1325.06 2.92079 0.500264 0.265787 0.500266 0.265787
1332.58 3.76095 0.500238 0.263795 0.500264 0.263795
1336.51 1.96118 0.50026 0.262762 0.500263 0.262762
1340.4 1.94561 0.500262 0.261742 0.500262 0.261742
1346.52 3.06246 0.50026 0.260143 0.50026 0.260143
1356.77 5.12328 0.500114 0.257492 0.500258 0.257492
1359.53 1.37892 0.500245 0.256782 0.500257 0.256782
1362.22 1.3482 0.500255 0.256091 0.500256 0.256091
1366.67 2.2229 0.500255 0.254955 0.500255 0.254955
1374.26 3.79692 0.50025 0.253026 0.500253 0.253026
1380.85 3.29316 0.500239 0.251365 0.500252 0.251365
1385.66 2.40602 0.500246 0.250158 0.50025 0.250158
1390.27 2.30353 0.500248 0.249009 0.500249 0.249009
1396.04 2.88397 0.500247 0.247576 0.500248 0.247576
1403.96 3.96139 0.500217 0.245623 0.500246 0.245623
1407.81 1.92796 0.500242 0.244677 0.500245 0.244677
1411.63 1.9072 0.500244 0.243746 0.500244 0.243746
1417.7 3.03674 0.500242 0.24227 0.500243 0.24227
1428 5.14795 0.500105 0.239788 0.50024 0.239788
1430.77 1.38769 0.500228 0.239124 0.500239 0.239124
1433.5 1.36561 0.500238 0.238472 0.500239 0.238472
1438.02 2.25619 0.500237 0.237398 0.500238 0.237398
1445.76 3.87031 0.500232 0.235567 0.500236 0.235567
1452.02 3.1314 0.500225 0.234097 0.500234 0.234097
1457.06 2.51957 0.500229 0.23292 0.500233 0.23292
1461.95 2.44572 0.500231 0.231784 0.500232 0.231784
1467.68 2.86411 0.500229 0.23046 0.500231 0.23046
1474.87 3.59277 0.500211 0.22881 0.500229 0.22881
1479.12 2.12579 0.500225 0.227839 0.500228 0.227839
1483.34 2.11021 0.500227 0.226879 0.500227 0.226879
1489.52 3.09388 0.500225 0.22548 0.500226 0.22548
1499.13 4.80275 0.500101 0.223324 0.500224 0.223324
1501.98 1.42293 0.500213 0.22269 0.500223 0.22269
1504.77 1.39479 0.500222 0.222069 0.500222 0.222069
1509.4 2.31757 0.500221 0.221042 0.500221 0.221042
1517.41 4.0034 0.500215 0.21928 0.500219 0.21928
1523.45 3.01868 0.500209 0.21796 0.500218 0.21796
1528.42 2.48981 0.500213 0.216877 0.500217 0.216877
1533.31 2.44169 0.500215 0.215821 0.500216 0.215821
1539.14 2.91487 0.500213 0.214566 0.500215 0.214566
1546.49 3.67583 0.50019 0.212994 0.500213 0.212994
1550.51 2.00862 0.50021 0.21214 0.500212 0.21214
1554.49 1.99395 0.500211 0.211296 0.500212 0.211296
1560.66 3.08151 0.50021 0.209998 0.50021 0.209998
1570.77 5.05689 0.500064 0.207885 0.500208 0.207885
1573.61 1.41739 0.500196 0.207296 0.500208 0.207296
1576.3 1.34847 0.500206 0.206738 0.500207 0.206738
1580.77 2.23437 0.500206 0.205816 0.500206 0.205816
1588.41 3.8187 0.500201 0.20425 0.500204 0.20425
1594.89 3.23982 0.500192 0.202931 0.500203 0.202931
1599.77 2.44235 0.500198 0.201942 0.500202 0.201942
1604.47 2.34898 0.5002 0.200996 0.500201 0.200996
1610.23 2.8792 0.500199 0.199842 0.5002 0.199842
1617.92 3.84408 0.500173 0.198311 0.500199 0.198311
1621.89 1.98439 0.500195 0.197526 0.500198 0.197526
1625.82 1.96548 0.500197 0.196751 0.500197 0.196751
1631.95 3.06628 0.500195 0.195548 0.500196 0.195548
1642.13 5.08932 0.500052 0.193567 0.500194 0.193567
1644.92 1.39463 0.500182 0.193028 0.500193 0.193028
1647.62 1.3531 0.500192 0.192507 0.500193 0.192507
1652.1 2.23628 0.500192 0.191648 0.500192 0.191648
1659.75 3.82517 0.500187 0.190187 0.50019 0.190187
1666.2 3.22695 0.500178 0.188964 0.500189 0.188964
1671.11 2.45209 0.500184 0.188039 0.500188 0.188039
1675.83 2.36091 0.500186 0.187153 0.500187 0.187153
1681.58 2.87728 0.500185 0.186079 0.500186 0.186079
1689.21 3.81249 0.500161 0.184666 0.500185 0.184666
1693.21 2.00115 0.500181 0.183928 0.500184 0.183928
1697.17 1.98267 0.500183 0.1832 0.500183 0.1832
1703.32 3.07279 0.500182 0.182078 0.500182 0.182078
1713.45 5.06494 0.500039 0.180243 0.50018 0.180243
1716.27 1.40944 0.500169 0.179736 0.50018 0.179736
1718.98 1.35366 0.500178 0.17925 0.500179 0.17925
1723.46 2.24144 0.500178 0.178448 0.500179 0.178448
1731.13 3.83525 0.500174 0.177084 0.500177 0.177084
1737.54 3.20364 0.500165 0.175953 0.500176 0.175953
1742.47 2.4681 0.500171 0.175087 0.500175 0.175087
1747.24 2.38106 0.500173 0.174255 0.500174 0.174255
1752.98 2.87464 0.500172 0.173256 0.500173 0.173256
1760.51 3.76034 0.50015 0.171958 0.500172 0.171958
1764.56 2.02868 0.500169 0.171262 0.500171 0.171262
1768.58 2.01093 0.50017 0.170574 0.500171 0.170574
1774.75 3.08156 0.500169 0.169526 0.50017 0.169526
1784.78 5.01873 0.500028 0.167833 0.500168 0.167833
1787.51 1.36211 0.500156 0.167377 0.500168 0.167377
1790.22 1.35312 0.500166 0.166924 0.500167 0.166924
1794.67 2.22598 0.500166 0.166183 0.500166 0.166183
1802.28 3.80574 0.500162 0.164923 0.500165 0.164923
1808.83 3.27381 0.500152 0.163846 0.500164 0.163846
1813.67 2.42027 0.500159 0.163055 0.500163 0.163055
1818.31 2.32096 0.500161 0.1623 0.500162 0.1623
1824.07 2.88174 0.50016 0.161367 0.500162 0.161367
1831.9 3.91564 0.500133 0.160108 0.50016 0.160108
1835.8 1.95005 0.500157 0.159485 0.50016 0.159485
1839.66 1.93002 0.500159 0.158871 0.500159 0.158871
1845.76 3.04961 0.500157 0.157905 0.500158 0.157905
1856.02 5.12939 0.500018 0.156293 0.500156 0.156293
1858.79 1.3856 0.500145 0.155861 0.500156 0.155861
1861.51 1.35831 0.500155 0.155438 0.500156 0.155438
1866 2.24274 0.500155 0.154742 0.500155 0.154742
1873.68 3.84052 0.500151 0.153558 0.500154 0.153558
1880.06 3.19406 0.500142 0.15258 0.500153 0.15258
1885.02 2.4755 0.500148 0.151827 0.500152 0.151827
1889.8 2.39013 0.50015 0.151103 0.500151 0.151103
1895.54 2.87299 0.500149 0.150237 0.50015 0.150237
1903.01 3.7363 0.500127 0.149118 0.500149 0.149118
1907.1 2.0423 0.500146 0.148511 0.500149 0.148511
1911.15 2.02485 0.500148 0.14791 0.500148 0.14791
1917.32 3.08494 0.500146 0.147001 0.500147 0.147001
1927.3 4.99315 0.500007 0.14554 0.500146 0.14554
1930.16 1.4292 0.500134 0.145125 0.500145 0.145125
1932.88 1.36002 0.500144 0.14473 0.500145 0.14473
1937.4 2.25764 0.500144 0.144078 0.500144 0.144078
1945.14 3.86974 0.50014 0.142968 0.500143 0.142968
1951.4 3.12948 0.500133 0.142076 0.500142 0.142076
1956.44 2.52004 0.500137 0.141361 0.500142 0.141361
1961.33 2.4466 0.500139 0.140671 0.500141 0.140671
1967.06 2.86439 0.500138 0.139868 0.50014 0.139868
1974.24 3.59112 0.500121 0.138867 0.500139 0.138867
1978.49 2.1262 0.500136 0.138277 0.500138 0.138277
1982.71 2.11067 0.500137 0.137695 0.500138 0.137695
1988.9 3.09393 0.500136 0.136846 0.500137 0.136846
1998.51 4.80169 0.500014 0.135538 0.500136 0.135538
2001.35 1.42308 0.500126 0.135152 0.500135 0.135152
2004.14 1.39501 0.500134 0.134776 0.500135 0.134776
2008.78 2.31799 0.500134 0.134152 0.500134 0.134152
2016.79 4.00433 0.500128 0.133082 0.500133 0.133082
2022.82 3.01672 0.500123 0.132282 0.500132 0.132282
2027.8 2.4913 0.500128 0.131624 0.500132 0.131624
2032.69 2.44352 0.50013 0.130983 0.500131 0.130983
2038.52 2.9145 0.500128 0.130221 0.50013 0.130221
2045.86 3.67094 0.500106 0.129269 0.500129 0.129269
2049.88 2.01145 0.500126 0.12875 0.500129 0.12875
2053.88 1.99684 0.500128 0.128237 0.500128 0.128237
2060.04 3.08241 0.500127 0.127449 0.500128 0.127449
2070.15 5.05219 0.499982 0.126167 0.500126 0.126167
2073 1.42495 0.500115 0.125808 0.500126 0.125808
2075.69 1.34918 0.500125 0.125469 0.500126 0.125469
2080.17 2.2375 0.500125 0.124909 0.500125 0.124909
2087.82 3.82506 0.500121 0.123957 0.500124 0.123957
2094.27 3.22506 0.500112 0.12316 0.500123 0.12316
2099.18 2.45257 0.500119 0.122557 0.500123 0.122557
2103.9 2.36178 0.500121 0.12198 0.500122 0.12198
2109.65 2.87757 0.50012 0.12128 0.500121 0.12128
2117.28 3.81084 0.500096 0.120359 0.50012 0.120359
2121.28 2.00146 0.500117 0.119878 0.50012 0.119878
2125.24 1.98302 0.500119 0.119404 0.50012 0.119404
2131.39 3.07297 0.500118 0.118672 0.500119 0.118672
2141.52 5.0645 0.499976 0.117476 0.500118 0.117476
2144.34 1.40979 0.500106 0.117145 0.500117 0.117145
2147.05 1.35363 0.500116 0.116829 0.500117 0.116829
2151.53 2.24148 0.500116 0.116306 0.500116 0.116306
2159.2 3.8353 0.500112 0.115417 0.500116 0.115417
2165.61 3.2035 0.500104 0.11468 0.500115 0.11468
2170.54 2.46819 0.50011 0.114116 0.500114 0.114116
2175.31 2.38118 0.500112 0.113573 0.500114 0.113573
2181.05 2.87463 0.500111 0.112922 0.500113 0.112922
2188.57 3.76004 0.50009 0.112076 0.500112 0.112076
2192.63 2.02884 0.500109 0.111623 0.500112 0.111623
2196.65 2.01109 0.500111 0.111174 0.500111 0.111174
2202.82 3.08161 0.50011 0.110491 0.500111 0.110491
2212.85 5.01844 0.499969 0.109388 0.500109 0.109388
2215.58 1.36192 0.500098 0.10909 0.500109 0.10909
2218.28 1.35313 0.500108 0.108796 0.500109 0.108796
2222.74 2.22593 0.500108 0.108312 0.500108 0.108312
2230.35 3.80568 0.500105 0.107491 0.500108 0.107491
2236.9 3.27398 0.500095 0.106789 0.500107 0.106789
2241.74 2.42016 0.500102 0.106274 0.500106 0.106274
2246.38 2.32081 0.500105 0.105782 0.500106 0.105782
2252.14 2.88175 0.500104 0.105174 0.500105 0.105174
2259.97 3.91602 0.500077 0.104353 0.500104 0.104353
2263.87 1.94988 0.500101 0.103947 0.500104 0.103947
2267.73 1.92984 0.500103 0.103547 0.500104 0.103547
2273.83 3.04951 0.500102 0.102917 0.500103 0.102917
2284.09 5.12955 0.499964 0.101867 0.500102 0.101867
2286.86 1.3856 0.50009 0.101585 0.500102 0.101585
2289.58 1.35836 0.5001 0.101309 0.500101 0.101309
2294.06 2.24282 0.500101 0.100856 0.500101 0.100856
2301.75 3.8407 0.500097 0.100084 0.5001 0.100084
2308.13 3.19367 0.500089 0.0994467 0.5001 0.0994467
2313.09 2.47577 0.500095 0.0989555 0.500099 0.0989555
2317.87 2.39047 0.500097 0.0984835 0.500099 0.0984835
2323.61 2.87294 0.500096 0.0979193 0.500098 0.0979193
2331.08 3.73541 0.500075 0.0971905 0.500097 0.0971905
2335.17 2.04279 0.500094 0.0967942 0.500097 0.0967942
2339.22 2.02535 0.500096 0.0964029 0.500096 0.0964029
2345.39 3.08505 0.500095 0.0958099 0.500096 0.0958099
2355.37 4.99219 0.499956 0.0948581 0.500095 0.0948581
2358.23 1.42838 0.500084 0.0945875 0.500095 0.0945875
2360.95 1.36008 0.500094 0.0943305 0.500094 0.0943305
2365.47 2.25755 0.500094 0.0939056 0.500094 0.0939056
2373.2 3.8696 0.50009 0.0931816 0.500093 0.0931816
2379.46 3.12981 0.500083 0.0926002 0.500093 0.0926002
2384.5 2.51982 0.500088 0.0921347 0.500092 0.0921347
2389.4 2.44633 0.50009 0.091685 0.500092 0.091685
2395.13 2.86443 0.500089 0.0911612 0.500091 0.0911612
2402.31 3.59182 0.500072 0.0905087 0.500091 0.0905087
2406.56 2.12578 0.500088 0.0901247 0.50009 0.0901247
2410.78 2.11024 0.500089 0.0897452 0.50009 0.0897452
2416.97 3.09393 0.500088 0.0891916 0.500089 0.0891916
2426.57 4.80277 0.499966 0.0883389 0.500088 0.0883389
2429.42 1.42287 0.500079 0.0880879 0.500088 0.0880879
2432.21 1.39474 0.500087 0.0878425 0.500088 0.0878425
2436.84 2.31747 0.500087 0.0874363 0.500088 0.0874363
2444.85 4.00318 0.500082 0.0867391 0.500087 0.0867391
2450.89 3.01914 0.500077 0.0862169 0.500086 0.0862169
2455.87 2.48946 0.500082 0.0857887 0.500086 0.0857887
2460.75 2.44125 0.500084 0.0853708 0.500085 0.0853708
2466.58 2.91495 0.500083 0.0848746 0.500085 0.0848746
2473.93 3.677 0.500061 0.0842527 0.500084 0.0842527
2477.95 2.00794 0.500081 0.083915 0.500084 0.083915
2481.94 1.99327 0.500083 0.0835812 0.500084 0.0835812
2488.1 3.08129 0.500082 0.0830677 0.500083 0.0830677
2498.22 5.058 0.499938 0.0822316 0.500082 0.0822316
2501.05 1.41585 0.500071 0.0819991 0.500082 0.0819991
2503.74 1.34832 0.500081 0.0817782 0.500082 0.0817782
2508.21 2.23372 0.500081 0.0814137 0.500081 0.0814137
2515.85 3.81738 0.500078 0.0807945 0.500081 0.0807945
2522.33 3.24292 0.500069 0.0802722 0.50008 0.0802722
2527.21 2.4402 0.500076 0.0798814 0.50008 0.0798814
2531.91 2.3463 0.500079 0.0795074 0.50008 0.0795074
2537.66 2.87953 0.500078 0.0790508 0.500079 0.0790508
2545.37 3.85104 0.500053 0.0784443 0.500079 0.0784443
2549.33 1.98087 0.500076 0.0781342 0.500078 0.0781342
2553.25 1.96186 0.500078 0.0778282 0.500078 0.0778282
2559.38 3.06478 0.500077 0.0773526 0.500077 0.0773526
2569.57 5.09405 0.499935 0.0765685 0.500077 0.0765685
2572.35 1.39272 0.500065 0.0763555 0.500076 0.0763555
2575.06 1.35326 0.500075 0.0761492 0.500076 0.0761492
2579.53 2.236 0.500076 0.0758094 0.500076 0.0758094
2587.18 3.82474 0.500072 0.0752317 0.500075 0.0752317
2593.64 3.22806 0.500064 0.0747476 0.500075 0.0747476
2598.54 2.45137 0.50007 0.074382 0.500074 0.074382
2603.26 2.35998 0.500073 0.0740317 0.500074 0.0740317
2609.02 2.87738 0.500072 0.0736069 0.500074 0.0736069
2616.65 3.81485 0.500049 0.0730475 0.500073 0.0730475
2620.65 1.99996 0.50007 0.0727559 0.500073 0.0727559
2624.61 1.98144 0.500072 0.0724681 0.500073 0.0724681
2630.75 3.07235 0.500071 0.0720242 0.500072 0.0720242
2640.89 5.06677 0.49993 0.071298 0.500071 0.071298
2643.7 1.40794 0.50006 0.0710975 0.500071 0.0710975
2646.41 1.35355 0.50007 0.0709053 0.500071 0.0709053
2650.89 2.24084 0.50007 0.0705882 0.500071 0.0705882
2658.56 3.83406 0.500067 0.070049 0.50007 0.070049
2664.97 3.20635 0.500059 0.0696013 0.50007 0.0696013
2669.9 2.46623 0.500065 0.0692588 0.500069 0.0692588
2674.66 2.3787 0.500068 0.0689301 0.500069 0.0689301
2680.41 2.87496 0.500067 0.0685349 0.500069 0.0685349
2687.95 3.76645 0.500045 0.0680206 0.500068 0.0680206
2692 2.0254 0.500065 0.0677456 0.500068 0.0677456
2696.01 2.00756 0.500067 0.0674741 0.500068 0.0674741
2702.17 3.08065 0.500066 0.0670597 0.500067 0.0670597
2712.22 5.02463 0.499926 0.0663891 0.500066 0.0663891
2723.2 5.49151 0.438802 0.065664 0.500066 0.065664
2723.91 0.3517 0.469742 0.0656178 0.500066 0.0656178
2724.67 0.381505 0.485924 0.0655678 0.500066 0.0655678
2725.55 0.439817 0.494196 0.0655101 0.500066 0.0655101
2726.58 0.513883 0.497963 0.0654428 0.500066 0.0654428
2727.81 0.615054 0.49945 0.0653624 0.500065 0.0653624
2729.33 0.759225 0.499929 0.0652632 0.500065 0.0652632
2731.28 0.977639 0.500045 0.0651357 0.500065 0.0651357
2733.96 1.33682 0.500063 0.0649618 0.500065 0.0649618
2737.95 1.99726 0.500065 0.0647028 0.500065 0.0647028
2744.69 3.37011 0.500063 0.0642682 0.500064 0.0642682
2755.93 5.62015 0.499531 0.0635498 0.500064 0.0635498
2757.99 1.02757 0.499992 0.0634194 0.500063 0.0634194
2760.03 1.01991 0.500054 0.0632901 0.500063 0.0632901
2763.07 1.52409 0.500062 0.0630975 0.500063 0.0630975
2767.73 2.32693 0.500063 0.0628045 0.500063 0.0628045
2775.85 4.06271 0.500057 0.0622963 0.500062 0.0622963
2781.69 2.91677 0.500054 0.0619339 0.500062 0.0619339
2786.86 2.58744 0.500057 0.0616143 0.500062 0.0616143
2791.98 2.55824 0.500059 0.0612998 0.500061 0.0612998
2797.74 2.88091 0.500058 0.0609476 0.500061 0.0609476
2804.46 3.36134 0.500046 0.0605393 0.500061 0.0605393
2809.13 2.33414 0.500057 0.0602573 0.50006 0.0602573
2813.58 2.22322 0.500059 0.05999 0.50006 0.05999
2819.38 2.90171 0.500059 0.0596429 0.50006 0.0596429
2827.75 4.18603 0.500021 0.0591456 0.500059 0.0591456
2831.39 1.81819 0.500056 0.0589309 0.500059 0.0589309
2834.98 1.7938 0.500059 0.0587199 0.500059 0.0587199
2840.87 2.94683 0.500058 0.0583748 0.500058 0.0583748
2851.17 5.1484 0.499957 0.0577768 0.500058 0.0577768
2854.1 1.46397 0.50005 0.0576079 0.500058 0.0576079
2857 1.45122 0.500057 0.0574409 0.500057 0.0574409
2861.85 2.42692 0.500057 0.0571628 0.500057 0.0571628
2870.33 4.23992 0.500048 0.0566801 0.500057 0.0566801
2875.51 2.58988 0.500052 0.0563873 0.500056 0.0563873
2880.53 2.50956 0.500054 0.056105 0.500056 0.056105
2886.16 2.81496 0.500054 0.05579 0.500056 0.05579
2892.92 3.37909 0.500043 0.0554143 0.500055 0.0554143
2897.82 2.45216 0.500051 0.0551431 0.500055 0.0551431
2902.47 2.32377 0.500054 0.0548875 0.500055 0.0548875
2908.12 2.827 0.500053 0.054578 0.500055 0.054578
2915.77 3.82361 0.500034 0.0541622 0.500054 0.0541622
2919.92 2.07212 0.500051 0.0539382 0.500054 0.0539382
2924.02 2.0503 0.500053 0.0537175 0.500054 0.0537175
2930.18 3.08209 0.500053 0.0533874 0.500053 0.0533874
2940.04 4.92789 0.499922 0.0528638 0.500053 0.0528638
2942.88 1.4208 0.500043 0.0527138 0.500053 0.0527138
2945.63 1.37633 0.500052 0.0525689 0.500053 0.0525689
2950.2 2.28439 0.500052 0.0523293 0.500052 0.0523293
2958.06 3.93003 0.500048 0.0519196 0.500052 0.0519196
2964.42 3.18272 0.500039 0.0515901 0.500052 0.0515901
2969.16 2.36624 0.500048 0.0513466 0.500051 0.0513466
2973.74 2.29062 0.50005 0.0511119 0.500051 0.0511119
2979.62 2.93933 0.50005 0.0508123 0.500051 0.0508123
2987.78 4.08145 0.500012 0.0503992 0.50005 0.0503992
2991.39 1.80571 0.500047 0.0502175 0.50005 0.0502175
2994.96 1.78621 0.50005 0.0500384 0.50005 0.0500384
3000.85 2.94326 0.500049 0.0497447 0.50005 0.0497447
3011.15 5.15087 0.499949 0.0492349 0.500049 0.0492349
3014.08 1.46628 0.500042 0.0490907 0.500049 0.0490907
3016.99 1.45415 0.500048 0.0489482 0.500049 0.0489482
3021.86 2.43258 0.500049 0.0487106 0.500049 0.0487106
3030.36 4.25201 0.50004 0.0482981 0.500048 0.0482981
3035.5 2.57075 0.500044 0.0480504 0.500048 0.0480504
3040.49 2.49237 0.500046 0.0478115 0.500048 0.0478115
3046.15 2.82872 0.500045 0.0475418 0.500048 0.0475418
3053.02 3.43632 0.500034 0.0472162 0.500047 0.0472162
3057.55 2.26719 0.500044 0.0470026 0.500047 0.0470026
3062.06 2.25273 0.500046 0.0467913 0.500047 0.0467913
3068.19 3.06729 0.500045 0.0465051 0.500047 0.0465051
3076.97 4.38827 0.499968 0.0460987 0.500046 0.0460987
3080.07 1.55207 0.50004 0.0459559 0.500046 0.0459559
3083.14 1.53454 0.500045 0.045815 0.500046 0.045815
3088.31 2.58473 0.500045 0.0455788 0.500046 0.0455788
3097.45 4.56934 0.500026 0.0451642 0.500045 0.0451642
3101.71 2.12897 0.500042 0.0449723 0.500045 0.0449723
3105.88 2.08565 0.500044 0.0447851 0.500045 0.0447851
3111.98 3.04926 0.500044 0.0445128 0.500045 0.0445128
3121.54 4.78176 0.49994 0.0440891 0.500044 0.0440891
3124.49 1.47619 0.500036 0.0439591 0.500044 0.0439591
3127.38 1.44315 0.500043 0.0438324 0.500044 0.0438324
3132.21 2.41462 0.500043 0.0436213 0.500044 0.0436213
3140.64 4.21292 0.500035 0.0432553 0.500043 0.0432553
3145.9 2.63307 0.500038 0.0430281 0.500043 0.0430281
3151 2.54796 0.50004 0.0428094 0.500043 0.0428094
3156.56 2.78308 0.50004 0.0425718 0.500043 0.0425718
3163.07 3.25257 0.500033 0.0422957 0.500042 0.0422957
3168.2 2.56606 0.500037 0.0420792 0.500042 0.0420792
3173.12 2.45888 0.50004 0.0418728 0.500042 0.0418728
3178.71 2.79486 0.50004 0.0416394 0.500042 0.0416394
3185.64 3.46375 0.500029 0.0413519 0.500041 0.0413519
3190.26 2.30942 0.500038 0.0411614 0.500041 0.0411614
3194.84 2.29291 0.50004 0.040973 0.500041 0.040973
3200.94 3.04856 0.500039 0.040724 0.500041 0.040724
3209.44 4.25267 0.499976 0.0403791 0.50004 0.0403791
3212.67 1.61373 0.500036 0.040249 0.50004 0.040249
3215.87 1.59733 0.50004 0.0401206 0.50004 0.0401206
3221.25 2.69277 0.50004 0.0399051 0.50004 0.0399051
3230.81 4.78086 0.500007 0.0395254 0.50004 0.0395254
3234.57 1.88082 0.500036 0.039377 0.500039 0.039377
3238.28 1.85192 0.500039 0.0392314 0.500039 0.0392314
3244.26 2.99193 0.500039 0.0389973 0.500039 0.0389973
3254.57 5.15491 0.499921 0.0385973 0.500039 0.0385973
3257.42 1.42199 0.500029 0.0384877 0.500039 0.0384877
3260.23 1.40579 0.500038 0.0383797 0.500038 0.0383797
3264.9 2.33679 0.500038 0.0382007 0.500038 0.0382007
3272.99 4.04587 0.500033 0.0378928 0.500038 0.0378928
3278.86 2.93239 0.50003 0.0376713 0.500038 0.0376713
3283.97 2.55593 0.500033 0.0374792 0.500038 0.0374792
3289.02 2.52392 0.500035 0.0372905 0.500037 0.0372905
3294.81 2.89692 0.500035 0.037075 0.500037 0.037075
3301.73 3.45981 0.50002 0.0368194 0.500037 0.0368194
3306.27 2.26923 0.500033 0.0366527 0.500037 0.0366527
3310.56 2.14364 0.500036 0.0364959 0.500037 0.0364959
3316.36 2.90062 0.500036 0.0362847 0.500036 0.0362847
3325.11 4.37629 0.499991 0.0359685 0.500036 0.0359685
3328.63 1.75746 0.500032 0.0358423 0.500036 0.0358423
3332.08 1.72672 0.500035 0.0357188 0.500036 0.0357188
3337.82 2.8705 0.500035 0.0355143 0.500036 0.0355143
3347.96 5.06789 0.499961 0.0351562 0.500035 0.0351562
3351.09 1.56596 0.50003 0.0350462 0.500035 0.0350462
3354.19 1.55105 0.500035 0.0349377 0.500035 0.0349377
3359.42 2.61416 0.500035 0.0347555 0.500035 0.0347555
3368.67 4.62848 0.500012 0.0344352 0.500034 0.0344352
3372.79 2.05672 0.500032 0.0342939 0.500034 0.0342939
3376.82 2.01787 0.500034 0.0341558 0.500034 0.0341558
3382.93 3.052 0.500033 0.0339479 0.500034 0.0339479
3392.82 4.94656 0.499913 0.0336137 0.500034 0.0336137
3395.76 1.46821 0.500024 0.0335152 0.500034 0.0335152
3398.56 1.40152 0.500033 0.0334213 0.500033 0.0334213
3403.24 2.33914 0.500033 0.0332654 0.500033 0.0332654
3411.34 4.04823 0.500028 0.0329971 0.500033 0.0329971
3417.19 2.9267 0.500025 0.0328045 0.500033 0.0328045
3422.31 2.55873 0.500029 0.0326371 0.500033 0.0326371
3427.36 2.52785 0.500031 0.0324725 0.500033 0.0324725
3433.16 2.89665 0.50003 0.0322849 0.500032 0.0322849
3440.06 3.45056 0.500015 0.0320629 0.500032 0.0320629
3444.6 2.27298 0.500028 0.0319175 0.500032 0.0319175
3448.9 2.149 0.500031 0.0317806 0.500032 0.0317806
3454.7 2.90203 0.500031 0.0315966 0.500032 0.0315966
3463.44 4.36598 0.499986 0.0313219 0.500031 0.0313219
3466.95 1.75869 0.500028 0.031212 0.500031 0.031212
3470.41 1.72854 0.500031 0.0311043 0.500031 0.0311043
3476.16 2.87302 0.500031 0.030926 0.500031 0.030926
3486.3 5.07132 0.499956 0.030614 0.500031 0.030614
3489.42 1.56217 0.500025 0.0305185 0.500031 0.0305185
3492.52 1.54741 0.50003 0.0304241 0.50003 0.0304241
3497.73 2.60774 0.50003 0.0302659 0.50003 0.0302659
3506.97 4.61566 0.500008 0.0299878 0.50003 0.0299878
3511.11 2.07217 0.500027 0.0298638 0.50003 0.0298638
3515.17 2.03239 0.500029 0.0297426 0.50003 0.0297426
3521.28 3.05261 0.500029 0.0295616 0.50003 0.0295616
3531.11 4.91443 0.499912 0.0292724 0.500029 0.0292724
3534.03 1.4602 0.50002 0.0291871 0.500029 0.0291871
3536.84 1.40779 0.500028 0.029105 0.500029 0.029105
3541.54 2.34885 0.500029 0.0289686 0.500029 0.0289686
3549.68 4.07003 0.500023 0.0287338 0.500029 0.0287338
3555.45 2.8846 0.500021 0.0285685 0.500029 0.0285685
3560.63 2.59142 0.500024 0.0284208 0.500028 0.0284208
3565.77 2.56885 0.500026 0.0282751 0.500028 0.0282751
3571.55 2.88679 0.500025 0.0281124 0.500028 0.0281124
3578.24 3.34584 0.500013 0.0279249 0.500028 0.0279249
3582.9 2.32946 0.500024 0.0277951 0.500028 0.0277951
3587.34 2.22245 0.500027 0.0276718 0.500028 0.0276718
3593.16 2.90904 0.500027 0.0275113 0.500028 0.0275113
3601.56 4.20013 0.499988 0.0272811 0.500027 0.0272811
3605.17 1.80339 0.500024 0.0271829 0.500027 0.0271829
3608.72 1.77926 0.500027 0.0270864 0.500027 0.0270864
3614.59 2.93269 0.500027 0.026928 0.500027 0.026928
3624.87 5.13802 0.499931 0.0266527 0.500027 0.0266527
3627.83 1.48066 0.500019 0.0265739 0.500027 0.0265739
3630.76 1.46796 0.500026 0.0264959 0.500027 0.0264959
3635.68 2.45967 0.500026 0.0263659 0.500026 0.0263659
3644.3 4.30958 0.500016 0.0261396 0.500026 0.0261396
3649.27 2.48232 0.500022 0.0260102 0.500026 0.0260102
3654.09 2.41232 0.500025 0.025885 0.500026 0.025885
3659.87 2.88987 0.500024 0.0257358 0.500026 0.0257358
3667.29 3.70876 0.500003 0.0255456 0.500026 0.0255456
3671.35 2.02996 0.500023 0.0254421 0.500025 0.0254421
3675.38 2.01376 0.500025 0.0253399 0.500025 0.0253399
3681.54 3.08445 0.500024 0.025184 0.500025 0.025184
3691.58 5.01779 0.499883 0.0249326 0.500025 0.0249326
3694.3 1.35784 0.500013 0.0248649 0.500025 0.0248649
3697 1.3506 0.500024 0.0247979 0.500025 0.0247979
3701.44 2.22009 0.500025 0.024688 0.500025 0.024688
3709.02 3.79311 0.500022 0.0245014 0.500025 0.0245014
3715.63 3.30399 0.500012 0.0243401 0.500024 0.0243401
3720.43 2.39927 0.50002 0.0242235 0.500024 0.0242235
3725.02 2.29492 0.500023 0.0241126 0.500024 0.0241126
3730.79 2.88443 0.500023 0.0239739 0.500024 0.0239739
3738.76 3.98305 0.499994 0.0237837 0.500024 0.0237837
3742.59 1.91853 0.500021 0.0236926 0.500024 0.0236926
3746.39 1.89739 0.500023 0.0236029 0.500024 0.0236029
3752.45 3.03059 0.500023 0.0234602 0.500023 0.0234602
3762.76 5.15394 0.49989 0.0232197 0.500023 0.0232197
3765.54 1.39021 0.500012 0.0231552 0.500023 0.0231552
3768.28 1.36984 0.500022 0.0230918 0.500023 0.0230918
3772.8 2.2644 0.500023 0.0229875 0.500023 0.0229875
3780.58 3.88833 0.500019 0.0228094 0.500023 0.0228094
3786.77 3.09491 0.500014 0.0226687 0.500023 0.0226687
3791.86 2.54526 0.500018 0.0225536 0.500023 0.0225536
3796.82 2.47839 0.500021 0.0224421 0.500022 0.0224421
3802.54 2.85839 0.50002 0.0223141 0.500022 0.0223141
3809.55 3.5095 0.500006 0.0221581 0.500022 0.0221581
3813.91 2.1782 0.500019 0.0220617 0.500022 0.0220617
3818.24 2.1637 0.500022 0.0219665 0.500022 0.0219665
3824.42 3.09007 0.500021 0.0218311 0.500022 0.0218311
3833.74 4.65937 0.499915 0.0216286 0.500022 0.0216286
3836.65 1.45711 0.500013 0.0215657 0.500022 0.0215657
3839.52 1.43491 0.500021 0.0215039 0.500022 0.0215039
3844.31 2.39653 0.500021 0.0214011 0.500021 0.0214011
3852.66 4.17446 0.500014 0.0212231 0.500021 0.0212231
3858.06 2.69729 0.500016 0.021109 0.500021 0.021109
3863.27 2.60512 0.500018 0.0209993 0.500021 0.0209993
3868.74 2.73527 0.500018 0.0208847 0.500021 0.0208847
3874.88 3.07141 0.500014 0.0207568 0.500021 0.0207568
3880.38 2.74715 0.500015 0.0206431 0.500021 0.0206431
3885.73 2.67612 0.500016 0.0205329 0.500021 0.0205329
3891.19 2.72879 0.500017 0.0204211 0.50002 0.0204211
3897.03 2.92321 0.500015 0.0203021 0.50002 0.0203021
3902.7 2.83445 0.500014 0.0201873 0.50002 0.0201873
3908.3 2.8008 0.500014 0.0200746 0.50002 0.0200746
3913.73 2.71451 0.500015 0.0199659 0.50002 0.0199659
3919.09 2.6775 0.500016 0.0198592 0.50002 0.0198592
3924.67 2.78955 0.500016 0.0197487 0.50002 0.0197487
3930.66 2.99482 0.500013 0.0196308 0.50002 0.0196308
3936 2.67039 0.500015 0.0195262 0.50002 0.0195262
3941.24 2.62202 0.500016 0.0194241 0.500019 0.0194241
3946.85 2.80453 0.500016 0.0193155 0.500019 0.0193155
3953.1 3.12535 0.500011 0.0191951 0.500019 0.0191951
3958.26 2.57842 0.500015 0.0190964 0.500019 0.0190964
3963.26 2.50258 0.500017 0.019001 0.500019 0.019001
3968.92 2.82742 0.500017 0.0188939 0.500019 0.0188939
3975.74 3.41172 0.500006 0.0187654 0.500019 0.0187654
3980.57 2.41576 0.500014 0.018675 0.500019 0.018675
3985.14 2.28341 0.500018 0.0185899 0.500019 0.0185899
3990.81 2.83838 0.500017 0.0184846 0.500019 0.0184846
3998.69 3.93747 0.499994 0.0183397 0.500018 0.0183397
4002.7 2.00458 0.500016 0.0182663 0.500018 0.0182663
4006.66 1.98108 0.500018 0.018194 0.500018 0.018194
4012.79 3.0654 0.500017 0.0180828 0.500018 0.0180828
4022.9 5.05411 0.499881 0.017901 0.500018 0.017901
4025.74 1.42176 0.500007 0.0178501 0.500018 0.0178501
4028.47 1.36309 0.500017 0.0178015 0.500018 0.0178015
4032.99 2.26125 0.500018 0.0177212 0.500018 0.0177212
4040.75 3.8784 0.500014 0.0175843 0.500018 0.0175843
4046.97 3.11238 0.500008 0.0174752 0.500017 0.0174752
4052.04 2.53228 0.500013 0.0173869 0.500017 0.0173869
4056.96 2.46209 0.500016 0.0173015 0.500017 0.0173015
4062.69 2.86161 0.500015 0.0172028 0.500017 0.0172028
4069.79 3.5514 0.5 0.017081 0.500017 0.017081
4074.09 2.15099 0.500014 0.0170077 0.500017 0.0170077
4078.36 2.13597 0.500017 0.0169352 0.500017 0.0169352
4084.55 3.09291 0.500016 0.0168307 0.500017 0.0168307
4094.02 4.73571 0.499901 0.0166721 0.500017 0.0166721
4096.89 1.43722 0.500008 0.0166242 0.500017 0.0166242
4099.72 1.41244 0.500016 0.0165773 0.500017 0.0165773
4104.42 2.35231 0.500016 0.0164995 0.500017 0.0164995
4112.58 4.07893 0.500011 0.0163655 0.500016 0.0163655
4118.32 2.86823 0.500009 0.0162719 0.500016 0.0162719
4123.83 2.75382 0.50001 0.0161825 0.500016 0.0161825
4129.04 2.60475 0.500012 0.0160984 0.500016 0.0160984
4134.31 2.63513 0.500014 0.0160138 0.500016 0.0160138
4140.2 2.94493 0.500012 0.0159197 0.500016 0.0159197
4146.27 3.03807 0.500008 0.0158233 0.500016 0.0158233
4151.42 2.5736 0.500011 0.0157421 0.500016 0.0157421
4156.46 2.51839 0.500014 0.015663 0.500016 0.015663
4162.17 2.85646 0.500013 0.0155738 0.500016 0.0155738
4169 3.41655 0.500001 0.0154677 0.500015 0.0154677
4173.72 2.35862 0.500011 0.0153949 0.500015 0.0153949
4178.18 2.23214 0.500015 0.0153263 0.500015 0.0153263
4183.92 2.87028 0.500014 0.0152386 0.500015 0.0152386
4192.15 4.1123 0.499983 0.0151138 0.500015 0.0151138
4195.93 1.88838 0.500012 0.0150568 0.500015 0.0150568
4199.65 1.86322 0.500015 0.0150008 0.500015 0.0150008
4205.66 3.00393 0.500014 0.014911 0.500015 0.014911
4215.98 5.1605 0.499892 0.0147578 0.500015 0.0147578
4218.8 1.40968 0.500005 0.0147163 0.500015 0.0147163
4221.59 1.39308 0.500014 0.0146754 0.500015 0.0146754
4226.21 2.31102 0.500014 0.0146077 0.500015 0.0146077
4234.19 3.98998 0.50001 0.0144916 0.500015 0.0144916
4240.28 3.04745 0.500004 0.0144035 0.500014 0.0144035
4245.22 2.46856 0.500011 0.0143326 0.500014 0.0143326
4250.05 2.41529 0.500013 0.0142635 0.500014 0.0142635
4255.89 2.9198 0.500012 0.0141805 0.500014 0.0141805
4263.38 3.746 0.499988 0.0140746 0.500014 0.0140746
4267.32 1.96929 0.500011 0.0140193 0.500014 0.0140193
4271.23 1.95388 0.500014 0.0139646 0.500014 0.0139646
4277.36 3.06626 0.500013 0.0138792 0.500014 0.0138792
4287.59 5.11365 0.49987 0.013738 0.500014 0.013738
4290.35 1.38102 0.500002 0.0137001 0.500014 0.0137001
4293.04 1.34712 0.500013 0.0136633 0.500014 0.0136633
4297.49 2.22168 0.500013 0.0136027 0.500014 0.0136027
4305.08 3.79396 0.500011 0.0134999 0.500014 0.0134999
4311.68 3.30007 0.500001 0.0134111 0.500013 0.0134111
4316.48 2.40108 0.500009 0.0133468 0.500013 0.0133468
4321.07 2.29746 0.500012 0.0132856 0.500013 0.0132856
4326.84 2.88464 0.500012 0.0132092 0.500013 0.0132092
4334.8 3.97721 0.499984 0.0131045 0.500013 0.0131045
4338.64 1.92059 0.50001 0.0130543 0.500013 0.0130543
4342.44 1.89957 0.500013 0.0130048 0.500013 0.0130048
4348.5 3.03203 0.500012 0.0129262 0.500013 0.0129262
4358.81 5.1528 0.49988 0.0127936 0.500013 0.0127936
4361.59 1.3895 0.500002 0.0127581 0.500013 0.0127581
4364.32 1.36878 0.500012 0.0127233 0.500013 0.0127233
4368.85 2.26233 0.500012 0.0126658 0.500013 0.0126658
4376.62 3.88379 0.500009 0.0125678 0.500013 0.0125678
4382.82 3.10402 0.500003 0.01249 0.500013 0.01249
4387.9 2.53884 0.500008 0.0124268 0.500012 0.0124268
4392.84 2.47021 0.500011 0.0123655 0.500012 0.0123655
4398.56 2.85985 0.50001 0.012295 0.500012 0.012295
4405.62 3.53026 0.499996 0.0122085 0.500012 0.0122085
4409.95 2.16485 0.500009 0.0121558 0.500012 0.0121558
4414.25 2.15009 0.500012 0.0121036 0.500012 0.0121036
4420.43 3.09166 0.500011 0.012029 0.500012 0.012029
4429.83 4.69729 0.499901 0.0119165 0.500012 0.0119165
4432.72 1.44684 0.500003 0.0118821 0.500012 0.0118821
4435.57 1.42347 0.500011 0.0118483 0.500012 0.0118483
4440.32 2.37406 0.500012 0.0117922 0.500012 0.0117922
4448.57 4.12601 0.500005 0.0116953 0.500012 0.0116953
4454.13 2.78167 0.500005 0.0116304 0.500012 0.0116304
4459.49 2.6791 0.500007 0.0115682 0.500012 0.0115682
4464.83 2.67112 0.500008 0.0115066 0.500012 0.0115066
4470.53 2.84758 0.500008 0.0114413 0.500011 0.0114413
4476.69 3.07924 0.500002 0.011371 0.500011 0.011371
4481.72 2.51568 0.500007 0.0113139 0.500011 0.0113139
4486.63 2.45373 0.50001 0.0112586 0.500011 0.0112586
4492.39 2.88189 0.500009 0.0111939 0.500011 0.0111939
4499.59 3.5998 0.499992 0.0111136 0.500011 0.0111136
4503.78 2.09472 0.500008 0.0110671 0.500011 0.0110671
4507.94 2.0798 0.500011 0.0110212 0.500011 0.0110212
4514.13 3.09501 0.50001 0.0109531 0.500011 0.0109531
4523.89 4.88052 0.49988 0.0108467 0.500011 0.0108467
4526.71 1.40933 0.5 0.0108162 0.500011 0.0108162
4529.46 1.37509 0.50001 0.0107865 0.500011 0.0107865
4534.02 2.27917 0.500011 0.0107375 0.500011 0.0107375
4541.86 3.91939 0.500007 0.0106536 0.500011 0.0106536
4548.27 3.20852 0.499997 0.0105855 0.500011 0.0105855
4552.97 2.34777 0.500007 0.0105359 0.500011 0.0105359
4557.5 2.26814 0.50001 0.0104882 0.50001 0.0104882
4563.39 2.94137 0.500009 0.0104267 0.50001 0.0104267
4571.67 4.14064 0.499969 0.0103407 0.50001 0.0103407
4575.23 1.78165 0.500007 0.0103039 0.50001 0.0103039
4578.75 1.76118 0.50001 0.0102677 0.50001 0.0102677
4584.59 2.91636 0.50001 0.010208 0.50001 0.010208
4594.84 5.12597 0.49992 0.0101038 0.50001 0.0101038
4597.84 1.50019 0.500003 0.0100736 0.50001 0.0100736
4600.81 1.4876 0.50001 0.0100436 0.50001 0.0100436
4605.81 2.49745 0.50001 0.00999361 0.50001 0.00999361
4614.59 4.38924 0.499998 0.00990626 0.50001 0.00990626
4619.32 2.36674 0.500006 0.00985948 0.50001 0.00985948
4623.93 2.30653 0.500009 0.0098141 0.50001 0.0098141
4629.86 2.961 0.500008 0.00975616 0.50001 0.00975616
4638.01 4.07652 0.499968 0.00967694 0.50001 0.00967694
4641.57 1.77936 0.500006 0.00964256 0.50001 0.00964256
4645.09 1.76116 0.500009 0.00960866 0.50001 0.00960866
4650.93 2.91791 0.500009 0.00955275 0.50001 0.00955275
4661.18 5.12915 0.499919 0.00945525 0.500009 0.00945525
4664.18 1.49756 0.500003 0.00942698 0.500009 0.00942698
4667.15 1.4852 0.500009 0.00939902 0.500009 0.00939902
4672.14 2.49285 0.500009 0.00935227 0.500009 0.00935227
4680.9 4.37958 0.499997 0.00927071 0.500009 0.00927071
4685.66 2.38038 0.500006 0.00922668 0.500009 0.00922668
4690.29 2.31908 0.500008 0.00918398 0.500009 0.00918398
4696.2 2.95329 0.500008 0.0091299 0.500009 0.0091299
4704.27 4.03293 0.49997 0.00905655 0.500009 0.00905655
4707.88 1.80548 0.500006 0.00902391 0.500009 0.00902391
4711.45 1.78755 0.500009 0.00899171 0.500009 0.00899171
4717.34 2.94584 0.500009 0.00893889 0.500009 0.00893889
4727.65 5.1544 0.499907 0.00884721 0.500009 0.00884721
4730.58 1.46265 0.500001 0.00882137 0.500009 0.00882137
4733.48 1.45071 0.500008 0.00879581 0.500009 0.00879581
4738.33 2.42577 0.500009 0.00875324 0.500009 0.00875324
4746.81 4.2375 0.5 0.00867937 0.500009 0.00867937
4751.99 2.59376 0.500004 0.00863446 0.500009 0.00863446
4757.02 2.51305 0.500007 0.00859117 0.500009 0.00859117
4762.64 2.81216 0.500006 0.00854299 0.500009 0.00854299
4769.38 3.36754 0.499997 0.00848564 0.500008 0.00848564
4774.3 2.46202 0.500004 0.00844396 0.500008 0.00844396
4778.97 2.33547 0.500007 0.00840461 0.500008 0.00840461
4784.62 2.82471 0.500007 0.00835727 0.500008 0.00835727
4792.21 3.79243 0.499988 0.00829412 0.500008 0.00829412
4796.39 2.09009 0.500006 0.00825952 0.500008 0.00825952
4800.53 2.06876 0.500008 0.00822542 0.500008 0.00822542
4806.7 3.08435 0.500007 0.00817483 0.500008 0.00817483
4816.47 4.88769 0.499881 0.00809531 0.500008 0.00809531
4819.31 1.42065 0.499998 0.00807234 0.500008 0.00807234
4822.08 1.38342 0.500007 0.00805004 0.500008 0.00805004
4826.67 2.29687 0.500008 0.00801314 0.500008 0.00801314
4834.59 3.95775 0.500004 0.00794996 0.500008 0.00794996
4840.82 3.1182 0.499997 0.00790054 0.500008 0.00790054
4845.65 2.41452 0.500004 0.00786248 0.500008 0.00786248
4850.35 2.34923 0.500007 0.00782562 0.500008 0.00782562
4856.21 2.93146 0.500006 0.00777988 0.500008 0.00777988
4864.06 3.92415 0.499976 0.00771906 0.500008 0.00771906
4867.82 1.87699 0.500005 0.00769014 0.500008 0.00769014
4871.54 1.85958 0.500007 0.00766159 0.500008 0.00766159
4877.55 3.00925 0.500007 0.00761561 0.500008 0.00761561
4887.91 5.17719 0.499881 0.00753717 0.500008 0.00753717
4890.71 1.39891 0.499997 0.00751611 0.500008 0.00751611
4893.48 1.38411 0.500007 0.00749533 0.500008 0.00749533
4898.06 2.29213 0.500007 0.00746105 0.500007 0.00746105
4905.96 3.9491 0.500003 0.00740235 0.500007 0.00740235
4912.23 3.1383 0.499996 0.00735604 0.500007 0.00735604
4917.04 2.40066 0.500004 0.0073208 0.500007 0.0073208
4921.7 2.33201 0.500006 0.00728674 0.500007 0.00728674
4927.57 2.93351 0.500006 0.00724411 0.500007 0.00724411
4935.51 3.9697 0.499973 0.00718682 0.500007 0.00718682
4939.22 1.85603 0.500004 0.0071602 0.500007 0.0071602
4942.89 1.83804 0.500007 0.00713392 0.500007 0.00713392
4948.88 2.99183 0.500007 0.00709136 0.500007 0.00709136
4959.23 5.17653 0.499888 0.00701832 0.500007 0.00701832
4962.06 1.414 0.499998 0.00699851 0.500007 0.00699851
4964.86 1.40068 0.500006 0.00697893 0.500007 0.00697893
4969.51 2.32564 0.500007 0.00694654 0.500007 0.00694654
4977.56 4.02191 0.500002 0.00689089 0.500007 0.00689089
4983.52 2.98062 0.499998 0.00684993 0.500007 0.00684993
4988.55 2.51928 0.500003 0.00681551 0.500007 0.00681551
4993.51 2.47811 0.500005 0.00678181 0.500007 0.00678181
4999.33 2.90705 0.500005 0.00674249 0.500007 0.00674249
5006.48 3.57908 0.499986 0.0066944 0.500007 0.0066944
5010.62 2.06683 0.500004 0.00666679 0.500007 0.00666679
5014.72 2.05318 0.500006 0.00663947 0.500007 0.00663947
5020.91 3.09496 0.500006 0.0065985 0.500007 0.0065985
5030.8 4.94517 0.499869 0.00653356 0.500007 0.00653356
5033.61 1.40441 0.499996 0.00651523 0.500007 0.00651523
5036.33 1.3604 0.500006 0.00649753 0.500007 0.00649753
5040.84 2.25193 0.500006 0.00646833 0.500006 0.00646833
5048.56 3.85915 0.500003 0.0064186 0.500006 0.0064186
5054.86 3.15309 0.499997 0.00637825 0.500006 0.00637825
5059.87 2.50388 0.500002 0.00634639 0.500006 0.00634639
5064.72 2.42601 0.500005 0.00631567 0.500006 0.00631567
5070.46 2.8676 0.500004 0.00627955 0.500006 0.00627955
5077.74 3.64375 0.499987 0.00623396 0.500006 0.00623396
5081.93 2.09487 0.500004 0.00620789 0.500006 0.00620789
5086.09 2.07865 0.500006 0.00618214 0.500006 0.00618214
5092.28 3.09289 0.500005 0.00614401 0.500006 0.00614401
5102.04 4.87943 0.499876 0.00608435 0.500006 0.00608435
5104.86 1.41184 0.499996 0.00606719 0.500006 0.00606719
5107.61 1.37732 0.500005 0.0060505 0.500006 0.0060505
5112.18 2.2838 0.500006 0.00602293 0.500006 0.00602293
5120.04 3.92945 0.500002 0.00597578 0.500006 0.00597578
5126.41 3.18419 0.499993 0.00593784 0.500006 0.00593784
5131.14 2.36566 0.500002 0.00590982 0.500006 0.00590982
5135.72 2.28978 0.500005 0.00588281 0.500006 0.00588281
5141.6 2.93921 0.500005 0.00584833 0.500006 0.00584833
5149.77 4.08334 0.499967 0.00580077 0.500006 0.00580077
5153.38 1.80518 0.500003 0.00577986 0.500006 0.00577986
5156.95 1.78563 0.500006 0.00575926 0.500006 0.00575926
5162.83 2.94265 0.500005 0.00572546 0.500006 0.00572546
5173.13 5.15036 0.499906 0.00566679 0.500006 0.00566679
5176.07 1.46702 0.499998 0.00565019 0.500006 0.00565019
5178.98 1.45488 0.500005 0.00563377 0.500006 0.00563377
5183.84 2.43402 0.500005 0.00560641 0.500006 0.00560641
5192.35 4.25508 0.499997 0.0055589 0.500006 0.0055589
5197.49 2.56592 0.500001 0.00553045 0.500006 0.00553045
5202.46 2.48802 0.500004 0.005503 0.500006 0.005503
5208.13 2.83217 0.500003 0.00547191 0.500005 0.00547191
5215.03 3.45089 0.499992 0.00543428 0.500005 0.00543428
5219.54 2.2532 0.500003 0.00540984 0.500005 0.00540984
5224.01 2.23862 0.500005 0.00538568 0.500005 0.00538568
5230.16 3.07169 0.500004 0.00535269 0.500005 0.00535269
5239.02 4.43254 0.499923 0.00530545 0.500005 0.00530545
5242.09 1.53476 0.499999 0.00528919 0.500005 0.00528919
5245.12 1.51671 0.500005 0.00527317 0.500005 0.00527317
5250.23 2.55234 0.500005 0.00524632 0.500005 0.00524632
5259.23 4.50324 0.499989 0.00519928 0.500005 0.00519928
5263.66 2.21288 0.500002 0.00517632 0.500005 0.00517632
5267.99 2.16402 0.500005 0.00515397 0.500005 0.00515397
5274.05 3.03003 0.500004 0.00512283 0.500005 0.00512283
5283.15 4.55261 0.499924 0.00507639 0.500005 0.00507639
5286.25 1.54865 0.499999 0.0050607 0.500005 0.0050607
5289.3 1.52485 0.500005 0.00504529 0.500005 0.00504529
5294.44 2.56726 0.500005 0.00501945 0.500005 0.00501945
5303.5 4.53381 0.499987 0.00497414 0.500005 0.00497414
5307.85 2.17363 0.500002 0.00495256 0.500005 0.00495256
5312.11 2.12741 0.500005 0.00493153 0.500005 0.00493153
5318.19 3.04097 0.500004 0.00490163 0.500005 0.00490163
5327.51 4.66388 0.499913 0.00485612 0.500005 0.00485612
5330.53 1.50942 0.499998 0.00484149 0.500005 0.00484149
5333.5 1.48243 0.500004 0.00482715 0.500005 0.00482715
5338.48 2.48913 0.500005 0.00480318 0.500005 0.00480318
5347.22 4.37156 0.499993 0.00476137 0.500005 0.00476137
5352 2.39165 0.500001 0.00473865 0.500005 0.00473865
5356.66 2.32938 0.500004 0.00471662 0.500005 0.00471662
5362.56 2.94669 0.500003 0.00468891 0.500005 0.00468891
5370.55 3.99691 0.499968 0.00465158 0.500005 0.00465158
5374.2 1.82785 0.500002 0.0046346 0.500005 0.0046346
5377.83 1.81012 0.500004 0.00461785 0.500005 0.00461785
5383.76 2.96775 0.500004 0.00459053 0.500005 0.00459053
5394.1 5.16881 0.499895 0.00454332 0.500005 0.00454332
5396.97 1.43781 0.499996 0.00453027 0.500005 0.00453027
5399.83 1.42566 0.500004 0.00451737 0.500005 0.00451737
5404.58 2.37593 0.500004 0.00449596 0.500005 0.00449596
5412.84 4.13059 0.499998 0.00445897 0.500004 0.00445897
5418.39 2.77375 0.499998 0.0044343 0.500004 0.0044343
5423.73 2.67245 0.5 0.00441066 0.500004 0.00441066
5429.09 2.67744 0.500001 0.00438711 0.500004 0.00438711
5434.82 2.86775 0.5 0.00436202 0.500004 0.00436202
5441 3.09143 0.499994 0.00433513 0.500004 0.00433513
5445.95 2.47204 0.5 0.00431375 0.500004 0.00431375
5450.77 2.40948 0.500003 0.00429301 0.500004 0.00429301
5456.58 2.9054 0.500002 0.00426814 0.500004 0.00426814
5464.05 3.73855 0.49998 0.00423634 0.500004 0.00423634
5468.04 1.99339 0.500002 0.00421949 0.500004 0.00421949
5472 1.97745 0.500004 0.00420283 0.500004 0.00420283
5478.15 3.07454 0.500004 0.00417707 0.500004 0.00417707
5488.3 5.07969 0.49986 0.00413485 0.500004 0.00413485
5491.1 1.39662 0.499993 0.00412331 0.500004 0.00412331
5493.79 1.34823 0.500003 0.00411221 0.500004 0.00411221
5498.25 2.22832 0.500004 0.00409392 0.500004 0.00409392
5505.87 3.80716 0.500001 0.00406287 0.500004 0.00406287
5512.4 3.26774 0.499992 0.0040364 0.500004 0.0040364
5517.25 2.42329 0.5 0.00401689 0.500004 0.00401689
5521.9 2.3251 0.500003 0.00399825 0.500004 0.00399825
5527.66 2.88187 0.500003 0.00397527 0.500004 0.00397527
5535.47 3.90581 0.499977 0.00394434 0.500004 0.00394434
5539.38 1.954 0.500001 0.00392896 0.500004 0.00392896
5543.25 1.93415 0.500004 0.00391379 0.500004 0.00391379
5549.35 3.05183 0.500003 0.00388997 0.500004 0.00388997
5559.6 5.12554 0.499865 0.0038503 0.500004 0.0038503
5562.38 1.38567 0.499993 0.00383964 0.500004 0.00383964
5565.09 1.35722 0.500003 0.00382924 0.500004 0.00382924
5569.57 2.24084 0.500004 0.00381211 0.500004 0.00381211
5577.24 3.83629 0.500001 0.00378298 0.500004 0.00378298
5583.65 3.20322 0.499993 0.00375882 0.500004 0.00375882
5588.59 2.46906 0.5 0.0037403 0.500004 0.0037403
5593.35 2.38204 0.500003 0.00372253 0.500004 0.00372253
5599.1 2.87418 0.500002 0.00370119 0.500004 0.00370119
5606.62 3.7573 0.499981 0.00367348 0.500004 0.00367348
5610.68 2.03078 0.500001 0.00365859 0.500004 0.00365859
5614.7 2.01305 0.500003 0.00364389 0.500004 0.00364389
5620.87 3.08208 0.500003 0.0036215 0.500004 0.0036215
5630.9 5.01489 0.499864 0.00358536 0.500004 0.00358536
5633.62 1.3606 0.499992 0.00357561 0.500004 0.00357561
5636.33 1.35341 0.500003 0.00356595 0.500004 0.00356595
5640.78 2.22597 0.500003 0.00355011 0.500004 0.00355011
5648.39 3.8059 0.500001 0.00352319 0.500004 0.00352319
5654.94 3.27356 0.499991 0.0035002 0.500004 0.0035002
5659.78 2.4205 0.499999 0.00348329 0.500003 0.00348329
5664.42 2.32122 0.500002 0.00346716 0.500003 0.00346716
5670.18 2.88168 0.500002 0.00344723 0.500003 0.00344723
5678.01 3.91492 0.499976 0.00342035 0.500003 0.00342035
5681.91 1.95044 0.500001 0.00340703 0.500003 0.00340703
5685.77 1.93042 0.500003 0.0033939 0.500003 0.0033939
5691.87 3.04981 0.500003 0.00337326 0.500003 0.00337326
5702.13 5.129 0.499865 0.00333884 0.500003 0.00333884
5704.9 1.38561 0.499992 0.0033296 0.500003 0.0033296
5707.62 1.35822 0.500002 0.00332057 0.500003 0.00332057
5712.11 2.24257 0.500003 0.00330571 0.500003 0.00330571
5719.79 3.84015 0.5 0.00328041 0.500003 0.00328041
5726.18 3.19484 0.499993 0.00325952 0.500003 0.00325952
5731.13 2.47495 0.499999 0.00324343 0.500003 0.00324343
5735.9 2.38943 0.500002 0.00322796 0.500003 0.00322796
5741.65 2.87309 0.500002 0.00320947 0.500003 0.00320947
5749.13 3.7381 0.499981 0.00318556 0.500003 0.00318556
5753.21 2.0413 0.500001 0.00317258 0.500003 0.00317258
5757.26 2.02383 0.500003 0.00315977 0.500003 0.00315977
5763.43 3.08471 0.500002 0.00314033 0.500003 0.00314033
5773.42 4.99508 0.499864 0.00310912 0.500003 0.00310912
5776.28 1.43099 0.499992 0.00310023 0.500003 0.00310023
5779 1.35991 0.500002 0.00309181 0.500003 0.00309181
5783.51 2.25787 0.500003 0.00307788 0.500003 0.00307788
5791.25 3.8701 0.5 0.00305415 0.500003 0.00305415
5797.51 3.12863 0.499994 0.0030351 0.500003 0.0030351
5802.55 2.52061 0.499999 0.00301984 0.500003 0.00301984
5807.45 2.44734 0.500001 0.00300509 0.500003 0.00300509
5813.18 2.86427 0.500001 0.00298793 0.500003 0.00298793
5820.35 3.58926 0.499985 0.00296655 0.500003 0.00296655
5824.61 2.12733 0.5 0.00295396 0.500003 0.00295396
5828.83 2.11181 0.500003 0.00294151 0.500003 0.00294151
5835.02 3.09391 0.500002 0.00292336 0.500003 0.00292336
5844.62 4.79878 0.499881 0.00289544 0.500003 0.00289544
5847.47 1.42362 0.499993 0.00288721 0.500003 0.00288721
5850.26 1.39573 0.500002 0.00287916 0.500003 0.00287916
5854.9 2.31941 0.500003 0.00286584 0.500003 0.00286584
5862.91 4.00742 0.499998 0.00284296 0.500003 0.00284296
5868.93 3.01025 0.499993 0.00282589 0.500003 0.00282589
5873.92 2.49621 0.499999 0.00281182 0.500003 0.00281182
5878.82 2.44961 0.500001 0.00279808 0.500003 0.00279808
5884.65 2.91326 0.500001 0.00278182 0.500003 0.00278182
5891.96 3.65477 0.49998 0.00276156 0.500003 0.00276156
5896 2.0209 0.5 0.00275042 0.500003 0.00275042
5900.01 2.00645 0.500002 0.00273941 0.500003 0.00273941
5906.18 3.08523 0.500002 0.00272256 0.500003 0.00272256
5916.26 5.03593 0.499859 0.00269527 0.500003 0.00269527
5918.96 1.35473 0.499991 0.00268798 0.500003 0.00268798
5921.66 1.34586 0.500002 0.00268076 0.500003 0.00268076
5926.08 2.21073 0.500002 0.00266893 0.500003 0.00266893
5933.62 3.77257 0.5 0.00264887 0.500003 0.00264887
5940.33 3.35501 0.499989 0.00263115 0.500003 0.00263115
5945.06 2.36356 0.499999 0.00261874 0.500003 0.00261874
5949.56 2.25101 0.500002 0.00260698 0.500003 0.00260698
5955.34 2.88809 0.500002 0.00259197 0.500003 0.00259197
5963.53 4.09579 0.499969 0.00257082 0.500003 0.00257082
5967.27 1.86959 0.5 0.00256123 0.500003 0.00256123
5970.96 1.84631 0.500002 0.00255179 0.500003 0.00255179
5976.95 2.99332 0.500002 0.00253655 0.500003 0.00253655
5987.28 5.16663 0.499883 0.00251048 0.500003 0.00251048
5990.11 1.41639 0.499993 0.00250338 0.500003 0.00250338
5992.92 1.40164 0.500002 0.00249637 0.500002 0.00249637
5997.57 2.32799 0.500002 0.00248477 0.500002 0.00248477
6005.63 4.02689 0.499997 0.00246484 0.500002 0.00246484
6011.57 2.97045 0.499994 0.00245024 0.500002 0.00245024
6016.62 2.52697 0.499998 0.00243789 0.500002 0.00243789
6021.6 2.4877 0.500001 0.00242579 0.500002 0.00242579
6027.41 2.905 0.5 0.00241174 0.500002 0.00241174
6034.52 3.55395 0.499983 0.00239466 0.500002 0.00239466
6038.68 2.08249 0.5 0.0023847 0.500002 0.0023847
6042.82 2.0691 0.500002 0.00237486 0.500002 0.00237486
6049.01 3.09686 0.500002 0.00236019 0.500002 0.00236019
6058.83 4.91018 0.499867 0.00233713 0.500002 0.00233713
6061.64 1.40395 0.499992 0.00233057 0.500002 0.00233057
6064.37 1.3665 0.500001 0.00232421 0.500002 0.00232421
6068.9 2.26254 0.500002 0.00231372 0.500002 0.00231372
6076.66 3.88287 0.499999 0.00229582 0.500002 0.00229582
6082.87 3.10469 0.499993 0.00228161 0.500002 0.00228161
6087.95 2.53807 0.499998 0.00227006 0.500002 0.00227006
6092.89 2.46932 0.500001 0.00225887 0.500002 0.00225887
6098.61 2.86016 0.5 0.00224599 0.500002 0.00224599
6105.67 3.53273 0.499986 0.00223018 0.500002 0.00223018
6110 2.16307 0.5 0.00222055 0.500002 0.00222055
6114.3 2.14828 0.500002 0.00221103 0.500002 0.00221103
6120.48 3.09186 0.500001 0.0021974 0.500002 0.0021974
6129.89 4.70229 0.499891 0.00217683 0.500002 0.00217683
6132.78 1.44553 0.499994 0.00217055 0.500002 0.00217055
6135.62 1.42199 0.500001 0.00216438 0.500002 0.00216438
6140.36 2.37114 0.500002 0.00215414 0.500002 0.00215414
6148.6 4.11971 0.499996 0.00213647 0.500002 0.00213647
6154.19 2.79298 0.499996 0.00212456 0.500002 0.00212456
6159.57 2.68894 0.499997 0.00211317 0.500002 0.00211317
6164.89 2.66246 0.499999 0.00210195 0.500002 0.00210195
6170.53 2.81883 0.499998 0.00209013 0.500002 0.00209013
6176.65 3.06099 0.499994 0.00207737 0.500002 0.00207737
6181.81 2.57992 0.499998 0.00206668 0.500002 0.00206668
6186.85 2.51924 0.5 0.0020563 0.500002 0.0020563
6192.54 2.84569 0.5 0.00204463 0.500002 0.00204463
6199.34 3.39987 0.499988 0.00203077 0.500002 0.00203077
6204.11 2.38504 0.499998 0.00202111 0.500002 0.00202111
6208.63 2.25944 0.500001 0.00201199 0.500002 0.00201199
6214.35 2.86092 0.500001 0.00200051 0.500002 0.00200051
6222.41 4.03118 0.499973 0.00198445 0.500002 0.00198445
6226.28 1.93295 0.499999 0.00197679 0.500002 0.00197679
6230.1 1.90904 0.500002 0.00196926 0.500002 0.00196926
6236.17 3.03406 0.500001 0.00195735 0.500002 0.00195735
6246.44 5.13919 0.499869 0.00193733 0.500002 0.00193733
6249.23 1.39344 0.499991 0.00193194 0.500002 0.00193194
6251.97 1.37016 0.500001 0.00192665 0.500002 0.00192665
6256.5 2.26593 0.500002 0.00191794 0.500002 0.00191794
6264.29 3.89142 0.499998 0.00190307 0.500002 0.00190307
6270.46 3.08852 0.499993 0.00189135 0.500002 0.00189135
6275.56 2.54972 0.499998 0.00188173 0.500002 0.00188173
6280.53 2.48408 0.5 0.00187241 0.500002 0.00187241
6286.25 2.85738 0.5 0.00186174 0.500002 0.00186174
6293.24 3.49512 0.499986 0.00184877 0.500002 0.00184877
6297.61 2.18751 0.499999 0.0018407 0.500002 0.0018407
6301.96 2.17321 0.500001 0.00183272 0.500002 0.00183272
6308.13 3.08872 0.500001 0.00182143 0.500002 0.00182143
6317.4 4.63239 0.499898 0.00180463 0.500002 0.00180463
6320.33 1.46486 0.499994 0.00179935 0.500002 0.00179935
6323.22 1.44338 0.500001 0.00179417 0.500002 0.00179417
6328.04 2.4131 0.500002 0.00178553 0.500002 0.00178553
6336.46 4.21004 0.499994 0.00177056 0.500002 0.00177056
6341.74 2.63797 0.499997 0.00176124 0.500002 0.00176124
6346.84 2.55248 0.499999 0.00175227 0.500002 0.00175227
6352.4 2.77962 0.499999 0.00174256 0.500002 0.00174256
6358.88 3.23835 0.499993 0.00173131 0.500002 0.00173131
6364.04 2.57907 0.499997 0.0017224 0.500002 0.0017224
6368.99 2.4745 0.5 0.0017139 0.500002 0.0017139
6374.57 2.79074 0.5 0.00170436 0.500002 0.00170436
6381.41 3.42308 0.49999 0.00169273 0.500002 0.00169273
6386.09 2.34018 0.499999 0.00168482 0.500002 0.00168482
6390.74 2.32429 0.500001 0.00167701 0.500002 0.00167701
6396.82 3.03641 0.5 0.00166686 0.500002 0.00166686
6404.62 3.90367 0.499969 0.00165389 0.500002 0.00165389
6408.37 1.87407 0.499999 0.00164771 0.500002 0.00164771
6412.09 1.85736 0.500001 0.0016416 0.500002 0.0016416
6418.1 3.00829 0.500001 0.00163175 0.500002 0.00163175
6428.46 5.17892 0.499875 0.00161494 0.500002 0.00161494
6431.26 1.39908 0.499992 0.00161042 0.500002 0.00161042
6434.03 1.3846 0.500001 0.00160597 0.500002 0.00160597
6438.61 2.29304 0.500001 0.00159862 0.500002 0.00159862
6446.52 3.95109 0.499997 0.00158604 0.500002 0.00158604
6452.78 3.13375 0.49999 0.00157613 0.500002 0.00157613
6457.59 2.40406 0.499998 0.00156857 0.500002 0.00156857
6462.26 2.33615 0.500001 0.00156126 0.500002 0.00156126
6468.13 2.93292 0.5 0.00155213 0.500002 0.00155213
6476.05 3.95857 0.499968 0.00153989 0.500002 0.00153989
6479.77 1.86123 0.499999 0.00153417 0.500002 0.00153417
6483.46 1.84337 0.500001 0.00152852 0.500002 0.00152852
6489.45 2.99629 0.500001 0.00151939 0.500002 0.00151939
6499.8 5.17722 0.49988 0.00150374 0.500002 0.00150374
6502.62 1.40992 0.499992 0.0014995 0.500002 0.0014995
6505.41 1.39629 0.500001 0.00149532 0.500001 0.00149532
6510.05 2.31676 0.500001 0.00148841 0.500001 0.00148841
6518.05 4.00264 0.499997 0.00147654 0.500001 0.00147654
6524.09 3.02058 0.499992 0.00146765 0.500001 0.00146765
6529.07 2.48897 0.499998 0.00146036 0.500001 0.00146036
6533.95 2.44048 0.5 0.00145325 0.500001 0.00145325
6539.78 2.91486 0.499999 0.0014448 0.500001 0.0014448
6547.14 3.67867 0.499978 0.00143421 0.500001 0.00143421
6551.16 2.0073 0.499999 0.00142846 0.500001 0.00142846
6555.14 1.9926 0.500001 0.00142278 0.500001 0.00142278
6561.3 3.08106 0.500001 0.00141404 0.500001 0.00141404
6571.42 5.05903 0.499857 0.00139981 0.500001 0.00139981
6574.25 1.41449 0.49999 0.00139585 0.500001 0.00139585
6576.95 1.34821 0.5 0.00139209 0.500001 0.00139209
6581.41 2.23318 0.500001 0.00138589 0.500001 0.00138589
6589.05 3.8163 0.499998 0.00137535 0.500001 0.00137535
6595.54 3.24548 0.49999 0.00136645 0.500001 0.00136645
6600.41 2.43843 0.499997 0.00135981 0.500001 0.00135981
6605.1 2.34409 0.5 0.00135345 0.500001 0.00135345
6610.86 2.87979 0.5 0.00134567 0.500001 0.00134567
6618.57 3.85677 0.499976 0.00133533 0.500001 0.00133533
6622.53 1.97799 0.499999 0.00133006 0.500001 0.00133006
6626.45 1.95889 0.500001 0.00132486 0.500001 0.00132486
6632.58 3.06351 0.500001 0.00131677 0.500001 0.00131677
6642.77 5.09782 0.49986 0.00130341 0.500001 0.00130341
6645.55 1.39137 0.49999 0.00129979 0.500001 0.00129979
6648.26 1.35345 0.5 0.00129628 0.500001 0.00129628
6652.73 2.23594 0.500001 0.00129049 0.500001 0.00129049
6660.38 3.82475 0.499998 0.00128066 0.500001 0.00128066
6666.84 3.22815 0.49999 0.00127242 0.500001 0.00127242
6671.74 2.45134 0.499997 0.00126619 0.500001 0.00126619
6676.46 2.35994 0.5 0.00126023 0.500001 0.00126023
6682.22 2.87736 0.5 0.001253 0.500001 0.001253
6689.85 3.81494 0.499977 0.00124348 0.500001 0.00124348
6693.85 1.99994 0.499999 0.00123851 0.500001 0.00123851
6697.81 1.98142 0.500001 0.00123361 0.500001 0.00123361
6703.95 3.07235 0.500001 0.00122606 0.500001 0.00122606
6714.09 5.0668 0.49986 0.00121369 0.500001 0.00121369
6716.9 1.40793 0.49999 0.00121028 0.500001 0.00121028
6719.61 1.35355 0.5 0.00120701 0.500001 0.00120701
6724.09 2.24084 0.500001 0.00120161 0.500001 0.00120161
6731.76 3.83405 0.499998 0.00119243 0.500001 0.00119243
6738.17 3.20636 0.49999 0.00118481 0.500001 0.00118481
6743.1 2.46622 0.499997 0.00117898 0.500001 0.00117898
6747.86 2.37869 0.5 0.00117339 0.500001 0.00117339
6753.61 2.87496 0.5 0.00116666 0.500001 0.00116666
6761.14 3.76646 0.499978 0.0011579 0.500001 0.0011579
6765.2 2.02539 0.499998 0.00115322 0.500001 0.00115322
6769.21 2.00755 0.500001 0.0011486 0.500001 0.0011486
6775.37 3.08065 0.5 0.00114155 0.500001 0.00114155
6785.42 5.02465 0.499861 0.00113013 0.500001 0.00113013
6796.4 5.49155 0.438732 0.00111779 0.500001 0.00111779
6797.13 0.361453 0.470261 0.00111698 0.500001 0.00111698
6797.89 0.381697 0.486137 0.00111613 0.500001 0.00111613
6798.77 0.441532 0.494266 0.00111514 0.500001 0.00111514
6799.81 0.515968 0.497956 0.00111399 0.500001 0.00111399
6801.04 0.617983 0.499405 0.00111262 0.500001 0.00111262
6802.57 0.763505 0.499871 0.00111092 0.500001 0.00111092
6804.54 0.984354 0.499982 0.00110873 0.500001 0.00110873
6807.23 1.3484 0.5 0.00110575 0.500001 0.00110575
6811.27 2.01985 0.500001 0.00110129 0.500001 0.00110129
6818.11 3.41833 0.5 0.00109379 0.500001 0.00109379
6829.43 5.66063 0.499369 0.00108147 0.500001 0.00108147
6831.43 0.999764 0.499912 0.00107931 0.500001 0.00107931
6833.4 0.984112 0.499988 0.00107719 0.500001 0.00107719
6836.31 1.45568 0.5 0.00107406 0.500001 0.00107406
6840.69 2.19129 0.500001 0.00106936 0.500001 0.00106936
6848.27 3.78799 0.499998 0.00106129 0.500001 0.00106129
6854.99 3.36228 0.499987 0.00105418 0.500001 0.00105418
6859.75 2.37697 0.499997 0.00104918 0.500001 0.00104918
6864.27 2.2613 0.5 0.00104444 0.500001 0.00104444
6870.03 2.87822 0.5 0.00103845 0.500001 0.00103845
6878.14 4.05472 0.49997 0.00103006 0.500001 0.00103006
6881.93 1.89904 0.499998 0.00102616 0.500001 0.00102616
6885.69 1.87593 0.500001 0.00102231 0.500001 0.00102231
6891.72 3.01484 0.500001 0.00101617 0.500001 0.00101617
6902.04 5.16076 0.499874 0.00100573 0.500001 0.00100573
6904.84 1.40044 0.499991 0.00100292 0.500001 0.00100292
6907.6 1.38279 0.5 0.00100015 0.500001 0.00100015
6912.18 2.29025 0.500001 0.000995581 0.500001 0.000995581
6920.07 3.9448 0.499997 0.000987757 0.500001 0.000987757
6926.37 3.14822 0.499989 0.000981557 0.500001 0.000981557
6931.16 2.39315 0.499997 0.00097687 0.500001 0.00097687
6935.8 2.32291 0.5 0.000972343 0.500001 0.000972343
6941.67 2.93481 0.5 0.000966652 0.500001 0.000966652
6949.66 3.99424 0.499966 0.000958961 0.500001 0.000958961
6953.35 1.84468 0.499998 0.000955429 0.500001 0.000955429
6957 1.82637 0.500001 0.000951946 0.500001 0.000951946
6962.97 2.98173 0.5 0.000946286 0.500001 0.000946286
6973.31 5.17375 0.499886 0.000936545 0.500001 0.000936545
6976.16 1.42375 0.499992 0.000933882 0.500001 0.000933882
6978.98 1.41098 0.5 0.00093125 0.500001 0.00093125
6983.68 2.34644 0.500001 0.00092689 0.500001 0.00092689
6991.81 4.06695 0.499995 0.000919381 0.500001 0.000919381
6997.59 2.89139 0.499993 0.00091408 0.500001 0.00091408
7002.77 2.58739 0.499997 0.000909362 0.500001 0.000909362
7007.89 2.56345 0.499999 0.000904712 0.500001 0.000904712
7013.67 2.88761 0.499998 0.000899502 0.500001 0.000899502
7020.39 3.35883 0.499986 0.00089348 0.500001 0.00089348
7025.03 2.32298 0.499997 0.000889338 0.500001 0.000889338
7029.46 2.21377 0.5 0.000885409 0.500001 0.000885409
7035.28 2.90817 0.5 0.000880274 0.500001 0.000880274
7043.72 4.2199 0.499961 0.000872876 0.500001 0.000872876
7047.31 1.79775 0.499998 0.000869744 0.500001 0.000869744
7050.86 1.77303 0.500001 0.000866665 0.500001 0.000866665
7056.71 2.92586 0.5 0.000861608 0.500001 0.000861608
7066.97 5.13165 0.499907 0.00085281 0.500001 0.00085281
7069.95 1.48928 0.499994 0.000850274 0.500001 0.000850274
7072.9 1.47647 0.5 0.000847767 0.500001 0.000847767
7077.86 2.47614 0.500001 0.000843579 0.500001 0.000843579
7086.55 4.34441 0.49999 0.000836281 0.500001 0.000836281
7091.41 2.43088 0.499997 0.000832225 0.500001 0.000832225
7096.14 2.36539 0.5 0.000828297 0.500001 0.000828297
7101.98 2.92303 0.499999 0.000823469 0.500001 0.000823469
7109.73 3.8716 0.499971 0.000817117 0.500001 0.000817117
7113.55 1.91021 0.499998 0.000814002 0.500001 0.000814002
7117.33 1.89317 0.500001 0.000810925 0.500001 0.000810925
7123.4 3.03262 0.5 0.000806022 0.500001 0.000806022
7133.73 5.16568 0.499866 0.000797737 0.500001 0.000797737
7136.5 1.38393 0.49999 0.000795532 0.500001 0.000795532
7139.23 1.3652 0.5 0.000793363 0.500001 0.000793363
7143.74 2.2543 0.500001 0.000789794 0.500001 0.000789794
7151.47 3.86649 0.499997 0.00078371 0.500001 0.00078371
7157.75 3.13955 0.499991 0.000778805 0.500001 0.000778805
7162.78 2.51391 0.499997 0.000774899 0.500001 0.000774899
7167.65 2.43853 0.499999 0.000771129 0.500001 0.000771129
7173.39 2.86529 0.499999 0.000766723 0.500001 0.000766723
7180.61 3.61117 0.499982 0.000761205 0.500001 0.000761205
7184.84 2.11467 0.499998 0.000757992 0.500001 0.000757992
7189.03 2.09885 0.5 0.000754817 0.500001 0.000754817
7195.22 3.09381 0.5 0.000750161 0.500001 0.000750161
7204.88 4.83108 0.499876 0.000742948 0.500001 0.000742948
7207.72 1.41803 0.499991 0.000740844 0.500001 0.000740844
7210.5 1.38797 0.5 0.00073879 0.500001 0.00073879
7215.11 2.30424 0.500001 0.000735393 0.500001 0.000735393
7223.05 3.9743 0.499996 0.000729571 0.500001 0.000729571
7229.22 3.0813 0.49999 0.000725089 0.500001 0.000725089
7234.1 2.44249 0.499997 0.000721555 0.500001 0.000721555
7238.87 2.38337 0.5 0.000718124 0.500001 0.000718124
7244.72 2.92579 0.499999 0.000713934 0.500001 0.000713934
7252.38 3.83204 0.499972 0.000708484 0.500001 0.000708484
7256.23 1.92311 0.499998 0.000705764 0.500001 0.000705764
7260.04 1.90676 0.5 0.000703078 0.500001 0.000703078
7266.13 3.0416 0.5 0.000698814 0.500001 0.000698814
7276.44 5.15842 0.499863 0.000691641 0.500001 0.000691641
7279.2 1.37957 0.499989 0.000689735 0.500001 0.000689735
7281.92 1.3587 0.5 0.000687864 0.500001 0.000687864
7286.4 2.24152 0.500001 0.000684787 0.500001 0.000684787
7294.08 3.83846 0.499997 0.00067955 0.500001 0.00067955
7300.48 3.19902 0.49999 0.000675216 0.500001 0.000675216
7305.42 2.47219 0.499997 0.000671886 0.500001 0.000671886
7310.19 2.38591 0.499999 0.000668687 0.500001 0.000668687
7315.94 2.87353 0.499999 0.000664855 0.500001 0.000664855
7323.44 3.74712 0.499979 0.000659891 0.500001 0.000659891
7327.51 2.03646 0.499998 0.000657209 0.500001 0.000657209
7331.55 2.01886 0.5 0.000654561 0.500001 0.000654561
7337.71 3.08353 0.5 0.000650536 0.500001 0.000650536
7347.72 5.00432 0.499861 0.000644058 0.500001 0.000644058
7350.44 1.35966 0.499989 0.000642309 0.500001 0.000642309
7353.15 1.3544 0.5 0.000640571 0.500001 0.000640571
7357.6 2.22738 0.5 0.000637724 0.500001 0.000637724
7365.22 3.80916 0.499998 0.000632884 0.500001 0.000632884
7371.76 3.26611 0.499989 0.000628764 0.500001 0.000628764
7376.61 2.42577 0.499997 0.00062572 0.500001 0.00062572
7381.26 2.32774 0.5 0.000622814 0.500001 0.000622814
7387.02 2.88091 0.499999 0.000619236 0.500001 0.000619236
7394.82 3.89794 0.499974 0.000614427 0.500001 0.000614427
7398.74 1.95871 0.499998 0.000612025 0.500001 0.000612025
7402.62 1.93895 0.5 0.000609656 0.500001 0.000609656
7408.72 3.05417 0.5 0.000605944 0.500001 0.000605944
7418.96 5.12053 0.499861 0.00059977 0.500001 0.00059977
7421.74 1.38626 0.499989 0.000598109 0.500001 0.000598109
7424.45 1.35631 0.5 0.000596489 0.500001 0.000596489
7428.93 2.23942 0.5 0.000593823 0.500001 0.000593823
7436.59 3.83306 0.499997 0.000589288 0.500001 0.000589288
7443.02 3.21021 0.49999 0.000585517 0.500001 0.000585517
7447.94 2.46412 0.499996 0.000582639 0.500001 0.000582639
7452.7 2.37587 0.499999 0.000579877 0.500001 0.000579877
7458.45 2.87507 0.499999 0.000576552 0.500001 0.000576552
7465.99 3.77337 0.499978 0.000572217 0.500001 0.000572217
7470.04 2.02207 0.499998 0.000569908 0.500001 0.000569908
7474.04 2.00412 0.5 0.000567628 0.500001 0.000567628
7480.2 3.07965 0.5 0.000564142 0.500001 0.000564142
7490.26 5.03049 0.49986 0.000558495 0.500001 0.000558495
7492.99 1.36088 0.499989 0.000556977 0.500001 0.000556977
7495.69 1.35214 0.5 0.000555473 0.500001 0.000555473
7500.14 2.22385 0.5 0.000553008 0.500001 0.000553008
7507.74 3.80114 0.499998 0.00054882 0.500001 0.00054882
7514.31 3.28467 0.499988 0.000545226 0.500001 0.000545226
7519.14 2.4127 0.499997 0.000542601 0.500001 0.000542601
7523.76 2.31155 0.5 0.000540099 0.500001 0.000540099
7529.52 2.88276 0.499999 0.000536994 0.500001 0.000536994
7537.4 3.94003 0.499973 0.000532779 0.500001 0.000532779
7541.28 1.93844 0.499998 0.000530717 0.500001 0.000530717
7545.12 1.91802 0.5 0.000528685 0.500001 0.000528685
7551.2 3.04304 0.5 0.000525478 0.500001 0.000525478
7561.48 5.13985 0.499864 0.000520103 0.500001 0.000520103
7564.26 1.38609 0.499989 0.000518664 0.500001 0.000518664
7566.98 1.36179 0.5 0.000517253 0.500001 0.000517253
7571.48 2.24899 0.5 0.000514932 0.500001 0.000514932
7579.19 3.85441 0.499997 0.000510977 0.500001 0.000510977
7585.51 3.16446 0.49999 0.000507754 0.500001 0.000507754
7590.51 2.49631 0.499996 0.000505225 0.500001 0.000505225
7595.34 2.41631 0.499999 0.000502789 0.500001 0.000502789
7601.08 2.86895 0.499999 0.000499912 0.500001 0.000499912
7608.41 3.66847 0.49998 0.000496258 0.5 0.000496258
7612.58 2.08071 0.499998 0.000494197 0.5 0.000494197
7616.7 2.06415 0.5 0.000492161 0.5 0.000492161
7622.89 3.09153 0.5 0.000489128 0.5 0.000489128
7632.71 4.91226 0.499868 0.000484346 0.5 0.000484346
7635.53 1.41001 0.49999 0.000482982 0.5 0.000482982
7638.27 1.371 0.5 0.000481659 0.5 0.000481659
7642.82 2.27214 0.5 0.000479475 0.5 0.000479475
7650.63 3.9037 0.499997 0.000475746 0.5 0.000475746
7656.75 3.06318 0.499992 0.000472841 0.5 0.000472841
7661.89 2.56734 0.499996 0.000470419 0.5 0.000470419
7666.9 2.50669 0.499999 0.000468067 0.5 0.000468067
7672.61 2.8533 0.499998 0.000465403 0.5 0.000465403
7679.48 3.43837 0.499986 0.000462214 0.5 0.000462214
7684.2 2.35671 0.499996 0.00046004 0.5 0.00046004
7688.65 2.22516 0.5 0.000457997 0.5 0.000457997
7694.37 2.86383 0.499999 0.000455382 0.5 0.000455382
7702.61 4.11845 0.499969 0.000451646 0.5 0.000451646
7706.4 1.89525 0.499998 0.000449937 0.5 0.000449937
7710.14 1.86935 0.5 0.000448258 0.5 0.000448258
7716.16 3.00741 0.5 0.00044557 0.5 0.00044557
7726.47 5.15716 0.499877 0.000440998 0.5 0.000440998
7729.29 1.40803 0.499991 0.000439758 0.5 0.000439758
7732.07 1.39061 0.5 0.000438537 0.5 0.000438537
7736.68 2.30621 0.5 0.000436519 0.5 0.000436519
7744.64 3.97947 0.499996 0.000433058 0.5 0.000433058
7750.78 3.07018 0.49999 0.000430407 0.5 0.000430407
7755.68 2.45142 0.499997 0.000428302 0.5 0.000428302
7760.47 2.39419 0.499999 0.000426256 0.5 0.000426256
7766.32 2.92367 0.499999 0.000423771 0.5 0.000423771
7773.92 3.80262 0.499973 0.00042056 0.5 0.00042056
7777.8 1.93877 0.499998 0.000418933 0.5 0.000418933
7781.65 1.92274 0.5 0.000417325 0.5 0.000417325
7787.75 3.0508 0.5 0.000414786 0.5 0.000414786
7798.04 5.14602 0.49986 0.000410539 0.5 0.000410539
7800.79 1.37745 0.499989 0.00040941 0.5 0.00040941
7803.5 1.35328 0.499999 0.000408303 0.5 0.000408303
7807.96 2.23135 0.5 0.000406485 0.5 0.000406485
7815.6 3.81598 0.499997 0.000403395 0.5 0.000403395
7822.09 3.24899 0.499989 0.000400782 0.5 0.000400782
7826.97 2.43714 0.499996 0.000398833 0.5 0.000398833
7831.65 2.34209 0.499999 0.000396969 0.5 0.000396969
7837.41 2.87948 0.499999 0.00039469 0.5 0.00039469
7845.13 3.86108 0.499975 0.000391654 0.5 0.000391654
7849.09 1.97658 0.499998 0.000390108 0.5 0.000390108
7853 1.95739 0.5 0.000388584 0.5 0.000388584
7859.13 3.0628 0.5 0.000386211 0.5 0.000386211
7869.33 5.09956 0.499859 0.000382292 0.5 0.000382292
7872.11 1.39086 0.499989 0.00038123 0.5 0.00038123
7874.81 1.35366 0.499999 0.000380199 0.5 0.000380199
7879.29 2.23616 0.5 0.000378503 0.5 0.000378503
7886.94 3.82529 0.499997 0.000375618 0.5 0.000375618
7893.39 3.22698 0.499989 0.000373202 0.5 0.000373202
7898.3 2.45218 0.499996 0.000371376 0.5 0.000371376
7903.02 2.36098 0.499999 0.000369626 0.5 0.000369626
7908.77 2.87721 0.499999 0.000367505 0.5 0.000367505
7916.4 3.81221 0.499976 0.000364714 0.5 0.000364714
7920.4 2.00138 0.499998 0.000363257 0.5 0.000363257
7924.37 1.9829 0.5 0.000361819 0.5 0.000361819
7930.51 3.07287 0.5 0.000359603 0.5 0.000359603
7940.64 5.06459 0.499859 0.000355979 0.5 0.000355979
7943.46 1.40974 0.499989 0.000354976 0.5 0.000354976
7946.17 1.35369 0.499999 0.000354016 0.5 0.000354016
7950.65 2.24158 0.5 0.000352433 0.5 0.000352433
7958.32 3.83552 0.499997 0.00034974 0.5 0.00034974
7964.73 3.20302 0.49999 0.000347506 0.5 0.000347506
7969.66 2.46853 0.499996 0.000345795 0.5 0.000345795
7974.43 2.3816 0.499999 0.000344152 0.5 0.000344152
7980.18 2.87456 0.499999 0.000342179 0.5 0.000342179
7987.69 3.75894 0.499978 0.000339616 0.5 0.000339616
7991.75 2.02944 0.499998 0.00033824 0.5 0.00033824
7995.78 2.01171 0.5 0.000336882 0.5 0.000336882
8001.94 3.08177 0.5 0.000334812 0.5 0.000334812
8011.98 5.01735 0.49986 0.000331469 0.5 0.000331469
8014.7 1.36135 0.499989 0.000330568 0.5 0.000330568
8017.4 1.35319 0.499999 0.000329675 0.5 0.000329675
8021.86 2.22585 0.5 0.00032821 0.5 0.00032821
8029.47 3.80555 0.499997 0.000325722 0.5 0.000325722
8036.02 3.27433 0.499988 0.000323596 0.5 0.000323596
8040.86 2.41994 0.499996 0.000322033 0.5 0.000322033
8045.5 2.32053 0.499999 0.000320542 0.5 0.000320542
8051.26 2.88177 0.499999 0.0003187 0.5 0.0003187
8059.09 3.91673 0.499973 0.000316213 0.5 0.000316213
8062.99 1.94955 0.499998 0.000314983 0.5 0.000314983
8066.85 1.9295 0.5 0.00031377 0.5 0.00031377
8072.95 3.04933 0.5 0.000311862 0.5 0.000311862
8083.21 5.12987 0.499862 0.000308679 0.5 0.000308679
8085.98 1.38559 0.499989 0.000307824 0.5 0.000307824
8088.7 1.35845 0.499999 0.000306989 0.5 0.000306989
8093.18 2.24297 0.5 0.000305615 0.5 0.000305615
8100.87 3.84105 0.499997 0.000303276 0.5 0.000303276
8107.25 3.19293 0.49999 0.000301346 0.5 0.000301346
8112.2 2.4763 0.499996 0.000299857 0.5 0.000299857
8116.99 2.39112 0.499999 0.000298426 0.5 0.000298426
8122.73 2.87284 0.499999 0.000296717 0.5 0.000296717
8130.2 3.7337 0.499979 0.000294509 0.5 0.000294509
8134.29 2.04373 0.499998 0.000293308 0.5 0.000293308
8138.34 2.02632 0.5 0.000292122 0.5 0.000292122
8144.51 3.08526 0.5 0.000290325 0.5 0.000290325
8154.49 4.99036 0.499862 0.000287441 0.5 0.000287441
8157.35 1.4269 0.499989 0.000286622 0.5 0.000286622
8160.07 1.3602 0.499999 0.000285844 0.5 0.000285844
8164.58 2.25742 0.5 0.000284556 0.5 0.000284556
8172.32 3.86943 0.499997 0.000282362 0.5 0.000282362
8178.58 3.13027 0.499991 0.0002806 0.5 0.0002806
8183.62 2.51952 0.499996 0.00027919 0.5 0.00027919
8188.51 2.44594 0.499999 0.000277827 0.5 0.000277827
8194.24 2.86448 0.499998 0.00027624 0.5 0.00027624
8201.43 3.5928 0.499982 0.000274262 0.5 0.000274262
8205.68 2.1252 0.499998 0.000273099 0.5 0.000273099
8209.89 2.10964 0.5 0.000271949 0.5 0.000271949
8216.08 3.09393 0.499999 0.000270272 0.5 0.000270272
8225.69 4.80427 0.499878 0.000267687 0.5 0.000267687
8228.54 1.4226 0.499991 0.000266927 0.5 0.000266927
8231.33 1.39437 0.499999 0.000266183 0.5 0.000266183
8235.96 2.31674 0.5 0.000264953 0.5 0.000264953
8243.96 4.0016 0.499996 0.000262841 0.5 0.000262841
8250.01 3.02247 0.499991 0.000261257 0.5 0.000261257
8254.98 2.48693 0.499996 0.000259961 0.5 0.000259961
8259.86 2.43812 0.499999 0.000258696 0.5 0.000258696
8265.69 2.91558 0.499998 0.000257192 0.5 0.000257192
8273.06 3.68532 0.499977 0.000255303 0.5 0.000255303
8277.07 2.00315 0.499998 0.000254282 0.5 0.000254282
8281.04 1.98838 0.5 0.000253273 0.5 0.000253273
8287.2 3.0797 0.5 0.000251718 0.5 0.000251718
8297.33 5.06575 0.499855 0.000249181 0.5 0.000249181
8300.15 1.40689 0.499989 0.00024848 0.5 0.00024848
8302.84 1.34746 0.499999 0.000247812 0.5 0.000247812
8307.3 2.22984 0.5 0.000246709 0.5 0.000246709
8314.92 3.80954 0.499997 0.000244836 0.5 0.000244836
8321.44 3.2615 0.499988 0.000243245 0.5 0.000243245
8326.3 2.42736 0.499996 0.000242067 0.5 0.000242067
8330.96 2.33026 0.499999 0.000240941 0.5 0.000240941
8336.72 2.88141 0.499999 0.000239556 0.5 0.000239556
8344.51 3.89264 0.499974 0.000237699 0.5 0.000237699
8348.43 1.96023 0.499998 0.000236769 0.5 0.000236769
8352.31 1.9406 0.5 0.000235851 0.5 0.000235851
8358.42 3.05508 0.5 0.000234415 0.5 0.000234415
8368.66 5.11899 0.499861 0.000232027 0.5 0.000232027
8371.43 1.38632 0.499989 0.000231385 0.5 0.000231385
8374.14 1.35586 0.499999 0.000230758 0.5 0.000230758
8378.62 2.23866 0.5 0.000229727 0.5 0.000229727
8386.28 3.83134 0.499997 0.000227974 0.5 0.000227974
8392.71 3.21397 0.499989 0.000226513 0.5 0.000226513
8397.63 2.46147 0.499996 0.000225401 0.5 0.000225401
8402.38 2.37255 0.499999 0.000224334 0.5 0.000224334
8408.13 2.87555 0.499999 0.000223047 0.5 0.000223047
8415.69 3.782 0.499977 0.000221366 0.5 0.000221366
8419.73 2.01744 0.499998 0.000220475 0.5 0.000220475
8423.73 1.99937 0.5 0.000219595 0.5 0.000219595
8429.88 3.07825 0.5 0.000218247 0.5 0.000218247
8439.96 5.03849 0.499859 0.000216059 0.5 0.000216059
8442.67 1.35732 0.499988 0.000215473 0.5 0.000215473
8445.38 1.35139 0.499999 0.000214892 0.5 0.000214892
8449.82 2.22129 0.5 0.000213939 0.5 0.000213939
8457.41 3.79587 0.499997 0.000212321 0.5 0.000212321
8464.01 3.29746 0.499988 0.000210926 0.5 0.000210926
8468.81 2.40388 0.499996 0.000209914 0.5 0.000209914
8473.41 2.3006 0.499999 0.00020895 0.5 0.00020895
8479.18 2.88384 0.499999 0.000207749 0.5 0.000207749
8487.12 3.96832 0.499971 0.000206106 0.5 0.000206106
8490.97 1.92531 0.499997 0.000205314 0.5 0.000205314
8494.78 1.90441 0.5 0.000204534 0.5 0.000204534
8500.85 3.03499 0.5 0.000203296 0.5 0.000203296
8511.15 5.14969 0.499866 0.000201213 0.5 0.000201213
8513.92 1.38837 0.499989 0.000200655 0.5 0.000200655
8516.66 1.3668 0.499999 0.000200107 0.5 0.000200107
8521.18 2.2585 0.5 0.000199205 0.5 0.000199205
8528.93 3.87538 0.499997 0.000197667 0.5 0.000197667
8535.17 3.12103 0.499991 0.000196437 0.5 0.000196437
8540.22 2.52686 0.499996 0.000195447 0.5 0.000195447
8545.13 2.45498 0.499999 0.00019449 0.5 0.00019449
8550.86 2.86253 0.499998 0.000193379 0.5 0.000193379
8557.99 3.56908 0.499983 0.000192004 0.5 0.000192004
8562.28 2.1404 0.499998 0.000191184 0.5 0.000191184
8566.53 2.12513 0.5 0.000190373 0.5 0.000190373
8572.71 3.09349 0.499999 0.000189199 0.5 0.000189199
8582.24 4.76435 0.499882 0.000187404 0.5 0.000187404
8585.1 1.43072 0.499991 0.000186869 0.5 0.000186869
8587.91 1.40467 0.499999 0.000186345 0.5 0.000186345
8592.59 2.33699 0.5 0.000185476 0.5 0.000185476
8600.68 4.04569 0.499995 0.000183981 0.5 0.000183981
8606.54 2.93251 0.499992 0.000182905 0.5 0.000182905
8611.65 2.55549 0.499996 0.000181973 0.5 0.000181973
8616.7 2.52346 0.499998 0.000181057 0.5 0.000181057
8622.49 2.89717 0.499998 0.000180011 0.5 0.000180011
8629.42 3.46118 0.499983 0.000178769 0.5 0.000178769
8633.95 2.26831 0.499996 0.00017796 0.5 0.00017796
8638.24 2.14253 0.5 0.000177199 0.5 0.000177199
8644.04 2.90057 0.499999 0.000176174 0.5 0.000176174
8652.8 4.37885 0.499955 0.000174638 0.5 0.000174638
8656.31 1.75677 0.499997 0.000174025 0.5 0.000174025
8659.76 1.7259 0.5 0.000173425 0.5 0.000173425
8665.5 2.86947 0.5 0.000172433 0.5 0.000172433
8675.64 5.06654 0.499926 0.000170695 0.5 0.000170695
8678.77 1.56748 0.499995 0.00017016 0.5 0.00017016
8681.88 1.55252 0.5 0.000169633 0.5 0.000169633
8687.11 2.61676 0.5 0.000168747 0.5 0.000168747
8696.38 4.63366 0.499978 0.000167191 0.5 0.000167191
8700.48 2.05051 0.499997 0.000166506 0.5 0.000166506
8704.5 2.01204 0.5 0.000165838 0.5 0.000165838
8710.6 3.05156 0.499999 0.000164829 0.5 0.000164829
8720.52 4.95893 0.499879 0.000163202 0.5 0.000163202
8723.47 1.47645 0.499991 0.000162721 0.5 0.000162721
8726.27 1.39964 0.499999 0.000162266 0.5 0.000162266
8730.95 2.33714 0.5 0.000161509 0.5 0.000161509
8739.04 4.04343 0.499995 0.000160208 0.5 0.000160208
8744.91 2.93604 0.499992 0.00015927 0.5 0.00015927
8750.01 2.55131 0.499996 0.00015846 0.5 0.00015846
8755.05 2.51863 0.499998 0.000157664 0.5 0.000157664
8760.85 2.89888 0.499998 0.000156752 0.5 0.000156752
8767.79 3.4745 0.499982 0.000155667 0.5 0.000155667
8772.06 2.13282 0.499998 0.000155004 0.5 0.000155004
8776.3 2.12033 0.5 0.000154348 0.5 0.000154348
8782.5 3.09847 0.499999 0.000153395 0.5 0.000153395
8792.07 4.78556 0.499878 0.000151933 0.5 0.000151933
8794.91 1.42129 0.499991 0.000151502 0.5 0.000151502
8797.7 1.39469 0.499999 0.00015108 0.5 0.00015108
8802.33 2.31697 0.5 0.000150382 0.5 0.000150382
8810.34 4.0022 0.499995 0.000149183 0.5 0.000149183
8816.38 3.02123 0.499991 0.000148284 0.5 0.000148284
8821.36 2.48794 0.499996 0.000147548 0.5 0.000147548
8826.24 2.43935 0.499999 0.00014683 0.5 0.00014683
8832.07 2.91531 0.499998 0.000145976 0.5 0.000145976
8839.43 3.68202 0.499977 0.000144905 0.5 0.000144905
8843.44 2.00508 0.499997 0.000144325 0.5 0.000144325
8847.42 1.99035 0.5 0.000143752 0.5 0.000143752
8853.58 3.08035 0.499999 0.000142869 0.5 0.000142869
8863.71 5.06265 0.499855 0.00014143 0.5 0.00014143
8866.53 1.41015 0.499989 0.000141031 0.5 0.000141031
8869.22 1.34777 0.499999 0.000140652 0.5 0.000140652
8873.69 2.23127 0.5 0.000140026 0.5 0.000140026
8881.31 3.81242 0.499997 0.000138962 0.5 0.000138962
8887.82 3.25463 0.499988 0.00013806 0.5 0.00013806
8892.68 2.4321 0.499996 0.00013739 0.5 0.00013739
8897.36 2.33618 0.499999 0.00013675 0.5 0.00013675
8903.12 2.88073 0.499999 0.000135964 0.5 0.000135964
8910.87 3.87729 0.499974 0.000134914 0.5 0.000134914
8914.81 1.96777 0.499997 0.000134384 0.5 0.000134384
8918.7 1.94837 0.5 0.000133862 0.5 0.000133862
8924.82 3.0588 0.5 0.000133045 0.5 0.000133045
8935.04 5.11044 0.49986 0.000131692 0.5 0.000131692
8937.82 1.38785 0.499989 0.000131327 0.5 0.000131327
8940.53 1.35459 0.499999 0.000130972 0.5 0.000130972
8945 2.23688 0.5 0.000130387 0.5 0.000130387
8952.66 3.8272 0.499997 0.000129393 0.5 0.000129393
8959.1 3.22297 0.499989 0.000128562 0.5 0.000128562
8964.01 2.4551 0.499996 0.000127932 0.5 0.000127932
8968.74 2.3646 0.499999 0.000127328 0.5 0.000127328
8974.49 2.87668 0.499999 0.000126598 0.5 0.000126598
8982.1 3.80274 0.499976 0.000125639 0.5 0.000125639
8986.11 2.00641 0.499997 0.000125136 0.5 0.000125136
8990.09 1.98806 0.5 0.000124639 0.5 0.000124639
8996.24 3.07464 0.499999 0.000123875 0.5 0.000123875
9006.35 5.0567 0.499859 0.000122628 0.5 0.000122628
9009.19 1.41744 0.499989 0.000122281 0.5 0.000122281
9011.9 1.35435 0.499999 0.00012195 0.5 0.00012195
9016.39 2.24475 0.5 0.000121404 0.5 0.000121404
9024.07 3.84193 0.499997 0.000120475 0.5 0.000120475
9030.45 3.1886 0.49999 0.000119709 0.5 0.000119709
9035.4 2.47851 0.499996 0.000119117 0.5 0.000119117
9040.19 2.39418 0.499999 0.000118548 0.5 0.000118548
9045.94 2.87278 0.499998 0.000117869 0.5 0.000117869
9053.39 3.72638 0.499979 0.000116994 0.5 0.000116994
9057.48 2.04724 0.499997 0.000116516 0.5 0.000116516
9061.54 2.02994 0.5 0.000116044 0.5 0.000116044
9067.72 3.08609 0.499999 0.00011533 0.5 0.00011533
9077.68 4.98347 0.499862 0.000114186 0.5 0.000114186
9080.53 1.42227 0.499989 0.000113861 0.5 0.000113861
9083.25 1.36071 0.499999 0.000113552 0.5 0.000113552
9087.76 2.25718 0.5 0.000113041 0.5 0.000113041
9095.5 3.86927 0.499997 0.000112169 0.5 0.000112169
9101.76 3.1309 0.499991 0.000111469 0.5 0.000111469
9106.8 2.51917 0.499996 0.000110909 0.5 0.000110909
9111.69 2.44546 0.499999 0.000110368 0.5 0.000110368
9117.42 2.86452 0.499998 0.000109737 0.5 0.000109737
9124.61 3.59396 0.499982 0.000108951 0.5 0.000108951
9128.86 2.12455 0.499997 0.000108489 0.5 0.000108489
9133.08 2.10898 0.5 0.000108033 0.5 0.000108033
9139.27 3.09393 0.499999 0.000107366 0.5 0.000107366
9148.88 4.80595 0.499877 0.000106339 0.5 0.000106339
9151.72 1.42229 0.49999 0.000106037 0.5 0.000106037
9154.51 1.39396 0.499999 0.000105742 0.5 0.000105742
9159.14 2.31594 0.5 0.000105253 0.5 0.000105253
9167.14 3.99985 0.499995 0.000104415 0.5 0.000104415
9173.19 3.02617 0.49999 0.000103785 0.5 0.000103785
9178.16 2.48413 0.499996 0.00010327 0.5 0.00010327
9183.03 2.43466 0.499999 0.000102769 0.5 0.000102769
9188.86 2.91627 0.499998 0.000102171 0.5 0.000102171
9196.25 3.69456 0.499976 0.000101419 0.5 0.000101419
9200.25 1.99785 0.499997 0.000101014 0.5 0.000101014
9204.21 1.98299 0.5 0.000100614 0.5 0.000100614
9210.37 3.07785 0.499999 9.9997e-05 0.5 9.9997e-05
9220.52 5.07404 0.499855 9.89874e-05 0.5 9.89874e-05
9223.32 1.39969 0.499989 9.87107e-05 0.5 9.87107e-05
9226.01 1.34682 0.499999 9.84451e-05 0.5 9.84451e-05
9230.46 2.22671 0.5 9.80077e-05 0.5 9.80077e-05
9238.07 3.80324 0.499997 9.7265e-05 0.5 9.7265e-05
9244.62 3.27666 0.499988 9.66297e-05 0.5 9.66297e-05
9249.46 2.41689 0.499996 9.61637e-05 0.5 9.61637e-05
9254.09 2.31722 0.499999 9.57191e-05 0.5 9.57191e-05
9259.86 2.88283 0.499999 9.51688e-05 0.5 9.51688e-05
9267.71 3.92642 0.499973 9.44244e-05 0.5 9.44244e-05
9271.6 1.94398 0.499997 9.4058e-05 0.5 9.4058e-05
9275.45 1.92381 0.5 9.36968e-05 0.5 9.36968e-05
9281.54 3.04636 0.5 9.31277e-05 0.5 9.31277e-05
9291.81 5.13517 0.499863 9.21761e-05 0.5 9.21761e-05
9294.58 1.38554 0.499989 9.1921e-05 0.5 9.1921e-05
9297.3 1.35988 0.499999 9.16714e-05 0.5 9.16714e-05
9301.79 2.24547 0.5 9.12606e-05 0.5 9.12606e-05
9309.48 3.84664 0.499997 9.05612e-05 0.5 9.05612e-05
9315.85 3.18095 0.49999 8.99869e-05 0.5 8.99869e-05
9320.82 2.48472 0.499996 8.95408e-05 0.5 8.95408e-05
9325.62 2.40171 0.499999 8.91117e-05 0.5 8.91117e-05
9331.36 2.87123 0.499998 8.86015e-05 0.5 8.86015e-05
9338.77 3.70624 0.499979 8.79472e-05 0.5 8.79472e-05
9342.89 2.05909 0.499997 8.75857e-05 0.5 8.75857e-05
9346.98 2.04204 0.5 8.72287e-05 0.5 8.72287e-05
9353.15 3.08836 0.499999 8.66916e-05 0.5 8.66916e-05
9363.07 4.95932 0.499863 8.5836e-05 0.5 8.5836e-05
9365.9 1.41368 0.499989 8.55936e-05 0.5 8.55936e-05
9368.63 1.36351 0.499999 8.53606e-05 0.5 8.53606e-05
9373.15 2.25992 0.5 8.49756e-05 0.5 8.49756e-05
9380.9 3.87614 0.499997 8.43194e-05 0.5 8.43194e-05
9387.13 3.11751 0.499991 8.37953e-05 0.5 8.37953e-05
9392.19 2.52881 0.499996 8.33726e-05 0.5 8.33726e-05
9397.11 2.45762 0.499999 8.29638e-05 0.5 8.29638e-05
9402.83 2.86232 0.499998 8.24902e-05 0.5 8.24902e-05
9409.96 3.5627 0.499983 8.19045e-05 0.5 8.19045e-05
9414.24 2.14401 0.499997 8.15541e-05 0.5 8.15541e-05
9418.5 2.12883 0.5 8.12076e-05 0.5 8.12076e-05
9424.69 3.09334 0.499999 8.07067e-05 0.5 8.07067e-05
9434.2 4.75467 0.499883 7.99429e-05 0.5 7.99429e-05
9437.06 1.43284 0.499991 7.97141e-05 0.5 7.97141e-05
9439.88 1.40724 0.499999 7.94901e-05 0.5 7.94901e-05
9444.56 2.34206 0.5 7.91186e-05 0.5 7.91186e-05
9452.68 4.0567 0.499995 7.84793e-05 0.5 7.84793e-05
9458.5 2.91092 0.499992 7.80237e-05 0.5 7.80237e-05
9463.64 2.57202 0.499996 7.76234e-05 0.5 7.76234e-05
9468.73 2.54422 0.499998 7.72294e-05 0.5 7.72294e-05
9474.51 2.89234 0.499997 7.6784e-05 0.5 7.6784e-05
9481.33 3.40791 0.499984 7.62624e-05 0.5 7.62624e-05
9485.92 2.29607 0.499996 7.5913e-05 0.5 7.5913e-05
9490.28 2.17889 0.499999 7.55829e-05 0.5 7.55829e-05
9496.09 2.90544 0.499999 7.5145e-05 0.5 7.5145e-05
9504.69 4.30006 0.499957 7.45015e-05 0.5 7.45015e-05
9508.24 1.77477 0.499997 7.42375e-05 0.5 7.42375e-05
9511.74 1.74742 0.5 7.39785e-05 0.5 7.39785e-05
9517.53 2.89645 0.5 7.35512e-05 0.5 7.35512e-05
9527.73 5.10036 0.499917 7.28047e-05 0.5 7.28047e-05
9530.79 1.52854 0.499994 7.25825e-05 0.5 7.25825e-05
9533.82 1.51485 0.5 7.23629e-05 0.5 7.23629e-05
9538.91 2.54873 0.5 7.1995e-05 0.5 7.1995e-05
9547.91 4.49582 0.499984 7.13505e-05 0.5 7.13505e-05
9552.35 2.22253 0.499997 7.10341e-05 0.5 7.10341e-05
9556.7 2.173 0.5 7.07261e-05 0.5 7.07261e-05
9562.75 3.02687 0.499999 7.02992e-05 0.5 7.02992e-05
9571.8 4.52436 0.499922 6.96659e-05 0.5 6.96659e-05
9574.92 1.55958 0.499994 6.9449e-05 0.5 6.9449e-05
9577.99 1.53638 0.5 6.92359e-05 0.5 6.92359e-05
9583.17 2.58791 0.5 6.88785e-05 0.5 6.88785e-05
9592.32 4.57579 0.499981 6.8251e-05 0.5 6.8251e-05
9596.56 2.12096 0.499997 6.79621e-05 0.5 6.79621e-05
9600.72 2.07815 0.5 6.76802e-05 0.5 6.76802e-05
9606.82 3.05024 0.499999 6.72686e-05 0.5 6.72686e-05
9616.42 4.80173 0.499894 6.66257e-05 0.5 6.66257e-05
9619.36 1.47174 0.499992 6.64299e-05 0.5 6.64299e-05
9622.24 1.43714 0.499999 6.62392e-05 0.5 6.62392e-05
9627.04 2.40317 0.5 6.59216e-05 0.5 6.59216e-05
9635.42 4.18826 0.499993 6.53717e-05 0.5 6.53717e-05
9640.77 2.67378 0.499995 6.50231e-05 0.5 6.50231e-05
9645.94 2.58413 0.499997 6.46879e-05 0.5 6.46879e-05
9651.44 2.75273 0.499997 6.43327e-05 0.5 6.43327e-05
9657.72 3.13674 0.499993 6.39304e-05 0.5 6.39304e-05
9663.07 2.67952 0.499995 6.35887e-05 0.5 6.35887e-05
9668.26 2.59451 0.499997 6.32596e-05 0.5 6.32596e-05
9673.77 2.75476 0.499997 6.2912e-05 0.5 6.2912e-05
9680.01 3.11802 0.499993 6.25209e-05 0.5 6.25209e-05
9685.38 2.6838 0.499995 6.21862e-05 0.5 6.21862e-05
9690.58 2.60358 0.499997 6.18632e-05 0.5 6.18632e-05
9696.1 2.75783 0.499997 6.1523e-05 0.5 6.1523e-05
9702.31 3.10341 0.499993 6.11423e-05 0.5 6.11423e-05
9707.67 2.68409 0.499995 6.08149e-05 0.5 6.08149e-05
9712.89 2.60775 0.499997 6.04986e-05 0.5 6.04986e-05
9718.42 2.76229 0.499997 6.01653e-05 0.5 6.01653e-05
9724.62 3.1006 0.499993 5.97933e-05 0.5 5.97933e-05
9729.97 2.67606 0.499995 5.94742e-05 0.5 5.94742e-05
9735.17 2.60091 0.499997 5.91656e-05 0.5 5.91656e-05
9740.71 2.76872 0.499997 5.88389e-05 0.5 5.88389e-05
9746.95 3.12287 0.499992 5.84725e-05 0.5 5.84725e-05
9752.26 2.65238 0.499995 5.81632e-05 0.5 5.81632e-05
9757.4 2.57277 0.499997 5.78647e-05 0.5 5.78647e-05
9762.96 2.77799 0.499997 5.75441e-05 0.5 5.75441e-05
9769.35 3.19336 0.499992 5.71777e-05 0.5 5.71777e-05
9774.55 2.6017 0.499995 5.6881e-05 0.5 5.6881e-05
9779.56 2.50714 0.499998 5.65965e-05 0.5 5.65965e-05
9785.14 2.79013 0.499998 5.62815e-05 0.5 5.62815e-05
9791.84 3.35029 0.499989 5.59057e-05 0.5 5.59057e-05
9796.87 2.51268 0.499995 5.56254e-05 0.5 5.56254e-05
9801.64 2.38479 0.499999 5.53607e-05 0.5 5.53607e-05
9807.23 2.79731 0.499999 5.50519e-05 0.5 5.50519e-05
9814.51 3.63587 0.499985 5.4653e-05 0.5 5.4653e-05
9818.93 2.21137 0.499997 5.44118e-05 0.5 5.44118e-05
9823.31 2.1915 0.5 5.41739e-05 0.5 5.41739e-05
9829.46 3.07507 0.499999 5.38417e-05 0.5 5.38417e-05
9838.58 4.56106 0.499906 5.33528e-05 0.5 5.33528e-05
9841.58 1.49689 0.499993 5.31933e-05 0.5 5.31933e-05
9844.53 1.47634 0.5 5.30365e-05 0.5 5.30365e-05
9849.48 2.47688 0.5 5.27744e-05 0.5 5.27744e-05
9858.18 4.34583 0.499989 5.23177e-05 0.5 5.23177e-05
9863.03 2.42873 0.499996 5.20642e-05 0.5 5.20642e-05
9867.76 2.36338 0.499999 5.18187e-05 0.5 5.18187e-05
9873.61 2.92431 0.499998 5.15165e-05 0.5 5.15165e-05
9881.37 3.87847 0.49997 5.11184e-05 0.5 5.11184e-05
9885.18 1.90556 0.499997 5.0924e-05 0.5 5.0924e-05
9888.95 1.88848 0.5 5.0732e-05 0.5 5.0732e-05
9895.01 3.02961 0.5 5.04255e-05 0.5 5.04255e-05
9905.35 5.16814 0.499866 4.9907e-05 0.5 4.9907e-05
9908.12 1.38543 0.499989 4.97689e-05 0.5 4.97689e-05
9910.86 1.36738 0.499999 4.9633e-05 0.5 4.9633e-05
9915.37 2.25861 0.5 4.94093e-05 0.5 4.94093e-05
9923.12 3.87593 0.499997 4.90277e-05 0.5 4.90277e-05
9929.36 3.12017 0.499991 4.87228e-05 0.5 4.87228e-05
9934.42 2.52754 0.499996 4.84771e-05 0.5 4.84771e-05
9939.33 2.45581 0.499998 4.82396e-05 0.5 4.82396e-05
9945.06 2.86235 0.499998 4.79642e-05 0.5 4.79642e-05
9952.19 3.56691 0.499983 4.76232e-05 0.5 4.76232e-05
9956.47 2.14179 0.499997 4.74197e-05 0.5 4.74197e-05
9960.73 2.12655 0.5 4.72184e-05 0.5 4.72184e-05
9966.91 3.09342 0.499999 4.69272e-05 0.5 4.69272e-05
9976.43 4.76061 0.499882 4.64825e-05 0.5 4.64825e-05
9979.3 1.43155 0.499991 4.63496e-05 0.5 4.63496e-05
9982.11 1.40567 0.499999 4.62195e-05 0.5 4.62195e-05
9986.79 2.33897 0.5 4.60038e-05 0.5 4.60038e-05
9994.89 4.04998 0.499995 4.56327e-05 0.5 4.56327e-05
10000.7 2.92406 0.499992 4.53666e-05 0.5 4.53666e-05
