0 0.0931146 0.044552 0.999907 2.25514e-17 1
0.0931146 0.0923462 0.0848224 0.999815 0.0445444 0.999907
0.185461 0.0952347 0.122635 0.999719 0.0848086 0.999815
0.280696 0.098304 0.158067 0.999621 0.122616 0.999719
0.379 0.101576 0.191197 0.99952 0.158042 0.999621
0.480575 0.105071 0.222103 0.999415 0.191168 0.99952
0.585646 0.108812 0.250864 0.999306 0.22207 0.999415
0.694459 0.112828 0.277559 0.999193 0.250828 0.999306
0.807286 0.117147 0.302266 0.999076 0.27752 0.999193
0.924433 0.121807 0.325063 0.998954 0.302225 0.999076
1.04624 0.126848 0.34603 0.998828 0.32502 0.998954
1.17309 0.132319 0.365243 0.998695 0.345985 0.998828
1.30541 0.138277 0.382781 0.998557 0.365197 0.998695
1.44368 0.144789 0.398723 0.998413 0.382735 0.998557
1.58847 0.151936 0.413146 0.998261 0.398676 0.998413
1.74041 0.159814 0.426128 0.998102 0.413099 0.998261
1.90022 0.16854 0.437746 0.997933 0.426082 0.998102
2.06876 0.178258 0.44808 0.997756 0.437701 0.997933
2.24702 0.189143 0.457206 0.997567 0.448036 0.997756
2.43616 0.201418 0.465201 0.997366 0.457163 0.997567
2.63758 0.215361 0.472142 0.997151 0.46516 0.997366
2.85294 0.231333 0.478107 0.99692 0.472103 0.997151
3.08427 0.249803 0.483173 0.996671 0.478071 0.99692
3.33408 0.271395 0.487415 0.996401 0.483138 0.996671
3.60547 0.296956 0.49091 0.996105 0.487383 0.996401
3.90243 0.327665 0.493733 0.995779 0.49088 0.996105
4.23009 0.365207 0.49596 0.995415 0.493707 0.995779
4.5953 0.412078 0.497666 0.995005 0.495937 0.995415
5.00738 0.47212 0.498923 0.994535 0.497645 0.995005
5.4795 0.551556 0.499805 0.993987 0.498906 0.994535
6.03105 0.661105 0.500384 0.99333 0.499791 0.993987
6.69216 0.820806 0.500728 0.992515 0.500373 0.99333
7.51297 1.07256 0.500904 0.991451 0.50072 0.992515
8.58552 1.52002 0.500973 0.989945 0.500899 0.991451
10.1055 2.51276 0.500988 0.987461 0.50097 0.989945
12.6183 7.70418 0.500983 0.979883 0.500987 0.987461
20.3225 7.47317 0.500975 0.972587 0.500981 0.979883
27.7957 7.28675 0.500968 0.965526 0.500974 0.972587
35.0824 7.23605 0.500961 0.958564 0.500966 0.965526
42.3185 7.23935 0.500954 0.95165 0.50096 0.958564
49.5578 7.25885 0.500947 0.944767 0.500953 0.95165
56.8167 7.28267 0.500941 0.937912 0.500946 0.944767
64.0993 7.30766 0.500934 0.931083 0.500939 0.937912
71.407 7.33306 0.500927 0.92428 0.500932 0.931083
78.7401 7.35869 0.50092 0.917504 0.500925 0.92428
86.0987 7.3845 0.500913 0.910753 0.500918 0.917504
93.4832 7.41051 0.500907 0.904029 0.500912 0.910753
100.894 7.4367 0.5009 0.897331 0.500905 0.904029
108.33 7.46308 0.500893 0.890659 0.500898 0.897331
115.794 7.48965 0.500887 0.884013 0.500892 0.890659
123.283 7.51641 0.50088 0.877393 0.500885 0.884013
130.8 7.54336 0.500873 0.8708 0.500878 0.877394
138.343 7.57051 0.500867 0.864232 0.500872 0.8708
145.913 7.59786 0.50086 0.857691 0.500865 0.864232
153.511 7.62542 0.500854 0.851176 0.500859 0.857691
161.137 7.65317 0.500847 0.844686 0.500852 0.851176
168.79 7.68113 0.500841 0.838223 0.500846 0.844686
176.471 7.70929 0.500834 0.831786 0.500839 0.838223
184.18 7.73767 0.500828 0.825374 0.500833 0.831786
191.918 7.76626 0.500821 0.818989 0.500826 0.825375
199.684 7.79506 0.500815 0.81263 0.50082 0.818989
207.479 7.82408 0.500809 0.806297 0.500813 0.81263
215.303 7.85332 0.500802 0.799989 0.500807 0.806297
223.157 7.88279 0.500796 0.793708 0.500801 0.799989
231.04 7.91247 0.50079 0.787452 0.500795 0.793708
238.952 7.94239 0.500784 0.781223 0.500788 0.787453
246.894 7.97253 0.500777 0.775019 0.500782 0.781223
254.867 8.0029 0.500771 0.768842 0.500776 0.77502
262.87 8.03351 0.500765 0.76269 0.50077 0.768842
270.903 8.06436 0.500759 0.756564 0.500763 0.76269
278.968 8.09545 0.500753 0.750464 0.500757 0.756564
287.063 8.12679 0.500747 0.74439 0.500751 0.750464
295.19 8.15836 0.500741 0.738342 0.500745 0.74439
303.348 8.19019 0.500735 0.732319 0.500739 0.738342
311.538 8.22227 0.500729 0.726323 0.500733 0.732319
319.761 8.25461 0.500723 0.720352 0.500727 0.726323
328.015 8.2872 0.500717 0.714407 0.500721 0.720352
336.303 8.32006 0.500711 0.708487 0.500715 0.714407
344.623 8.35318 0.500705 0.702594 0.500709 0.708488
352.976 8.38657 0.500699 0.696726 0.500703 0.702594
361.362 8.42023 0.500693 0.690884 0.500697 0.696726
369.783 8.45416 0.500687 0.685068 0.500692 0.690885
378.237 8.48837 0.500681 0.679277 0.500686 0.685068
386.725 8.52286 0.500676 0.673513 0.50068 0.679278
395.248 8.55764 0.50067 0.667774 0.500674 0.673513
403.806 8.59271 0.500664 0.66206 0.500668 0.667774
412.398 8.62806 0.500658 0.656372 0.500663 0.66206
421.026 8.66372 0.500653 0.65071 0.500657 0.656373
429.69 8.69967 0.500647 0.645074 0.500651 0.650711
438.39 8.73592 0.500642 0.639463 0.500646 0.645074
447.126 8.77248 0.500636 0.633878 0.50064 0.639464
455.898 8.80936 0.50063 0.628318 0.500635 0.633878
464.708 8.84654 0.500625 0.622785 0.500629 0.628319
473.554 8.88405 0.500619 0.617276 0.500623 0.622785
482.438 8.92188 0.500614 0.611793 0.500618 0.617277
491.36 8.96004 0.500608 0.606336 0.500612 0.611794
500.32 8.99852 0.500603 0.600904 0.500607 0.606337
509.319 9.03735 0.500597 0.595498 0.500602 0.600905
518.356 9.07651 0.500592 0.590118 0.500596 0.595499
527.432 9.11602 0.500587 0.584763 0.500591 0.590118
536.548 9.15587 0.500581 0.579433 0.500585 0.584763
545.704 9.19609 0.500576 0.574129 0.50058 0.579434
554.9 9.23666 0.500571 0.56885 0.500575 0.574129
564.137 9.27759 0.500565 0.563597 0.500569 0.568851
573.415 9.31889 0.50056 0.558369 0.500564 0.563598
582.734 9.36056 0.500555 0.553167 0.500559 0.55837
592.094 9.40262 0.50055 0.54799 0.500554 0.553168
601.497 9.44505 0.500545 0.542839 0.500549 0.547991
610.942 9.48788 0.50054 0.537713 0.500543 0.542839
620.43 9.5311 0.500534 0.532612 0.500538 0.537713
629.961 9.57472 0.500529 0.527537 0.500533 0.532613
639.535 9.61874 0.500524 0.522487 0.500528 0.527537
649.154 9.66318 0.500519 0.517462 0.500523 0.522487
658.817 9.70803 0.500514 0.512463 0.500518 0.517463
668.525 9.75331 0.500509 0.507489 0.500513 0.512464
678.279 9.79901 0.500504 0.502541 0.500508 0.50749
688.078 9.84515 0.500499 0.497617 0.500503 0.502541
697.923 9.89173 0.500494 0.492719 0.500498 0.497618
707.815 9.93876 0.50049 0.487847 0.500493 0.49272
717.753 9.98624 0.500485 0.482999 0.500488 0.487847
727.74 10.0342 0.50048 0.478177 0.500483 0.483
737.774 10.0826 0.500475 0.47338 0.500479 0.478177
747.856 10.1315 0.50047 0.468608 0.500474 0.47338
757.988 10.1808 0.500466 0.463861 0.500469 0.468608
768.169 10.2307 0.500461 0.45914 0.500464 0.463862
778.399 10.281 0.500456 0.454444 0.50046 0.45914
788.68 10.3319 0.500451 0.449772 0.500455 0.454444
799.012 10.3832 0.500447 0.445126 0.50045 0.449773
809.396 10.4351 0.500442 0.440506 0.500446 0.445127
819.831 10.4875 0.500437 0.43591 0.500441 0.440506
830.318 10.5405 0.500433 0.431339 0.500436 0.435911
840.859 10.5939 0.500428 0.426794 0.500432 0.43134
851.453 10.648 0.500424 0.422274 0.500427 0.426795
862.101 10.7026 0.500419 0.417778 0.500423 0.422274
872.803 10.7577 0.500415 0.413308 0.500418 0.417779
883.561 10.8135 0.50041 0.408863 0.500414 0.413309
894.374 10.8698 0.500406 0.404443 0.500409 0.408863
905.244 10.9267 0.500402 0.400047 0.500405 0.404443
916.171 10.9842 0.500397 0.395677 0.5004 0.400048
927.155 11.0424 0.500393 0.391332 0.500396 0.395678
938.197 11.1011 0.500388 0.387012 0.500392 0.391333
949.298 11.1605 0.500384 0.382717 0.500387 0.387012
960.459 11.2205 0.50038 0.378446 0.500383 0.382717
971.68 11.2812 0.500376 0.374201 0.500379 0.378447
982.961 11.3426 0.500371 0.36998 0.500375 0.374202
994.303 11.4046 0.500367 0.365785 0.50037 0.369981
1005.71 11.4674 0.500363 0.361614 0.500366 0.365786
1017.18 11.5308 0.500359 0.357469 0.500362 0.361615
1028.71 11.5949 0.500355 0.353348 0.500358 0.357469
1040.3 11.6598 0.500351 0.349252 0.500354 0.353348
1051.96 11.7254 0.500347 0.34518 0.50035 0.349252
1063.69 11.7917 0.500342 0.341134 0.500346 0.345181
1075.48 11.8588 0.500338 0.337112 0.500341 0.341135
1087.34 11.9267 0.500334 0.333116 0.500337 0.337113
1099.26 11.9954 0.50033 0.329144 0.500333 0.333116
1111.26 12.0649 0.500327 0.325196 0.500329 0.329144
1123.32 12.1352 0.500323 0.321274 0.500326 0.325197
1135.46 12.2063 0.500319 0.317376 0.500322 0.321275
1147.67 12.2782 0.500315 0.313503 0.500318 0.317377
1159.94 12.3511 0.500311 0.309655 0.500314 0.313504
1172.29 12.4248 0.500307 0.305831 0.50031 0.309656
1184.72 12.4994 0.500303 0.302032 0.500306 0.305832
1197.22 12.5749 0.500299 0.298258 0.500302 0.302033
1209.79 12.6513 0.500296 0.294509 0.500299 0.298259
1222.44 12.7287 0.500292 0.290784 0.500295 0.294509
1235.17 12.807 0.500288 0.287083 0.500291 0.290784
1247.98 12.8863 0.500285 0.283408 0.500287 0.287084
1260.87 12.9666 0.500281 0.279756 0.500284 0.283408
1273.83 13.0479 0.500277 0.27613 0.50028 0.279757
1286.88 13.1302 0.500274 0.272528 0.500276 0.276131
1300.01 13.2136 0.50027 0.268951 0.500273 0.272529
1313.23 13.2981 0.500267 0.265398 0.500269 0.268951
1326.52 13.3837 0.500263 0.261869 0.500266 0.265398
1339.91 13.4704 0.500259 0.258365 0.500262 0.26187
1353.38 13.5582 0.500256 0.254886 0.500259 0.258366
1366.94 13.6472 0.500253 0.251431 0.500255 0.254887
1380.58 13.7374 0.500249 0.248001 0.500252 0.251432
1394.32 13.8287 0.500246 0.244595 0.500248 0.248002
1408.15 13.9213 0.500242 0.241213 0.500245 0.244596
1422.07 14.0152 0.500239 0.237856 0.500241 0.241214
1436.09 14.1104 0.500236 0.234524 0.500238 0.237857
1450.2 14.2068 0.500232 0.231215 0.500235 0.234524
1464.4 14.3046 0.500229 0.227931 0.500231 0.231216
1478.71 14.4038 0.500226 0.224672 0.500228 0.227932
1493.11 14.5043 0.500222 0.221437 0.500225 0.224673
1507.62 14.6063 0.500219 0.218226 0.500222 0.221437
1522.22 14.7097 0.500216 0.215039 0.500218 0.218227
1536.93 14.8146 0.500213 0.211877 0.500215 0.21504
1551.75 14.9211 0.50021 0.208739 0.500212 0.211878
1566.67 15.029 0.500207 0.205625 0.500209 0.20874
1581.7 15.1386 0.500204 0.202536 0.500206 0.205626
1596.83 15.2498 0.5002 0.199471 0.500203 0.202537
1612.08 15.3626 0.500197 0.19643 0.5002 0.199471
1627.45 15.4771 0.500194 0.193413 0.500197 0.19643
1642.92 15.5934 0.500191 0.19042 0.500194 0.193414
1658.52 15.7114 0.500188 0.187452 0.500191 0.190421
1674.23 15.8312 0.500185 0.184508 0.500188 0.187453
1690.06 15.9529 0.500182 0.181588 0.500185 0.184508
1706.01 16.0765 0.50018 0.178692 0.500182 0.181588
1722.09 16.202 0.500177 0.17582 0.500179 0.178692
1738.29 16.3295 0.500174 0.172972 0.500176 0.175821
1754.62 16.459 0.500171 0.170148 0.500173 0.172973
1771.08 16.5907 0.500168 0.167349 0.50017 0.170149
1787.67 16.7244 0.500165 0.164573 0.500168 0.16735
1804.4 16.8603 0.500163 0.161822 0.500165 0.164574
1821.26 16.9985 0.50016 0.159094 0.500162 0.161822
1838.25 17.139 0.500157 0.156391 0.500159 0.159095
1855.39 17.2818 0.500155 0.153711 0.500157 0.156391
1872.67 17.427 0.500152 0.151056 0.500154 0.153712
1890.1 17.5747 0.500149 0.148424 0.500151 0.151056
1907.68 17.7249 0.500147 0.145816 0.500149 0.148425
1925.4 17.8777 0.500144 0.143233 0.500146 0.145817
1943.28 18.0332 0.500141 0.140673 0.500143 0.143234
1961.31 18.1914 0.500139 0.138137 0.500141 0.140674
1979.5 18.3525 0.500136 0.135625 0.500138 0.138138
1997.86 18.5164 0.500134 0.133137 0.500136 0.135626
2016.37 18.6833 0.500131 0.130672 0.500133 0.133138
2035.06 18.8532 0.500129 0.128232 0.500131 0.130673
2053.91 19.0263 0.500127 0.125815 0.500128 0.128233
2072.94 19.2026 0.500124 0.123422 0.500126 0.125816
2092.14 19.3822 0.500122 0.121053 0.500124 0.123423
2111.52 19.5652 0.500119 0.118708 0.500121 0.121054
2131.09 19.7516 0.500117 0.116386 0.500119 0.118708
2150.84 19.9417 0.500115 0.114088 0.500117 0.116387
2170.78 20.1355 0.500112 0.111814 0.500114 0.114089
2190.91 20.3331 0.50011 0.109563 0.500112 0.111814
2211.25 20.5346 0.500108 0.107336 0.50011 0.109564
2231.78 20.7402 0.500106 0.105133 0.500107 0.107337
2252.52 20.9499 0.500104 0.102953 0.500105 0.105134
2273.47 21.1639 0.500101 0.100797 0.500103 0.102954
2294.64 21.3823 0.500099 0.0986648 0.500101 0.100798
2316.02 21.6054 0.500097 0.096556 0.500099 0.0986657
2337.62 21.8331 0.500095 0.0944707 0.500097 0.0965568
2359.46 22.0656 0.500093 0.0924089 0.500095 0.0944716
2381.52 22.3032 0.500091 0.0903707 0.500093 0.0924098
2403.83 22.5459 0.500089 0.088356 0.50009 0.0903716
2426.37 22.794 0.500087 0.0863648 0.500088 0.0883569
2449.17 23.0476 0.500085 0.084397 0.500086 0.0863656
2472.21 23.307 0.500083 0.0824527 0.500084 0.0843979
2495.52 23.5722 0.500081 0.0805318 0.500083 0.0824536
2519.09 23.8435 0.500079 0.0786343 0.500081 0.0805327
2542.94 24.1212 0.500077 0.0767602 0.500079 0.0786352
2567.06 24.4054 0.500075 0.0749095 0.500077 0.0767611
2591.46 24.6963 0.500074 0.0730822 0.500075 0.0749104
2616.16 24.9943 0.500072 0.0712782 0.500073 0.0730831
2641.15 25.2996 0.50007 0.0694974 0.500071 0.0712791
2666.45 25.6123 0.500068 0.06774 0.50007 0.0694983
2692.06 25.933 0.500066 0.0660059 0.500068 0.0677409
2718 26.2617 0.500065 0.064295 0.500066 0.0660068
2744.26 26.5988 0.500063 0.0626073 0.500064 0.0642959
2770.86 26.9447 0.500061 0.0609429 0.500063 0.0626083
2797.8 27.2997 0.50006 0.0593017 0.500061 0.0609438
2825.1 27.6642 0.500058 0.0576836 0.500059 0.0593026
2852.77 28.0385 0.500057 0.0560887 0.500058 0.0576845
2880.81 28.423 0.500055 0.0545169 0.500056 0.0560896
2909.23 28.8182 0.500053 0.0529682 0.500055 0.0545178
2938.05 29.2246 0.500052 0.0514426 0.500053 0.0529691
2967.27 29.6425 0.50005 0.0499401 0.500051 0.0514435
2996.91 30.0724 0.500049 0.0484606 0.50005 0.049941
3026.99 30.515 0.500047 0.0470041 0.500049 0.0484615
3057.5 30.9708 0.500046 0.0455706 0.500047 0.047005
3088.47 31.4403 0.500045 0.0441601 0.500046 0.0455715
3119.91 31.9242 0.500043 0.0427726 0.500044 0.044161
3151.84 32.4232 0.500042 0.041408 0.500043 0.0427735
3184.26 32.938 0.50004 0.0400663 0.500041 0.0414089
3217.2 33.4692 0.500039 0.0387474 0.50004 0.0400672
3250.67 34.0178 0.500038 0.0374515 0.500039 0.0387484
3284.68 34.5846 0.500037 0.0361783 0.500037 0.0374524
3319.27 35.1704 0.500035 0.034928 0.500036 0.0361793
3354.44 35.7764 0.500034 0.0337005 0.500035 0.0349289
3390.22 36.4034 0.500033 0.0324957 0.500034 0.0337014
3426.62 37.0526 0.500032 0.0313136 0.500033 0.0324966
3463.67 37.7253 0.50003 0.0301543 0.500031 0.0313146
3501.4 38.4226 0.500029 0.0290176 0.50003 0.0301552
3539.82 39.146 0.500028 0.0279036 0.500029 0.0290185
3578.97 39.897 0.500027 0.0268122 0.500028 0.0279045
3618.86 40.6771 0.500026 0.0257434 0.500027 0.0268131
3659.54 41.488 0.500025 0.0246972 0.500026 0.0257443
3701.03 42.3316 0.500024 0.0236735 0.500025 0.0246981
3743.36 43.2099 0.500023 0.0226723 0.500024 0.0236744
3786.57 44.125 0.500022 0.0216936 0.500023 0.0226732
3830.69 45.0793 0.500021 0.0207374 0.500022 0.0216945
3875.77 46.0754 0.50002 0.0198035 0.500021 0.0207383
3921.85 47.116 0.500019 0.0188921 0.50002 0.0198044
3968.97 48.2041 0.500018 0.0180029 0.500019 0.018893
4017.17 49.3431 0.500017 0.0171361 0.500018 0.0180039
4066.51 50.5365 0.500017 0.0162916 0.500017 0.017137
4117.05 51.7882 0.500016 0.0154693 0.500016 0.0162925
4168.84 53.1028 0.500015 0.0146693 0.500015 0.0154702
4221.94 54.4848 0.500014 0.0138913 0.500015 0.0146702
4276.42 55.9396 0.500013 0.0131355 0.500014 0.0138922
4332.36 57.473 0.500013 0.0124018 0.500013 0.0131364
4389.84 59.0915 0.500012 0.0116902 0.500012 0.0124027
4448.93 60.8023 0.500011 0.0110005 0.500012 0.0116911
4509.73 62.6134 0.50001 0.0103328 0.500011 0.0110014
4572.34 64.5337 0.50001 0.009687 0.50001 0.0103337
4636.88 66.5733 0.500009 0.00906305 0.50001 0.00968789
4703.45 68.7434 0.500009 0.0084609 0.500009 0.00906394
4772.2 71.057 0.500008 0.00788049 0.500008 0.00846179
4843.25 73.5283 0.500007 0.00732178 0.500008 0.00788138
4916.78 76.1739 0.500007 0.00678471 0.500007 0.00732267
4992.95 79.0125 0.500006 0.0062692 0.500007 0.00678559
5071.97 82.0657 0.500006 0.00577519 0.500006 0.00627008
5154.03 85.3583 0.500005 0.00530261 0.500006 0.00577607
5239.39 88.9191 0.500005 0.00485139 0.500005 0.00530349
5328.31 92.7816 0.500005 0.00442145 0.500005 0.00485226
5421.09 96.985 0.500004 0.0040127 0.500004 0.00442232
5518.08 101.576 0.500004 0.00362504 0.500004 0.00401356
5619.65 106.608 0.500003 0.00325839 0.500004 0.0036259
5726.26 112.148 0.500003 0.00291263 0.500003 0.00325924
5838.41 118.275 0.500003 0.00258764 0.500003 0.00291348
5956.68 125.084 0.500002 0.0022833 0.500003 0.00258848
6081.77 132.692 0.500002 0.00199947 0.500002 0.00228414
6214.46 141.247 0.500002 0.00173598 0.500002 0.0020003
6355.71 150.929 0.500002 0.00149268 0.500002 0.00173681
6506.64 161.97 0.500001 0.00126936 0.500001 0.0014935
6668.61 174.669 0.500001 0.00106581 0.500001 0.00127017
6843.27 189.414 0.500001 0.000881772 0.500001 0.0010666
7032.69 206.723 0.500001 0.000716965 0.500001 0.000882555
7239.41 227.298 0.500001 0.000571054 0.500001 0.000717734
7466.71 252.116 0.5 0.000443649 0.500001 0.000571806
7718.83 282.569 0.5 0.000334284 0.5 0.000444382
8001.4 320.707 0.5 0.000242401 0.5 0.000334995
8322.1 369.662 0.5 0.000167315 0.5 0.000243084
8691.76 434.439 0.5 0.000108171 0.5 0.000167963
9126.2 523.486 0.5 6.3893e-05 0.5 0.000108778
9649.69 652.083 0.5 3.30909e-05 0.5 6.44456e-05
