0 111893
1 9519.01
2 9510.94
3 9504.63
4 9499.28
5 9494.58
6 9490.33
7 9486.43
8 9482.82
9 9479.44
10 9476.26
11 9473.24
12 9470.37
13 9467.63
14 9465.01
15 9462.48
16 9460.05
17 9457.7
18 9455.43
19 9453.23
20 9451.1
21 9449.03
22 9447.01
23 9445.05
24 9443.13
25 9441.26
26 9439.44
27 9437.66
28 9435.91
29 9434.21
30 9432.54
31 9430.9
32 9429.29
33 9427.71
34 9426.17
35 9424.65
36 9423.15
37 9421.68
38 9420.24
39 9418.82
40 9417.42
41 9416.05
42 9414.69
43 9413.36
44 9412.04
45 9410.75
46 9409.47
47 9408.21
48 9406.96
49 9405.74
50 9404.53
51 9403.33
52 9402.15
53 9400.99
54 9399.83
55 9398.7
56 9397.57
57 9396.46
58 9395.36
59 9394.28
60 9393.21
61 9392.14
62 9391.09
63 9390.06
64 9389.03
65 9388.01
66 9387.01
67 9386.01
68 9385.02
69 9384.05
70 9383.08
71 9382.12
72 9381.18
73 9380.24
74 9379.31
75 9378.39
76 9377.47
77 9376.57
78 9375.67
79 9374.78
80 9373.9
81 9373.03
82 9372.16
83 9371.31
84 9370.46
85 9369.61
86 9368.78
87 9367.95
88 9367.13
89 9366.31
90 9365.5
91 9364.7
92 9363.9
93 9363.11
94 9362.33
95 9361.55
96 9360.78
97 9360.01
98 9359.25
99 9358.5
100 9357.75
101 9357
102 9356.27
103 9355.53
104 9354.81
105 9354.08
106 9353.37
107 9352.66
108 9351.95
109 9351.25
110 9350.55
111 9349.86
112 9349.17
113 9348.49
114 9347.81
115 9347.13
116 9346.46
117 9345.8
118 9345.14
119 9344.48
120 9343.83
121 9343.18
122 9342.54
123 9341.9
124 9341.26
125 9340.63
126 9340
127 9339.38
128 9338.76
129 9338.14
130 9337.53
131 9336.92
132 9336.32
133 9335.72
134 9335.12
135 9334.53
136 9333.93
137 9333.35
138 9332.76
139 9332.18
140 9331.61
141 9331.03
142 9330.46
143 9329.89
144 9329.33
145 9328.77
146 9328.21
147 9327.66
148 9327.11
149 9326.56
150 9326.01
151 9325.47
152 9324.93
153 9324.39
154 9323.86
155 9323.33
156 9322.8
157 9322.27
158 9321.75
159 9321.23
160 9320.72
161 9320.2
162 9319.69
163 9319.18
164 9318.67
165 9318.17
166 9317.67
167 9317.17
168 9316.67
169 9316.18
170 9315.69
171 9315.2
172 9314.71
173 9314.23
174 9313.75
175 9313.27
176 9312.79
177 9312.32
178 9311.85
179 9311.38
180 9310.91
181 9310.44
182 9309.98
183 9309.52
184 9309.06
185 9308.6
186 9308.15
187 9307.69
188 9307.24
189 9306.8
190 9306.35
191 9305.91
192 9305.46
193 9305.02
194 9304.59
195 9304.15
196 9303.72
197 9303.28
198 9302.85
199 9302.42
200 9302
201 9301.57
202 9301.15
203 9300.73
204 9300.31
205 9299.89
206 9299.48
207 9299.06
208 9298.65
209 9298.24
210 9297.83
211 9297.43
212 9297.02
213 9296.62
214 9296.22
215 9295.82
216 9295.42
217 9295.02
218 9294.63
219 9294.24
220 9293.85
221 9293.46
222 9293.07
223 9292.68
224 9292.3
225 9291.91
226 9291.53
227 9291.15
228 9290.77
229 9290.39
230 9290.02
231 9289.64
232 9289.27
233 9288.9
234 9288.53
235 9288.16
236 9287.8
237 9287.43
238 9287.07
239 9286.7
240 9286.34
241 9285.98
242 9285.62
243 9285.27
244 9284.91
245 9284.56
246 9284.2
247 9283.85
248 9283.5
249 9283.15
250 9282.81
251 9282.46
252 9282.11
253 9281.77
254 9281.43
255 9281.09
256 9280.75
257 9280.41
258 9280.07
259 9279.73
260 9279.4
261 9279.07
262 9278.73
263 9278.4
264 9278.07
265 9277.74
266 9277.42
267 9277.09
268 9276.76
269 9276.44
270 9276.12
271 9275.8
272 9275.47
273 9275.15
274 9274.84
275 9274.52
276 9274.2
277 9273.89
278 9273.57
279 9273.26
280 9272.95
281 9272.64
282 9272.33
283 9272.02
284 9271.71
285 9271.41
286 9271.1
287 9270.8
288 9270.49
289 9270.19
290 9269.89
291 9269.59
292 9269.29
293 9268.99
294 9268.69
295 9268.4
296 9268.1
297 9267.81
298 9267.51
299 9267.22
300 9266.93
301 9266.64
302 9266.35
303 9266.06
304 9265.77
305 9265.49
306 9265.2
307 9264.92
308 9264.63
309 9264.35
310 9264.07
311 9263.79
312 9263.51
313 9263.23
314 9262.95
315 9262.67
316 9262.4
317 9262.12
318 9261.84
319 9261.57
320 9261.3
321 9261.03
322 9260.75
323 9260.48
324 9260.21
325 9259.94
326 9259.68
327 9259.41
328 9259.14
329 9258.88
330 9258.61
331 9258.35
332 9258.08
333 9257.82
334 9257.56
335 9257.3
336 9257.04
337 9256.78
338 9256.52
339 9256.26
340 9256.01
341 9255.75
342 9255.5
343 9255.24
344 9254.99
345 9254.74
346 9254.48
347 9254.23
348 9253.98
349 9253.73
350 9253.48
351 9253.23
352 9252.98
353 9252.74
354 9252.49
355 9252.25
356 9252
357 9251.76
358 9251.51
359 9251.27
360 9251.03
361 9250.79
362 9250.55
363 9250.31
364 9250.07
365 9249.83
366 9249.59
367 9249.35
368 9249.12
369 9248.88
370 9248.64
371 9248.41
372 9248.18
373 9247.94
374 9247.71
375 9247.48
376 9247.25
377 9247.02
378 9246.79
379 9246.56
380 9246.33
381 9246.1
382 9245.87
383 9245.64
384 9245.42
385 9245.19
386 9244.97
387 9244.74
388 9244.52
389 9244.3
390 9244.07
391 9243.85
392 9243.63
393 9243.41
394 9243.19
395 9242.97
396 9242.75
397 9242.53
398 9242.31
399 9242.1
400 9241.88
401 9241.66
402 9241.45
403 9241.23
404 9241.02
405 9240.81
406 9240.59
407 9240.38
408 9240.17
409 9239.96
410 9239.75
411 9239.54
412 9239.33
413 9239.12
414 9238.91
415 9238.7
416 9238.49
417 9238.28
418 9238.08
419 9237.87
420 9237.67
421 9237.46
422 9237.26
423 9237.05
424 9236.85
425 9236.65
426 9236.44
427 9236.24
428 9236.04
429 9235.84
430 9235.64
431 9235.44
432 9235.24
433 9235.04
434 9234.84
435 9234.65
436 9234.45
437 9234.25
438 9234.05
439 9233.86
440 9233.66
441 9233.47
442 9233.27
443 9233.08
444 9232.89
445 9232.69
446 9232.5
447 9232.31
448 9232.12
449 9231.93
450 9231.74
451 9231.55
452 9231.36
453 9231.17
454 9230.98
455 9230.79
456 9230.6
457 9230.42
458 9230.23
459 9230.04
460 9229.86
461 9229.67
462 9229.49
463 9229.3
464 9229.12
465 9228.93
466 9228.75
467 9228.57
468 9228.38
469 9228.2
470 9228.02
471 9227.84
472 9227.66
473 9227.48
474 9227.3
475 9227.12
476 9226.94
477 9226.76
478 9226.58
479 9226.41
480 9226.23
481 9226.05
482 9225.87
483 9225.7
484 9225.52
485 9225.35
486 9225.17
487 9225
488 9224.82
489 9224.65
490 9224.48
491 9224.3
492 9224.13
493 9223.96
494 9223.79
495 9223.62
496 9223.45
497 9223.28
498 9223.11
499 9222.94
500 9222.77
501 9222.6
502 9222.43
503 9222.26
504 9222.09
505 9221.93
506 9221.76
507 9221.59
508 9221.43
509 9221.26
510 9221.09
511 9220.93
512 9220.76
513 9220.6
514 9220.44
515 9220.27
516 9220.11
517 9219.95
518 9219.78
519 9219.62
520 9219.46
521 9219.3
522 9219.14
523 9218.98
524 9218.82
525 9218.66
526 9218.5
527 9218.34
528 9218.18
529 9218.02
530 9217.86
531 9217.7
532 9217.55
533 9217.39
534 9217.23
535 9217.07
536 9216.92
537 9216.76
538 9216.61
539 9216.45
540 9216.3
541 9216.14
542 9215.99
543 9215.83
544 9215.68
545 9215.53
546 9215.37
547 9215.22
548 9215.07
549 9214.92
550 9214.76
551 9214.61
552 9214.46
553 9214.31
554 9214.16
555 9214.01
556 9213.86
557 9213.71
558 9213.56
559 9213.41
560 9213.27
561 9213.12
562 9212.97
563 9212.82
564 9212.68
565 9212.53
566 9212.38
567 9212.24
568 9212.09
569 9211.94
570 9211.8
571 9211.65
572 9211.51
573 9211.36
574 9211.22
575 9211.08
576 9210.93
577 9210.79
578 9210.65
579 9210.5
580 9210.36
581 9210.22
582 9210.08
583 9209.94
584 9209.79
585 9209.65
586 9209.51
587 9209.37
588 9209.23
589 9209.09
590 9208.95
591 9208.81
592 9208.67
593 9208.54
594 9208.4
595 9208.26
596 9208.12
597 9207.98
598 9207.85
599 9207.71
600 9207.57
601 9207.44
602 9207.3
603 9207.16
604 9207.03
605 9206.89
606 9206.76
607 9206.62
608 9206.49
609 9206.35
610 9206.22
611 9206.09
612 9205.95
613 9205.82
614 9205.69
615 9205.55
616 9205.42
617 9205.29
618 9205.16
619 9205.03
620 9204.89
621 9204.76
622 9204.63
623 9204.5
624 9204.37
625 9204.24
626 9204.11
627 9203.98
628 9203.85
629 9203.72
630 9203.59
631 9203.47
632 9203.34
633 9203.21
634 9203.08
635 9202.95
636 9202.83
637 9202.7
638 9202.57
639 9202.44
640 9202.32
641 9202.19
642 9202.07
643 9201.94
644 9201.82
645 9201.69
646 9201.56
647 9201.44
648 9201.32
649 9201.19
650 9201.07
651 9200.94
652 9200.82
653 9200.7
654 9200.57
655 9200.45
656 9200.33
657 9200.21
658 9200.08
659 9199.96
660 9199.84
661 9199.72
662 9199.6
663 9199.48
664 9199.36
665 9199.23
666 9199.11
667 9198.99
668 9198.87
669 9198.75
670 9198.64
671 9198.52
672 9198.4
673 9198.28
674 9198.16
675 9198.04
676 9197.92
677 9197.81
678 9197.69
679 9197.57
680 9197.45
681 9197.34
682 9197.22
683 9197.1
684 9196.99
685 9196.87
686 9196.75
687 9196.64
688 9196.52
689 9196.41
690 9196.29
691 9196.18
692 9196.06
693 9195.95
694 9195.83
695 9195.72
696 9195.61
697 9195.49
698 9195.38
699 9195.26
700 9195.15
701 9195.04
702 9194.93
703 9194.81
704 9194.7
705 9194.59
706 9194.48
707 9194.37
708 9194.25
709 9194.14
710 9194.03
711 9193.92
712 9193.81
713 9193.7
714 9193.59
715 9193.48
716 9193.37
717 9193.26
718 9193.15
719 9193.04
720 9192.93
721 9192.82
722 9192.72
723 9192.61
724 9192.5
725 9192.39
726 9192.28
727 9192.17
728 9192.07
729 9191.96
730 9191.85
731 9191.75
732 9191.64
733 9191.53
734 9191.43
735 9191.32
736 9191.21
737 9191.11
738 9191
739 9190.9
740 9190.79
741 9190.69
742 9190.58
743 9190.48
744 9190.37
745 9190.27
746 9190.16
747 9190.06
748 9189.96
749 9189.85
750 9189.75
751 9189.64
752 9189.54
753 9189.44
754 9189.34
755 9189.23
756 9189.13
757 9189.03
758 9188.93
759 9188.82
760 9188.72
761 9188.62
762 9188.52
763 9188.42
764 9188.32
765 9188.22
766 9188.12
767 9188.02
768 9187.91
769 9187.81
770 9187.71
771 9187.61
772 9187.52
773 9187.42
774 9187.32
775 9187.22
776 9187.12
777 9187.02
778 9186.92
779 9186.82
780 9186.72
781 9186.63
782 9186.53
783 9186.43
784 9186.33
785 9186.23
786 9186.14
787 9186.04
788 9185.94
789 9185.85
790 9185.75
791 9185.65
792 9185.56
793 9185.46
794 9185.36
795 9185.27
796 9185.17
797 9185.08
798 9184.98
799 9184.89
800 9184.79
801 9184.7
802 9184.6
803 9184.51
804 9184.41
805 9184.32
806 9184.22
807 9184.13
808 9184.04
809 9183.94
810 9183.85
811 9183.76
812 9183.66
813 9183.57
814 9183.48
815 9183.38
816 9183.29
817 9183.2
818 9183.11
819 9183.01
820 9182.92
821 9182.83
822 9182.74
823 9182.65
824 9182.55
825 9182.46
826 9182.37
827 9182.28
828 9182.19
829 9182.1
830 9182.01
831 9181.92
832 9181.83
833 9181.74
834 9181.65
835 9181.56
836 9181.47
837 9181.38
838 9181.29
839 9181.2
840 9181.11
841 9181.02
842 9180.93
843 9180.85
844 9180.76
845 9180.67
846 9180.58
847 9180.49
848 9180.4
849 9180.32
850 9180.23
851 9180.14
852 9180.05
853 9179.97
854 9179.88
855 9179.79
856 9179.71
857 9179.62
858 9179.53
859 9179.45
860 9179.36
861 9179.27
862 9179.19
863 9179.1
864 9179.02
865 9178.93
866 9178.84
867 9178.76
868 9178.67
869 9178.59
870 9178.5
871 9178.42
872 9178.33
873 9178.25
874 9178.17
875 9178.08
876 9178
877 9177.91
878 9177.83
879 9177.75
880 9177.66
881 9177.58
882 9177.5
883 9177.41
884 9177.33
885 9177.25
886 9177.16
887 9177.08
888 9177
889 9176.92
890 9176.83
891 9176.75
892 9176.67
893 9176.59
894 9176.5
895 9176.42
896 9176.34
897 9176.26
898 9176.18
899 9176.1
900 9176.02
901 9175.94
902 9175.85
903 9175.77
904 9175.69
905 9175.61
906 9175.53
907 9175.45
908 9175.37
909 9175.29
910 9175.21
911 9175.13
912 9175.05
913 9174.97
914 9174.89
915 9174.82
916 9174.74
917 9174.66
918 9174.58
919 9174.5
920 9174.42
921 9174.34
922 9174.26
923 9174.19
924 9174.11
925 9174.03
926 9173.95
927 9173.87
928 9173.8
929 9173.72
930 9173.64
931 9173.56
932 9173.49
933 9173.41
934 9173.33
935 9173.26
936 9173.18
937 9173.1
938 9173.03
939 9172.95
940 9172.87
941 9172.8
942 9172.72
943 9172.64
944 9172.57
945 9172.49
946 9172.42
947 9172.34
948 9172.27
949 9172.19
950 9172.12
951 9172.04
952 9171.97
953 9171.89
954 9171.82
955 9171.74
956 9171.67
957 9171.59
958 9171.52
959 9171.45
960 9171.37
961 9171.3
962 9171.22
963 9171.15
964 9171.08
965 9171
966 9170.93
967 9170.86
968 9170.78
969 9170.71
970 9170.64
971 9170.56
972 9170.49
973 9170.42
974 9170.35
975 9170.27
976 9170.2
977 9170.13
978 9170.06
979 9169.98
980 9169.91
981 9169.84
982 9169.77
983 9169.7
984 9169.63
985 9169.56
986 9169.48
987 9169.41
988 9169.34
989 9169.27
990 9169.2
991 9169.13
992 9169.06
993 9168.99
994 9168.92
995 9168.85
996 9168.78
997 9168.71
998 9168.64
999 9168.57
1000 9168.5
1001 9168.43
1002 9168.36
1003 9168.29
1004 9168.22
1005 9168.15
1006 9168.08
1007 9168.01
1008 9167.94
1009 9167.87
1010 9167.8
1011 9167.74
1012 9167.67
1013 9167.6
1014 9167.53
1015 9167.46
1016 9167.39
1017 9167.33
1018 9167.26
1019 9167.19
1020 9167.12
1021 9167.05
1022 9166.99
1023 9166.92
1024 9166.85
1025 9166.78
1026 9166.72
1027 9166.65
1028 9166.58
1029 9166.52
1030 9166.45
1031 9166.38
1032 9166.31
1033 9166.25
1034 9166.18
1035 9166.12
1036 9166.05
1037 9165.98
1038 9165.92
1039 9165.85
1040 9165.78
1041 9165.72
1042 9165.65
1043 9165.59
1044 9165.52
1045 9165.46
1046 9165.39
1047 9165.33
1048 9165.26
1049 9165.2
1050 9165.13
1051 9165.07
1052 9165
1053 9164.94
1054 9164.87
1055 9164.81
1056 9164.74
1057 9164.68
1058 9164.61
1059 9164.55
1060 9164.49
1061 9164.42
1062 9164.36
1063 9164.29
1064 9164.23
1065 9164.17
1066 9164.1
1067 9164.04
1068 9163.98
1069 9163.91
1070 9163.85
1071 9163.79
1072 9163.72
1073 9163.66
1074 9163.6
1075 9163.53
1076 9163.47
1077 9163.41
1078 9163.35
1079 9163.28
1080 9163.22
1081 9163.16
1082 9163.1
1083 9163.04
1084 9162.97
1085 9162.91
1086 9162.85
1087 9162.79
1088 9162.73
1089 9162.67
1090 9162.6
1091 9162.54
1092 9162.48
1093 9162.42
1094 9162.36
1095 9162.3
1096 9162.24
1097 9162.18
1098 9162.12
1099 9162.05
1100 9161.99
1101 9161.93
1102 9161.87
1103 9161.81
1104 9161.75
1105 9161.69
1106 9161.63
1107 9161.57
1108 9161.51
1109 9161.45
1110 9161.39
1111 9161.33
1112 9161.27
1113 9161.21
1114 9161.15
1115 9161.09
1116 9161.04
1117 9160.98
1118 9160.92
1119 9160.86
1120 9160.8
1121 9160.74
1122 9160.68
1123 9160.62
1124 9160.56
1125 9160.5
1126 9160.45
1127 9160.39
1128 9160.33
1129 9160.27
1130 9160.21
1131 9160.16
1132 9160.1
1133 9160.04
1134 9159.98
1135 9159.92
1136 9159.87
1137 9159.81
1138 9159.75
1139 9159.69
1140 9159.64
1141 9159.58
1142 9159.52
1143 9159.46
1144 9159.41
1145 9159.35
1146 9159.29
1147 9159.24
1148 9159.18
1149 9159.12
1150 9159.07
1151 9159.01
1152 9158.95
1153 9158.9
1154 9158.84
1155 9158.78
1156 9158.73
1157 9158.67
1158 9158.62
1159 9158.56
1160 9158.5
1161 9158.45
1162 9158.39
1163 9158.34
1164 9158.28
1165 9158.23
1166 9158.17
1167 9158.11
1168 9158.06
1169 9158
1170 9157.95
1171 9157.89
1172 9157.84
1173 9157.78
1174 9157.73
1175 9157.67
1176 9157.62
1177 9157.57
1178 9157.51
1179 9157.46
1180 9157.4
1181 9157.35
1182 9157.29
1183 9157.24
1184 9157.18
1185 9157.13
1186 9157.08
1187 9157.02
1188 9156.97
1189 9156.92
1190 9156.86
1191 9156.81
1192 9156.75
1193 9156.7
1194 9156.65
1195 9156.59
1196 9156.54
1197 9156.49
1198 9156.43
1199 9156.38
1200 9156.33
1201 9156.28
1202 9156.22
1203 9156.17
1204 9156.12
1205 9156.06
1206 9156.01
1207 9155.96
1208 9155.91
1209 9155.85
1210 9155.8
1211 9155.75
1212 9155.7
1213 9155.65
1214 9155.59
1215 9155.54
1216 9155.49
1217 9155.44
1218 9155.39
1219 9155.34
1220 9155.28
1221 9155.23
1222 9155.18
1223 9155.13
1224 9155.08
1225 9155.03
1226 9154.98
1227 9154.92
1228 9154.87
1229 9154.82
1230 9154.77
1231 9154.72
1232 9154.67
1233 9154.62
1234 9154.57
1235 9154.52
1236 9154.47
1237 9154.42
1238 9154.37
1239 9154.32
1240 9154.27
1241 9154.22
1242 9154.17
1243 9154.12
1244 9154.07
1245 9154.02
1246 9153.97
1247 9153.92
1248 9153.87
1249 9153.82
1250 9153.77
1251 9153.72
1252 9153.67
1253 9153.62
1254 9153.57
1255 9153.52
1256 9153.47
1257 9153.42
1258 9153.37
1259 9153.32
1260 9153.27
1261 9153.22
1262 9153.18
1263 9153.13
1264 9153.08
1265 9153.03
1266 9152.98
1267 9152.93
1268 9152.88
1269 9152.84
1270 9152.79
1271 9152.74
1272 9152.69
1273 9152.64
1274 9152.59
1275 9152.55
1276 9152.5
1277 9152.45
1278 9152.4
1279 9152.35
1280 9152.31
1281 9152.26
1282 9152.21
1283 9152.16
1284 9152.12
1285 9152.07
1286 9152.02
1287 9151.97
1288 9151.93
1289 9151.88
1290 9151.83
1291 9151.79
1292 9151.74
1293 9151.69
1294 9151.64
1295 9151.6
1296 9151.55
1297 9151.5
1298 9151.46
1299 9151.41
1300 9151.36
1301 9151.32
1302 9151.27
1303 9151.23
1304 9151.18
1305 9151.13
1306 9151.09
1307 9151.04
1308 9150.99
1309 9150.95
1310 9150.9
1311 9150.86
1312 9150.81
1313 9150.77
1314 9150.72
1315 9150.67
1316 9150.63
1317 9150.58
1318 9150.54
1319 9150.49
1320 9150.45
1321 9150.4
1322 9150.36
1323 9150.31
1324 9150.27
1325 9150.22
1326 9150.18
1327 9150.13
1328 9150.09
1329 9150.04
1330 9150
1331 9149.95
1332 9149.91
1333 9149.86
1334 9149.82
1335 9149.77
1336 9149.73
1337 9149.68
1338 9149.64
1339 9149.6
1340 9149.55
1341 9149.51
1342 9149.46
1343 9149.42
1344 9149.37
1345 9149.33
1346 9149.29
1347 9149.24
1348 9149.2
1349 9149.16
1350 9149.11
1351 9149.07
1352 9149.02
1353 9148.98
1354 9148.94
1355 9148.89
1356 9148.85
1357 9148.81
1358 9148.76
1359 9148.72
1360 9148.68
1361 9148.63
1362 9148.59
1363 9148.55
1364 9148.51
1365 9148.46
1366 9148.42
1367 9148.38
1368 9148.33
1369 9148.29
1370 9148.25
1371 9148.21
1372 9148.16
1373 9148.12
1374 9148.08
1375 9148.04
1376 9148
1377 9147.95
1378 9147.91
1379 9147.87
1380 9147.83
1381 9147.78
1382 9147.74
1383 9147.7
1384 9147.66
1385 9147.62
1386 9147.58
1387 9147.53
1388 9147.49
1389 9147.45
1390 9147.41
1391 9147.37
1392 9147.33
1393 9147.28
1394 9147.24
1395 9147.2
1396 9147.16
1397 9147.12
1398 9147.08
1399 9147.04
1400 9147
1401 9146.95
1402 9146.91
1403 9146.87
1404 9146.83
1405 9146.79
1406 9146.75
1407 9146.71
1408 9146.67
1409 9146.63
1410 9146.59
1411 9146.55
1412 9146.51
1413 9146.47
1414 9146.43
1415 9146.39
1416 9146.35
1417 9146.31
1418 9146.27
1419 9146.23
1420 9146.19
1421 9146.15
1422 9146.11
1423 9146.07
1424 9146.03
1425 9145.99
1426 9145.95
1427 9145.91
1428 9145.87
1429 9145.83
1430 9145.79
1431 9145.75
1432 9145.71
1433 9145.67
1434 9145.63
1435 9145.59
1436 9145.55
1437 9145.51
1438 9145.47
1439 9145.43
1440 9145.4
1441 9145.36
1442 9145.32
1443 9145.28
1444 9145.24
1445 9145.2
1446 9145.16
1447 9145.12
1448 9145.08
1449 9145.05
1450 9145.01
1451 9144.97
1452 9144.93
1453 9144.89
1454 9144.85
1455 9144.81
1456 9144.78
1457 9144.74
1458 9144.7
1459 9144.66
1460 9144.62
1461 9144.59
1462 9144.55
1463 9144.51
1464 9144.47
1465 9144.43
1466 9144.4
1467 9144.36
1468 9144.32
1469 9144.28
1470 9144.25
1471 9144.21
1472 9144.17
1473 9144.13
1474 9144.1
1475 9144.06
1476 9144.02
1477 9143.98
1478 9143.95
1479 9143.91
1480 9143.87
1481 9143.83
1482 9143.8
1483 9143.76
1484 9143.72
1485 9143.69
1486 9143.65
1487 9143.61
1488 9143.58
1489 9143.54
1490 9143.5
1491 9143.46
1492 9143.43
1493 9143.39
1494 9143.36
1495 9143.32
1496 9143.28
1497 9143.25
1498 9143.21
1499 9143.17
1500 9143.14
1501 9143.1
1502 9143.06
1503 9143.03
1504 9142.99
1505 9142.96
1506 9142.92
1507 9142.88
1508 9142.85
1509 9142.81
1510 9142.78
1511 9142.74
1512 9142.7
1513 9142.67
1514 9142.63
1515 9142.6
1516 9142.56
1517 9142.53
1518 9142.49
1519 9142.45
1520 9142.42
1521 9142.38
1522 9142.35
1523 9142.31
1524 9142.28
1525 9142.24
1526 9142.21
1527 9142.17
1528 9142.14
1529 9142.1
1530 9142.07
1531 9142.03
1532 9142
1533 9141.96
1534 9141.93
1535 9141.89
1536 9141.86
1537 9141.82
1538 9141.79
1539 9141.75
1540 9141.72
1541 9141.69
1542 9141.65
1543 9141.62
1544 9141.58
1545 9141.55
1546 9141.51
1547 9141.48
1548 9141.44
1549 9141.41
1550 9141.38
1551 9141.34
1552 9141.31
1553 9141.27
1554 9141.24
1555 9141.21
1556 9141.17
1557 9141.14
1558 9141.1
1559 9141.07
1560 9141.04
1561 9141
1562 9140.97
1563 9140.94
1564 9140.9
1565 9140.87
1566 9140.83
1567 9140.8
1568 9140.77
1569 9140.73
1570 9140.7
1571 9140.67
1572 9140.63
1573 9140.6
1574 9140.57
1575 9140.53
1576 9140.5
1577 9140.47
1578 9140.44
1579 9140.4
1580 9140.37
1581 9140.34
1582 9140.3
1583 9140.27
1584 9140.24
1585 9140.2
1586 9140.17
1587 9140.14
1588 9140.11
1589 9140.07
1590 9140.04
1591 9140.01
1592 9139.98
1593 9139.94
1594 9139.91
1595 9139.88
1596 9139.85
1597 9139.81
1598 9139.78
1599 9139.75
1600 9139.72
1601 9139.69
1602 9139.65
1603 9139.62
1604 9139.59
1605 9139.56
1606 9139.53
1607 9139.49
1608 9139.46
1609 9139.43
1610 9139.4
1611 9139.37
1612 9139.33
1613 9139.3
1614 9139.27
1615 9139.24
1616 9139.21
1617 9139.18
1618 9139.14
1619 9139.11
1620 9139.08
1621 9139.05
1622 9139.02
1623 9138.99
1624 9138.96
1625 9138.92
1626 9138.89
1627 9138.86
1628 9138.83
1629 9138.8
1630 9138.77
1631 9138.74
1632 9138.71
1633 9138.68
1634 9138.65
1635 9138.61
1636 9138.58
1637 9138.55
1638 9138.52
1639 9138.49
1640 9138.46
1641 9138.43
1642 9138.4
1643 9138.37
1644 9138.34
1645 9138.31
1646 9138.28
1647 9138.25
1648 9138.22
1649 9138.19
1650 9138.15
1651 9138.12
1652 9138.09
1653 9138.06
1654 9138.03
1655 9138
1656 9137.97
1657 9137.94
1658 9137.91
1659 9137.88
1660 9137.85
1661 9137.82
1662 9137.79
1663 9137.76
1664 9137.73
1665 9137.7
1666 9137.67
1667 9137.64
1668 9137.61
1669 9137.58
1670 9137.56
1671 9137.53
1672 9137.5
1673 9137.47
1674 9137.44
1675 9137.41
1676 9137.38
1677 9137.35
1678 9137.32
1679 9137.29
1680 9137.26
1681 9137.23
1682 9137.2
1683 9137.17
1684 9137.14
1685 9137.11
1686 9137.09
1687 9137.06
1688 9137.03
1689 9137
1690 9136.97
1691 9136.94
1692 9136.91
1693 9136.88
1694 9136.85
1695 9136.83
1696 9136.8
1697 9136.77
1698 9136.74
1699 9136.71
1700 9136.68
1701 9136.65
1702 9136.62
1703 9136.6
1704 9136.57
1705 9136.54
1706 9136.51
1707 9136.48
1708 9136.45
1709 9136.43
1710 9136.4
1711 9136.37
1712 9136.34
1713 9136.31
1714 9136.28
1715 9136.26
1716 9136.23
1717 9136.2
1718 9136.17
1719 9136.14
1720 9136.12
1721 9136.09
1722 9136.06
1723 9136.03
1724 9136
1725 9135.98
1726 9135.95
1727 9135.92
1728 9135.89
1729 9135.87
1730 9135.84
1731 9135.81
1732 9135.78
1733 9135.76
1734 9135.73
1735 9135.7
1736 9135.67
1737 9135.65
1738 9135.62
1739 9135.59
1740 9135.56
1741 9135.54
1742 9135.51
1743 9135.48
1744 9135.45
1745 9135.43
1746 9135.4
1747 9135.37
1748 9135.35
1749 9135.32
1750 9135.29
1751 9135.27
1752 9135.24
1753 9135.21
1754 9135.18
1755 9135.16
1756 9135.13
1757 9135.1
1758 9135.08
1759 9135.05
1760 9135.02
1761 9135
1762 9134.97
1763 9134.94
1764 9134.92
1765 9134.89
1766 9134.86
1767 9134.84
1768 9134.81
1769 9134.79
1770 9134.76
1771 9134.73
1772 9134.71
1773 9134.68
1774 9134.65
1775 9134.63
1776 9134.6
1777 9134.58
1778 9134.55
1779 9134.52
1780 9134.5
1781 9134.47
1782 9134.44
1783 9134.42
1784 9134.39
1785 9134.37
1786 9134.34
1787 9134.32
1788 9134.29
1789 9134.26
1790 9134.24
1791 9134.21
1792 9134.19
1793 9134.16
1794 9134.13
1795 9134.11
1796 9134.08
1797 9134.06
1798 9134.03
1799 9134.01
1800 9133.98
1801 9133.96
1802 9133.93
1803 9133.91
1804 9133.88
1805 9133.85
1806 9133.83
1807 9133.8
1808 9133.78
1809 9133.75
1810 9133.73
1811 9133.7
1812 9133.68
1813 9133.65
1814 9133.63
1815 9133.6
1816 9133.58
1817 9133.55
1818 9133.53
1819 9133.5
1820 9133.48
1821 9133.45
1822 9133.43
1823 9133.4
1824 9133.38
1825 9133.35
1826 9133.33
1827 9133.3
1828 9133.28
1829 9133.26
1830 9133.23
1831 9133.21
1832 9133.18
1833 9133.16
1834 9133.13
1835 9133.11
1836 9133.08
1837 9133.06
1838 9133.03
1839 9133.01
1840 9132.99
1841 9132.96
1842 9132.94
1843 9132.91
1844 9132.89
1845 9132.86
1846 9132.84
1847 9132.82
1848 9132.79
1849 9132.77
1850 9132.74
1851 9132.72
1852 9132.7
1853 9132.67
1854 9132.65
1855 9132.62
1856 9132.6
1857 9132.58
1858 9132.55
1859 9132.53
1860 9132.51
1861 9132.48
1862 9132.46
1863 9132.43
1864 9132.41
1865 9132.39
1866 9132.36
1867 9132.34
1868 9132.32
1869 9132.29
1870 9132.27
1871 9132.25
1872 9132.22
1873 9132.2
1874 9132.18
1875 9132.15
1876 9132.13
1877 9132.11
1878 9132.08
1879 9132.06
1880 9132.04
1881 9132.01
1882 9131.99
1883 9131.97
1884 9131.94
1885 9131.92
1886 9131.9
1887 9131.87
1888 9131.85
1889 9131.83
1890 9131.8
1891 9131.78
1892 9131.76
1893 9131.74
1894 9131.71
1895 9131.69
1896 9131.67
1897 9131.64
1898 9131.62
1899 9131.6
1900 9131.58
1901 9131.55
1902 9131.53
1903 9131.51
1904 9131.49
1905 9131.46
1906 9131.44
1907 9131.42
1908 9131.4
1909 9131.37
1910 9131.35
1911 9131.33
1912 9131.31
1913 9131.28
1914 9131.26
1915 9131.24
1916 9131.22
1917 9131.19
1918 9131.17
1919 9131.15
1920 9131.13
1921 9131.11
1922 9131.08
1923 9131.06
1924 9131.04
1925 9131.02
1926 9130.99
1927 9130.97
1928 9130.95
1929 9130.93
1930 9130.91
1931 9130.89
1932 9130.86
1933 9130.84
1934 9130.82
1935 9130.8
1936 9130.78
1937 9130.75
1938 9130.73
1939 9130.71
1940 9130.69
1941 9130.67
1942 9130.65
1943 9130.62
1944 9130.6
1945 9130.58
1946 9130.56
1947 9130.54
1948 9130.52
1949 9130.49
1950 9130.47
1951 9130.45
1952 9130.43
1953 9130.41
1954 9130.39
1955 9130.37
1956 9130.35
1957 9130.32
1958 9130.3
1959 9130.28
1960 9130.26
1961 9130.24
1962 9130.22
1963 9130.2
1964 9130.18
1965 9130.15
1966 9130.13
1967 9130.11
1968 9130.09
1969 9130.07
1970 9130.05
1971 9130.03
1972 9130.01
1973 9129.99
1974 9129.97
1975 9129.95
1976 9129.92
1977 9129.9
1978 9129.88
1979 9129.86
1980 9129.84
1981 9129.82
1982 9129.8
1983 9129.78
1984 9129.76
1985 9129.74
1986 9129.72
1987 9129.7
1988 9129.68
1989 9129.66
1990 9129.64
1991 9129.61
1992 9129.59
1993 9129.57
1994 9129.55
1995 9129.53
1996 9129.51
1997 9129.49
1998 9129.47
1999 9129.45
2000 9129.43
2001 9129.41
2002 9129.39
2003 9129.37
2004 9129.35
2005 9129.33
2006 9129.31
2007 9129.29
2008 9129.27
2009 9129.25
2010 9129.23
2011 9129.21
2012 9129.19
2013 9129.17
2014 9129.15
2015 9129.13
2016 9129.11
2017 9129.09
2018 9129.07
2019 9129.05
2020 9129.03
2021 9129.01
2022 9128.99
2023 9128.97
2024 9128.95
2025 9128.93
2026 9128.91
2027 9128.89
2028 9128.87
2029 9128.85
2030 9128.83
2031 9128.81
2032 9128.8
2033 9128.78
2034 9128.76
2035 9128.74
2036 9128.72
2037 9128.7
2038 9128.68
2039 9128.66
2040 9128.64
2041 9128.62
2042 9128.6
2043 9128.58
2044 9128.56
2045 9128.54
2046 9128.52
2047 9128.5
2048 9128.49
2049 9128.47
2050 9128.45
2051 9128.43
2052 9128.41
2053 9128.39
2054 9128.37
2055 9128.35
2056 9128.33
2057 9128.31
2058 9128.3
2059 9128.28
2060 9128.26
2061 9128.24
2062 9128.22
2063 9128.2
2064 9128.18
2065 9128.16
2066 9128.14
2067 9128.13
2068 9128.11
2069 9128.09
2070 9128.07
2071 9128.05
2072 9128.03
2073 9128.01
2074 9127.99
2075 9127.98
2076 9127.96
2077 9127.94
2078 9127.92
2079 9127.9
2080 9127.88
2081 9127.86
2082 9127.85
2083 9127.83
2084 9127.81
2085 9127.79
2086 9127.77
2087 9127.75
2088 9127.74
2089 9127.72
2090 9127.7
2091 9127.68
2092 9127.66
2093 9127.64
2094 9127.63
2095 9127.61
2096 9127.59
2097 9127.57
2098 9127.55
2099 9127.54
2100 9127.52
2101 9127.5
2102 9127.48
2103 9127.46
2104 9127.45
2105 9127.43
2106 9127.41
2107 9127.39
2108 9127.37
2109 9127.36
2110 9127.34
2111 9127.32
2112 9127.3
2113 9127.28
2114 9127.27
2115 9127.25
2116 9127.23
2117 9127.21
2118 9127.2
2119 9127.18
2120 9127.16
2121 9127.14
2122 9127.12
2123 9127.11
2124 9127.09
2125 9127.07
2126 9127.05
2127 9127.04
2128 9127.02
2129 9127
2130 9126.98
2131 9126.97
2132 9126.95
2133 9126.93
2134 9126.91
2135 9126.9
2136 9126.88
2137 9126.86
2138 9126.85
2139 9126.83
2140 9126.81
2141 9126.79
2142 9126.78
2143 9126.76
2144 9126.74
2145 9126.72
2146 9126.71
2147 9126.69
2148 9126.67
2149 9126.66
2150 9126.64
2151 9126.62
2152 9126.6
2153 9126.59
2154 9126.57
2155 9126.55
2156 9126.54
2157 9126.52
2158 9126.5
2159 9126.49
2160 9126.47
2161 9126.45
2162 9126.44
2163 9126.42
2164 9126.4
2165 9126.38
2166 9126.37
2167 9126.35
2168 9126.33
2169 9126.32
2170 9126.3
2171 9126.28
2172 9126.27
2173 9126.25
2174 9126.23
2175 9126.22
2176 9126.2
2177 9126.18
2178 9126.17
2179 9126.15
2180 9126.13
2181 9126.12
2182 9126.1
2183 9126.09
2184 9126.07
2185 9126.05
2186 9126.04
2187 9126.02
2188 9126
2189 9125.99
2190 9125.97
2191 9125.95
2192 9125.94
2193 9125.92
2194 9125.91
2195 9125.89
2196 9125.87
2197 9125.86
2198 9125.84
2199 9125.82
2200 9125.81
2201 9125.79
2202 9125.78
2203 9125.76
2204 9125.74
2205 9125.73
2206 9125.71
2207 9125.7
2208 9125.68
2209 9125.66
2210 9125.65
2211 9125.63
2212 9125.62
2213 9125.6
2214 9125.58
2215 9125.57
2216 9125.55
2217 9125.54
2218 9125.52
2219 9125.5
2220 9125.49
2221 9125.47
2222 9125.46
2223 9125.44
2224 9125.43
2225 9125.41
2226 9125.39
2227 9125.38
2228 9125.36
2229 9125.35
2230 9125.33
2231 9125.32
2232 9125.3
2233 9125.29
2234 9125.27
2235 9125.25
2236 9125.24
2237 9125.22
2238 9125.21
2239 9125.19
2240 9125.18
2241 9125.16
2242 9125.15
2243 9125.13
2244 9125.12
2245 9125.1
2246 9125.08
2247 9125.07
2248 9125.05
2249 9125.04
2250 9125.02
2251 9125.01
2252 9124.99
2253 9124.98
2254 9124.96
2255 9124.95
2256 9124.93
2257 9124.92
2258 9124.9
2259 9124.89
2260 9124.87
2261 9124.86
2262 9124.84
2263 9124.83
2264 9124.81
2265 9124.8
2266 9124.78
2267 9124.77
2268 9124.75
2269 9124.74
2270 9124.72
2271 9124.71
2272 9124.69
2273 9124.68
2274 9124.66
2275 9124.65
2276 9124.63
2277 9124.62
2278 9124.6
2279 9124.59
2280 9124.57
2281 9124.56
2282 9124.54
2283 9124.53
2284 9124.51
2285 9124.5
2286 9124.49
2287 9124.47
2288 9124.46
2289 9124.44
2290 9124.43
2291 9124.41
2292 9124.4
2293 9124.38
2294 9124.37
2295 9124.35
2296 9124.34
2297 9124.32
2298 9124.31
2299 9124.3
2300 9124.28
2301 9124.27
2302 9124.25
2303 9124.24
2304 9124.22
2305 9124.21
2306 9124.2
2307 9124.18
2308 9124.17
2309 9124.15
2310 9124.14
2311 9124.12
2312 9124.11
2313 9124.1
2314 9124.08
2315 9124.07
2316 9124.05
2317 9124.04
2318 9124.02
2319 9124.01
2320 9124
2321 9123.98
2322 9123.97
2323 9123.95
2324 9123.94
2325 9123.93
2326 9123.91
2327 9123.9
2328 9123.88
2329 9123.87
2330 9123.86
2331 9123.84
2332 9123.83
2333 9123.81
2334 9123.8
2335 9123.79
2336 9123.77
2337 9123.76
2338 9123.74
2339 9123.73
2340 9123.72
2341 9123.7
2342 9123.69
2343 9123.68
2344 9123.66
2345 9123.65
2346 9123.63
2347 9123.62
2348 9123.61
2349 9123.59
2350 9123.58
2351 9123.57
2352 9123.55
2353 9123.54
2354 9123.53
2355 9123.51
2356 9123.5
2357 9123.49
2358 9123.47
2359 9123.46
2360 9123.44
2361 9123.43
2362 9123.42
2363 9123.4
2364 9123.39
2365 9123.38
2366 9123.36
2367 9123.35
2368 9123.34
2369 9123.32
2370 9123.31
2371 9123.3
2372 9123.28
2373 9123.27
2374 9123.26
2375 9123.24
2376 9123.23
2377 9123.22
2378 9123.2
2379 9123.19
2380 9123.18
2381 9123.16
2382 9123.15
2383 9123.14
2384 9123.13
2385 9123.11
2386 9123.1
2387 9123.09
2388 9123.07
2389 9123.06
2390 9123.05
2391 9123.03
2392 9123.02
2393 9123.01
2394 9122.99
2395 9122.98
2396 9122.97
2397 9122.96
2398 9122.94
2399 9122.93
2400 9122.92
2401 9122.9
2402 9122.89
2403 9122.88
2404 9122.87
2405 9122.85
2406 9122.84
2407 9122.83
2408 9122.81
2409 9122.8
2410 9122.79
2411 9122.78
2412 9122.76
2413 9122.75
2414 9122.74
2415 9122.73
2416 9122.71
2417 9122.7
2418 9122.69
2419 9122.67
2420 9122.66
2421 9122.65
2422 9122.64
2423 9122.62
2424 9122.61
2425 9122.6
2426 9122.59
2427 9122.57
2428 9122.56
2429 9122.55
2430 9122.54
2431 9122.52
2432 9122.51
2433 9122.5
2434 9122.49
2435 9122.47
2436 9122.46
2437 9122.45
2438 9122.44
2439 9122.43
2440 9122.41
2441 9122.4
2442 9122.39
2443 9122.38
2444 9122.36
2445 9122.35
2446 9122.34
2447 9122.33
2448 9122.31
2449 9122.3
2450 9122.29
2451 9122.28
2452 9122.27
2453 9122.25
2454 9122.24
2455 9122.23
2456 9122.22
2457 9122.21
2458 9122.19
2459 9122.18
2460 9122.17
2461 9122.16
2462 9122.15
2463 9122.13
2464 9122.12
2465 9122.11
2466 9122.1
2467 9122.09
2468 9122.07
2469 9122.06
2470 9122.05
2471 9122.04
2472 9122.03
2473 9122.01
2474 9122
2475 9121.99
2476 9121.98
2477 9121.97
2478 9121.95
2479 9121.94
2480 9121.93
2481 9121.92
2482 9121.91
2483 9121.9
2484 9121.88
2485 9121.87
2486 9121.86
2487 9121.85
2488 9121.84
2489 9121.83
2490 9121.81
2491 9121.8
2492 9121.79
2493 9121.78
2494 9121.77
2495 9121.76
2496 9121.74
2497 9121.73
2498 9121.72
2499 9121.71
2500 9121.7
2501 9121.69
2502 9121.67
2503 9121.66
2504 9121.65
2505 9121.64
2506 9121.63
2507 9121.62
2508 9121.61
2509 9121.59
2510 9121.58
2511 9121.57
2512 9121.56
2513 9121.55
2514 9121.54
2515 9121.53
2516 9121.52
2517 9121.5
2518 9121.49
2519 9121.48
2520 9121.47
2521 9121.46
2522 9121.45
2523 9121.44
2524 9121.42
2525 9121.41
2526 9121.4
2527 9121.39
2528 9121.38
2529 9121.37
2530 9121.36
2531 9121.35
2532 9121.34
2533 9121.32
2534 9121.31
2535 9121.3
2536 9121.29
2537 9121.28
2538 9121.27
2539 9121.26
2540 9121.25
2541 9121.24
2542 9121.23
2543 9121.21
2544 9121.2
2545 9121.19
2546 9121.18
2547 9121.17
2548 9121.16
2549 9121.15
2550 9121.14
2551 9121.13
2552 9121.12
2553 9121.1
2554 9121.09
2555 9121.08
2556 9121.07
2557 9121.06
2558 9121.05
2559 9121.04
2560 9121.03
2561 9121.02
2562 9121.01
2563 9121
2564 9120.99
2565 9120.98
2566 9120.96
2567 9120.95
2568 9120.94
2569 9120.93
2570 9120.92
2571 9120.91
2572 9120.9
2573 9120.89
2574 9120.88
2575 9120.87
2576 9120.86
2577 9120.85
2578 9120.84
2579 9120.83
2580 9120.82
2581 9120.81
2582 9120.8
2583 9120.78
2584 9120.77
2585 9120.76
2586 9120.75
2587 9120.74
2588 9120.73
2589 9120.72
2590 9120.71
2591 9120.7
2592 9120.69
2593 9120.68
2594 9120.67
2595 9120.66
2596 9120.65
2597 9120.64
2598 9120.63
2599 9120.62
2600 9120.61
2601 9120.6
2602 9120.59
2603 9120.58
2604 9120.57
2605 9120.56
2606 9120.55
2607 9120.54
2608 9120.53
2609 9120.52
2610 9120.51
2611 9120.5
2612 9120.49
2613 9120.48
2614 9120.46
2615 9120.45
2616 9120.44
2617 9120.43
2618 9120.42
2619 9120.41
2620 9120.4
2621 9120.39
2622 9120.38
2623 9120.37
2624 9120.36
2625 9120.35
2626 9120.34
2627 9120.33
2628 9120.32
2629 9120.31
2630 9120.3
2631 9120.29
2632 9120.28
2633 9120.27
2634 9120.26
2635 9120.25
2636 9120.24
2637 9120.23
2638 9120.22
2639 9120.21
2640 9120.21
2641 9120.2
2642 9120.19
2643 9120.18
2644 9120.17
2645 9120.16
2646 9120.15
2647 9120.14
2648 9120.13
2649 9120.12
2650 9120.11
2651 9120.1
2652 9120.09
2653 9120.08
2654 9120.07
2655 9120.06
2656 9120.05
2657 9120.04
2658 9120.03
2659 9120.02
2660 9120.01
2661 9120
2662 9119.99
2663 9119.98
2664 9119.97
2665 9119.96
2666 9119.95
2667 9119.94
2668 9119.93
2669 9119.92
2670 9119.91
2671 9119.91
2672 9119.9
2673 9119.89
2674 9119.88
2675 9119.87
2676 9119.86
2677 9119.85
2678 9119.84
2679 9119.83
2680 9119.82
2681 9119.81
2682 9119.8
2683 9119.79
2684 9119.78
2685 9119.77
2686 9119.76
2687 9119.75
2688 9119.75
2689 9119.74
2690 9119.73
2691 9119.72
2692 9119.71
2693 9119.7
2694 9119.69
2695 9119.68
2696 9119.67
2697 9119.66
2698 9119.65
2699 9119.64
2700 9119.63
2701 9119.62
2702 9119.62
2703 9119.61
2704 9119.6
2705 9119.59
2706 9119.58
2707 9119.57
2708 9119.56
2709 9119.55
2710 9119.54
2711 9119.53
2712 9119.52
2713 9119.52
2714 9119.51
2715 9119.5
2716 9119.49
2717 9119.48
2718 9119.47
2719 9119.46
2720 9119.45
2721 9119.44
2722 9119.43
2723 9119.42
2724 9119.42
2725 9119.41
2726 9119.4
2727 9119.39
2728 9119.38
2729 9119.37
2730 9119.36
2731 9119.35
2732 9119.34
2733 9119.34
2734 9119.33
2735 9119.32
2736 9119.31
2737 9119.3
2738 9119.29
2739 9119.28
2740 9119.27
2741 9119.27
2742 9119.26
2743 9119.25
2744 9119.24
2745 9119.23
2746 9119.22
2747 9119.21
2748 9119.2
2749 9119.2
2750 9119.19
2751 9119.18
2752 9119.17
2753 9119.16
2754 9119.15
2755 9119.14
2756 9119.13
2757 9119.13
2758 9119.12
2759 9119.11
2760 9119.1
2761 9119.09
2762 9119.08
2763 9119.07
2764 9119.07
2765 9119.06
2766 9119.05
2767 9119.04
2768 9119.03
2769 9119.02
2770 9119.01
2771 9119.01
2772 9119
2773 9118.99
2774 9118.98
2775 9118.97
2776 9118.96
2777 9118.96
2778 9118.95
2779 9118.94
2780 9118.93
2781 9118.92
2782 9118.91
2783 9118.9
2784 9118.9
2785 9118.89
2786 9118.88
2787 9118.87
2788 9118.86
2789 9118.85
2790 9118.85
2791 9118.84
2792 9118.83
2793 9118.82
2794 9118.81
2795 9118.8
2796 9118.8
2797 9118.79
2798 9118.78
2799 9118.77
2800 9118.76
2801 9118.76
2802 9118.75
2803 9118.74
2804 9118.73
2805 9118.72
2806 9118.71
2807 9118.71
2808 9118.7
2809 9118.69
2810 9118.68
2811 9118.67
2812 9118.67
2813 9118.66
2814 9118.65
2815 9118.64
2816 9118.63
2817 9118.63
2818 9118.62
2819 9118.61
2820 9118.6
2821 9118.59
2822 9118.58
2823 9118.58
2824 9118.57
2825 9118.56
2826 9118.55
2827 9118.54
2828 9118.54
2829 9118.53
2830 9118.52
2831 9118.51
2832 9118.51
2833 9118.5
2834 9118.49
2835 9118.48
2836 9118.47
2837 9118.47
2838 9118.46
2839 9118.45
2840 9118.44
2841 9118.43
2842 9118.43
2843 9118.42
2844 9118.41
2845 9118.4
2846 9118.39
2847 9118.39
2848 9118.38
2849 9118.37
2850 9118.36
2851 9118.36
2852 9118.35
2853 9118.34
2854 9118.33
2855 9118.32
2856 9118.32
2857 9118.31
2858 9118.3
2859 9118.29
2860 9118.29
2861 9118.28
2862 9118.27
2863 9118.26
2864 9118.26
2865 9118.25
2866 9118.24
2867 9118.23
2868 9118.23
2869 9118.22
2870 9118.21
2871 9118.2
2872 9118.19
2873 9118.19
2874 9118.18
2875 9118.17
2876 9118.16
2877 9118.16
2878 9118.15
2879 9118.14
2880 9118.13
2881 9118.13
2882 9118.12
2883 9118.11
2884 9118.1
2885 9118.1
2886 9118.09
2887 9118.08
2888 9118.07
2889 9118.07
2890 9118.06
2891 9118.05
2892 9118.04
2893 9118.04
2894 9118.03
2895 9118.02
2896 9118.02
2897 9118.01
2898 9118
2899 9117.99
2900 9117.99
2901 9117.98
2902 9117.97
2903 9117.96
2904 9117.96
2905 9117.95
2906 9117.94
2907 9117.93
2908 9117.93
2909 9117.92
2910 9117.91
2911 9117.91
2912 9117.9
2913 9117.89
2914 9117.88
2915 9117.88
2916 9117.87
2917 9117.86
2918 9117.86
2919 9117.85
2920 9117.84
2921 9117.83
2922 9117.83
2923 9117.82
2924 9117.81
2925 9117.8
2926 9117.8
2927 9117.79
2928 9117.78
2929 9117.78
2930 9117.77
2931 9117.76
2932 9117.76
2933 9117.75
2934 9117.74
2935 9117.73
2936 9117.73
2937 9117.72
2938 9117.71
2939 9117.71
2940 9117.7
2941 9117.69
2942 9117.68
2943 9117.68
2944 9117.67
2945 9117.66
2946 9117.66
2947 9117.65
2948 9117.64
2949 9117.64
2950 9117.63
2951 9117.62
2952 9117.61
2953 9117.61
2954 9117.6
2955 9117.59
2956 9117.59
2957 9117.58
2958 9117.57
2959 9117.57
2960 9117.56
2961 9117.55
2962 9117.55
2963 9117.54
2964 9117.53
2965 9117.53
2966 9117.52
2967 9117.51
2968 9117.51
2969 9117.5
2970 9117.49
2971 9117.48
2972 9117.48
2973 9117.47
2974 9117.46
2975 9117.46
2976 9117.45
2977 9117.44
2978 9117.44
2979 9117.43
2980 9117.42
2981 9117.42
2982 9117.41
2983 9117.4
2984 9117.4
2985 9117.39
2986 9117.38
2987 9117.38
2988 9117.37
2989 9117.36
2990 9117.36
2991 9117.35
2992 9117.34
2993 9117.34
2994 9117.33
2995 9117.32
2996 9117.32
2997 9117.31
2998 9117.3
2999 9117.3
3000 9117.29
3001 9117.28
3002 9117.28
3003 9117.27
3004 9117.27
3005 9117.26
3006 9117.25
3007 9117.25
3008 9117.24
3009 9117.23
3010 9117.23
3011 9117.22
3012 9117.21
3013 9117.21
3014 9117.2
3015 9117.19
3016 9117.19
3017 9117.18
3018 9117.17
3019 9117.17
3020 9117.16
3021 9117.16
3022 9117.15
3023 9117.14
3024 9117.14
3025 9117.13
3026 9117.12
3027 9117.12
3028 9117.11
3029 9117.1
3030 9117.1
3031 9117.09
3032 9117.09
3033 9117.08
3034 9117.07
3035 9117.07
3036 9117.06
3037 9117.05
3038 9117.05
3039 9117.04
3040 9117.03
3041 9117.03
3042 9117.02
3043 9117.02
3044 9117.01
3045 9117
3046 9117
3047 9116.99
3048 9116.98
3049 9116.98
3050 9116.97
3051 9116.97
3052 9116.96
3053 9116.95
3054 9116.95
3055 9116.94
3056 9116.94
3057 9116.93
3058 9116.92
3059 9116.92
3060 9116.91
3061 9116.9
3062 9116.9
3063 9116.89
3064 9116.89
3065 9116.88
3066 9116.87
3067 9116.87
3068 9116.86
3069 9116.86
3070 9116.85
3071 9116.84
3072 9116.84
3073 9116.83
3074 9116.83
3075 9116.82
3076 9116.81
3077 9116.81
3078 9116.8
3079 9116.8
3080 9116.79
3081 9116.78
3082 9116.78
3083 9116.77
3084 9116.77
3085 9116.76
3086 9116.75
3087 9116.75
3088 9116.74
3089 9116.74
3090 9116.73
3091 9116.72
3092 9116.72
3093 9116.71
3094 9116.71
3095 9116.7
3096 9116.69
3097 9116.69
3098 9116.68
3099 9116.68
3100 9116.67
3101 9116.67
3102 9116.66
3103 9116.65
3104 9116.65
3105 9116.64
3106 9116.64
3107 9116.63
3108 9116.62
3109 9116.62
3110 9116.61
3111 9116.61
3112 9116.6
3113 9116.6
3114 9116.59
3115 9116.58
3116 9116.58
3117 9116.57
3118 9116.57
3119 9116.56
3120 9116.56
3121 9116.55
3122 9116.54
3123 9116.54
3124 9116.53
3125 9116.53
3126 9116.52
3127 9116.52
3128 9116.51
3129 9116.5
3130 9116.5
3131 9116.49
3132 9116.49
3133 9116.48
3134 9116.48
3135 9116.47
3136 9116.46
3137 9116.46
3138 9116.45
3139 9116.45
3140 9116.44
3141 9116.44
3142 9116.43
3143 9116.43
3144 9116.42
3145 9116.41
3146 9116.41
3147 9116.4
3148 9116.4
3149 9116.39
3150 9116.39
3151 9116.38
3152 9116.38
3153 9116.37
3154 9116.36
3155 9116.36
3156 9116.35
3157 9116.35
3158 9116.34
3159 9116.34
3160 9116.33
3161 9116.33
3162 9116.32
3163 9116.32
3164 9116.31
3165 9116.3
3166 9116.3
3167 9116.29
3168 9116.29
3169 9116.28
3170 9116.28
3171 9116.27
3172 9116.27
3173 9116.26
3174 9116.26
3175 9116.25
3176 9116.24
3177 9116.24
3178 9116.23
3179 9116.23
3180 9116.22
3181 9116.22
3182 9116.21
3183 9116.21
3184 9116.2
3185 9116.2
3186 9116.19
3187 9116.19
3188 9116.18
3189 9116.18
3190 9116.17
3191 9116.17
3192 9116.16
3193 9116.15
3194 9116.15
3195 9116.14
3196 9116.14
3197 9116.13
3198 9116.13
3199 9116.12
3200 9116.12
3201 9116.11
3202 9116.11
3203 9116.1
3204 9116.1
3205 9116.09
3206 9116.09
3207 9116.08
3208 9116.08
3209 9116.07
3210 9116.07
3211 9116.06
3212 9116.06
3213 9116.05
3214 9116.05
3215 9116.04
3216 9116.04
3217 9116.03
3218 9116.02
3219 9116.02
3220 9116.01
3221 9116.01
3222 9116
3223 9116
3224 9115.99
3225 9115.99
3226 9115.98
3227 9115.98
3228 9115.97
3229 9115.97
3230 9115.96
3231 9115.96
3232 9115.95
3233 9115.95
3234 9115.94
3235 9115.94
3236 9115.93
3237 9115.93
3238 9115.92
3239 9115.92
3240 9115.91
3241 9115.91
3242 9115.9
3243 9115.9
3244 9115.89
3245 9115.89
3246 9115.88
3247 9115.88
3248 9115.87
3249 9115.87
3250 9115.86
3251 9115.86
3252 9115.85
3253 9115.85
3254 9115.84
3255 9115.84
3256 9115.83
3257 9115.83
3258 9115.82
3259 9115.82
3260 9115.81
3261 9115.81
3262 9115.81
3263 9115.8
3264 9115.8
3265 9115.79
3266 9115.79
3267 9115.78
3268 9115.78
3269 9115.77
3270 9115.77
3271 9115.76
3272 9115.76
3273 9115.75
3274 9115.75
3275 9115.74
3276 9115.74
3277 9115.73
3278 9115.73
3279 9115.72
3280 9115.72
3281 9115.71
3282 9115.71
3283 9115.7
3284 9115.7
3285 9115.69
3286 9115.69
3287 9115.69
3288 9115.68
3289 9115.68
3290 9115.67
3291 9115.67
3292 9115.66
3293 9115.66
3294 9115.65
3295 9115.65
3296 9115.64
3297 9115.64
3298 9115.63
3299 9115.63
3300 9115.62
3301 9115.62
3302 9115.61
3303 9115.61
3304 9115.61
3305 9115.6
3306 9115.6
3307 9115.59
3308 9115.59
3309 9115.58
3310 9115.58
3311 9115.57
3312 9115.57
3313 9115.56
3314 9115.56
3315 9115.55
3316 9115.55
3317 9115.55
3318 9115.54
3319 9115.54
3320 9115.53
3321 9115.53
3322 9115.52
3323 9115.52
3324 9115.51
3325 9115.51
3326 9115.5
3327 9115.5
3328 9115.5
3329 9115.49
3330 9115.49
3331 9115.48
3332 9115.48
3333 9115.47
3334 9115.47
3335 9115.46
3336 9115.46
3337 9115.46
3338 9115.45
3339 9115.45
3340 9115.44
3341 9115.44
3342 9115.43
3343 9115.43
3344 9115.42
3345 9115.42
3346 9115.42
3347 9115.41
3348 9115.41
3349 9115.4
3350 9115.4
3351 9115.39
3352 9115.39
3353 9115.38
3354 9115.38
3355 9115.38
3356 9115.37
3357 9115.37
3358 9115.36
3359 9115.36
3360 9115.35
3361 9115.35
3362 9115.35
3363 9115.34
3364 9115.34
3365 9115.33
3366 9115.33
3367 9115.32
3368 9115.32
3369 9115.32
3370 9115.31
3371 9115.31
3372 9115.3
3373 9115.3
3374 9115.29
3375 9115.29
3376 9115.29
3377 9115.28
3378 9115.28
3379 9115.27
3380 9115.27
3381 9115.26
3382 9115.26
3383 9115.26
3384 9115.25
3385 9115.25
3386 9115.24
3387 9115.24
3388 9115.23
3389 9115.23
3390 9115.23
3391 9115.22
3392 9115.22
3393 9115.21
3394 9115.21
3395 9115.2
3396 9115.2
3397 9115.2
3398 9115.19
3399 9115.19
3400 9115.18
3401 9115.18
3402 9115.18
3403 9115.17
3404 9115.17
3405 9115.16
3406 9115.16
3407 9115.16
3408 9115.15
3409 9115.15
3410 9115.14
3411 9115.14
3412 9115.13
3413 9115.13
3414 9115.13
3415 9115.12
3416 9115.12
3417 9115.11
3418 9115.11
3419 9115.11
3420 9115.1
3421 9115.1
3422 9115.09
3423 9115.09
3424 9115.09
3425 9115.08
3426 9115.08
3427 9115.07
3428 9115.07
3429 9115.07
3430 9115.06
3431 9115.06
3432 9115.05
3433 9115.05
3434 9115.05
3435 9115.04
3436 9115.04
3437 9115.03
3438 9115.03
3439 9115.03
3440 9115.02
3441 9115.02
3442 9115.01
3443 9115.01
3444 9115.01
3445 9115
3446 9115
3447 9114.99
3448 9114.99
3449 9114.99
3450 9114.98
3451 9114.98
3452 9114.97
3453 9114.97
3454 9114.97
3455 9114.96
3456 9114.96
3457 9114.96
3458 9114.95
3459 9114.95
3460 9114.94
3461 9114.94
3462 9114.94
3463 9114.93
3464 9114.93
3465 9114.92
3466 9114.92
3467 9114.92
3468 9114.91
3469 9114.91
3470 9114.9
3471 9114.9
3472 9114.9
3473 9114.89
3474 9114.89
3475 9114.89
3476 9114.88
3477 9114.88
3478 9114.87
3479 9114.87
3480 9114.87
3481 9114.86
3482 9114.86
3483 9114.86
3484 9114.85
3485 9114.85
3486 9114.84
3487 9114.84
3488 9114.84
3489 9114.83
3490 9114.83
3491 9114.83
3492 9114.82
3493 9114.82
3494 9114.81
3495 9114.81
3496 9114.81
3497 9114.8
3498 9114.8
3499 9114.8
3500 9114.79
3501 9114.79
3502 9114.78
3503 9114.78
3504 9114.78
3505 9114.77
3506 9114.77
3507 9114.77
3508 9114.76
3509 9114.76
3510 9114.76
3511 9114.75
3512 9114.75
3513 9114.74
3514 9114.74
3515 9114.74
3516 9114.73
3517 9114.73
3518 9114.73
3519 9114.72
3520 9114.72
3521 9114.72
3522 9114.71
3523 9114.71
3524 9114.7
3525 9114.7
3526 9114.7
3527 9114.69
3528 9114.69
3529 9114.69
3530 9114.68
3531 9114.68
3532 9114.68
3533 9114.67
3534 9114.67
3535 9114.67
3536 9114.66
3537 9114.66
3538 9114.65
3539 9114.65
3540 9114.65
3541 9114.64
3542 9114.64
3543 9114.64
3544 9114.63
3545 9114.63
3546 9114.63
3547 9114.62
3548 9114.62
3549 9114.62
3550 9114.61
3551 9114.61
3552 9114.61
3553 9114.6
3554 9114.6
3555 9114.6
3556 9114.59
3557 9114.59
3558 9114.58
3559 9114.58
3560 9114.58
3561 9114.57
3562 9114.57
3563 9114.57
3564 9114.56
3565 9114.56
3566 9114.56
3567 9114.55
3568 9114.55
3569 9114.55
3570 9114.54
3571 9114.54
3572 9114.54
3573 9114.53
3574 9114.53
3575 9114.53
3576 9114.52
3577 9114.52
3578 9114.52
3579 9114.51
3580 9114.51
3581 9114.51
3582 9114.5
3583 9114.5
3584 9114.5
3585 9114.49
3586 9114.49
3587 9114.49
3588 9114.48
3589 9114.48
3590 9114.48
3591 9114.47
3592 9114.47
3593 9114.47
3594 9114.46
3595 9114.46
3596 9114.46
3597 9114.45
3598 9114.45
3599 9114.45
3600 9114.44
3601 9114.44
3602 9114.44
3603 9114.43
3604 9114.43
3605 9114.43
3606 9114.42
3607 9114.42
3608 9114.42
3609 9114.41
3610 9114.41
3611 9114.41
3612 9114.4
3613 9114.4
3614 9114.4
3615 9114.39
3616 9114.39
3617 9114.39
3618 9114.38
3619 9114.38
3620 9114.38
3621 9114.37
3622 9114.37
3623 9114.37
3624 9114.37
3625 9114.36
3626 9114.36
3627 9114.36
3628 9114.35
3629 9114.35
3630 9114.35
3631 9114.34
3632 9114.34
3633 9114.34
3634 9114.33
3635 9114.33
3636 9114.33
3637 9114.32
3638 9114.32
3639 9114.32
3640 9114.31
3641 9114.31
3642 9114.31
3643 9114.3
3644 9114.3
3645 9114.3
3646 9114.3
3647 9114.29
3648 9114.29
3649 9114.29
3650 9114.28
3651 9114.28
3652 9114.28
3653 9114.27
3654 9114.27
3655 9114.27
3656 9114.26
3657 9114.26
3658 9114.26
3659 9114.26
3660 9114.25
3661 9114.25
3662 9114.25
3663 9114.24
3664 9114.24
3665 9114.24
3666 9114.23
3667 9114.23
3668 9114.23
3669 9114.22
3670 9114.22
3671 9114.22
3672 9114.22
3673 9114.21
3674 9114.21
3675 9114.21
3676 9114.2
3677 9114.2
3678 9114.2
3679 9114.19
3680 9114.19
3681 9114.19
3682 9114.19
3683 9114.18
3684 9114.18
3685 9114.18
3686 9114.17
3687 9114.17
3688 9114.17
3689 9114.16
3690 9114.16
3691 9114.16
3692 9114.16
3693 9114.15
3694 9114.15
3695 9114.15
3696 9114.14
3697 9114.14
3698 9114.14
3699 9114.14
3700 9114.13
3701 9114.13
3702 9114.13
3703 9114.12
3704 9114.12
3705 9114.12
3706 9114.11
3707 9114.11
3708 9114.11
3709 9114.11
3710 9114.1
3711 9114.1
3712 9114.1
3713 9114.09
3714 9114.09
3715 9114.09
3716 9114.09
3717 9114.08
3718 9114.08
3719 9114.08
3720 9114.07
3721 9114.07
3722 9114.07
3723 9114.07
3724 9114.06
3725 9114.06
3726 9114.06
3727 9114.05
3728 9114.05
3729 9114.05
3730 9114.05
3731 9114.04
3732 9114.04
3733 9114.04
3734 9114.03
3735 9114.03
3736 9114.03
3737 9114.03
3738 9114.02
3739 9114.02
3740 9114.02
3741 9114.02
3742 9114.01
3743 9114.01
3744 9114.01
3745 9114
3746 9114
3747 9114
3748 9114
3749 9113.99
3750 9113.99
3751 9113.99
3752 9113.98
3753 9113.98
3754 9113.98
3755 9113.98
3756 9113.97
3757 9113.97
3758 9113.97
3759 9113.97
3760 9113.96
3761 9113.96
3762 9113.96
3763 9113.95
3764 9113.95
3765 9113.95
3766 9113.95
3767 9113.94
3768 9113.94
3769 9113.94
3770 9113.94
3771 9113.93
3772 9113.93
3773 9113.93
3774 9113.92
3775 9113.92
3776 9113.92
3777 9113.92
3778 9113.91
3779 9113.91
3780 9113.91
3781 9113.91
3782 9113.9
3783 9113.9
3784 9113.9
3785 9113.9
3786 9113.89
3787 9113.89
3788 9113.89
3789 9113.89
3790 9113.88
3791 9113.88
3792 9113.88
3793 9113.87
3794 9113.87
3795 9113.87
3796 9113.87
3797 9113.86
3798 9113.86
3799 9113.86
3800 9113.86
3801 9113.85
3802 9113.85
3803 9113.85
3804 9113.85
3805 9113.84
3806 9113.84
3807 9113.84
3808 9113.84
3809 9113.83
3810 9113.83
3811 9113.83
3812 9113.83
3813 9113.82
3814 9113.82
3815 9113.82
3816 9113.82
3817 9113.81
3818 9113.81
3819 9113.81
3820 9113.8
3821 9113.8
3822 9113.8
3823 9113.8
3824 9113.79
3825 9113.79
3826 9113.79
3827 9113.79
3828 9113.78
3829 9113.78
3830 9113.78
3831 9113.78
3832 9113.77
3833 9113.77
3834 9113.77
3835 9113.77
3836 9113.76
3837 9113.76
3838 9113.76
3839 9113.76
3840 9113.75
3841 9113.75
3842 9113.75
3843 9113.75
3844 9113.74
3845 9113.74
3846 9113.74
3847 9113.74
3848 9113.73
3849 9113.73
3850 9113.73
3851 9113.73
3852 9113.73
3853 9113.72
3854 9113.72
3855 9113.72
3856 9113.72
3857 9113.71
3858 9113.71
3859 9113.71
3860 9113.71
3861 9113.7
3862 9113.7
3863 9113.7
3864 9113.7
3865 9113.69
3866 9113.69
3867 9113.69
3868 9113.69
3869 9113.68
3870 9113.68
3871 9113.68
3872 9113.68
3873 9113.67
3874 9113.67
3875 9113.67
3876 9113.67
3877 9113.66
3878 9113.66
3879 9113.66
3880 9113.66
3881 9113.66
3882 9113.65
3883 9113.65
3884 9113.65
3885 9113.65
3886 9113.64
3887 9113.64
3888 9113.64
3889 9113.64
3890 9113.63
3891 9113.63
3892 9113.63
3893 9113.63
3894 9113.63
3895 9113.62
3896 9113.62
3897 9113.62
3898 9113.62
3899 9113.61
3900 9113.61
3901 9113.61
3902 9113.61
3903 9113.6
3904 9113.6
3905 9113.6
3906 9113.6
3907 9113.6
3908 9113.59
3909 9113.59
3910 9113.59
3911 9113.59
3912 9113.58
3913 9113.58
3914 9113.58
3915 9113.58
3916 9113.57
3917 9113.57
3918 9113.57
3919 9113.57
3920 9113.57
3921 9113.56
3922 9113.56
3923 9113.56
3924 9113.56
3925 9113.55
3926 9113.55
3927 9113.55
3928 9113.55
3929 9113.55
3930 9113.54
3931 9113.54
3932 9113.54
3933 9113.54
3934 9113.53
3935 9113.53
3936 9113.53
3937 9113.53
3938 9113.53
3939 9113.52
3940 9113.52
3941 9113.52
3942 9113.52
3943 9113.51
3944 9113.51
3945 9113.51
3946 9113.51
3947 9113.51
3948 9113.5
3949 9113.5
3950 9113.5
3951 9113.5
3952 9113.49
3953 9113.49
3954 9113.49
3955 9113.49
3956 9113.49
3957 9113.48
3958 9113.48
3959 9113.48
3960 9113.48
3961 9113.48
3962 9113.47
3963 9113.47
3964 9113.47
3965 9113.47
3966 9113.46
3967 9113.46
3968 9113.46
3969 9113.46
3970 9113.46
3971 9113.45
3972 9113.45
3973 9113.45
3974 9113.45
3975 9113.45
3976 9113.44
3977 9113.44
3978 9113.44
3979 9113.44
3980 9113.44
3981 9113.43
3982 9113.43
3983 9113.43
3984 9113.43
3985 9113.42
3986 9113.42
3987 9113.42
3988 9113.42
3989 9113.42
3990 9113.41
3991 9113.41
3992 9113.41
3993 9113.41
3994 9113.41
3995 9113.4
3996 9113.4
3997 9113.4
3998 9113.4
3999 9113.4
4000 9113.39
4001 9113.39
4002 9113.39
4003 9113.39
4004 9113.39
4005 9113.38
4006 9113.38
4007 9113.38
4008 9113.38
4009 9113.38
4010 9113.37
4011 9113.37
4012 9113.37
4013 9113.37
4014 9113.37
4015 9113.36
4016 9113.36
4017 9113.36
4018 9113.36
4019 9113.36
4020 9113.35
4021 9113.35
4022 9113.35
4023 9113.35
4024 9113.35
4025 9113.34
4026 9113.34
4027 9113.34
4028 9113.34
4029 9113.34
4030 9113.33
4031 9113.33
4032 9113.33
4033 9113.33
4034 9113.33
4035 9113.32
4036 9113.32
4037 9113.32
4038 9113.32
4039 9113.32
4040 9113.31
4041 9113.31
4042 9113.31
4043 9113.31
4044 9113.31
4045 9113.3
4046 9113.3
4047 9113.3
4048 9113.3
4049 9113.3
4050 9113.29
4051 9113.29
4052 9113.29
4053 9113.29
4054 9113.29
4055 9113.28
4056 9113.28
4057 9113.28
4058 9113.28
4059 9113.28
4060 9113.28
4061 9113.27
4062 9113.27
4063 9113.27
4064 9113.27
4065 9113.27
4066 9113.26
4067 9113.26
4068 9113.26
4069 9113.26
4070 9113.26
4071 9113.25
4072 9113.25
4073 9113.25
4074 9113.25
4075 9113.25
4076 9113.25
4077 9113.24
4078 9113.24
4079 9113.24
4080 9113.24
4081 9113.24
4082 9113.23
4083 9113.23
4084 9113.23
4085 9113.23
4086 9113.23
4087 9113.22
4088 9113.22
4089 9113.22
4090 9113.22
4091 9113.22
4092 9113.22
4093 9113.21
4094 9113.21
4095 9113.21
4096 9113.21
4097 9113.21
4098 9113.2
4099 9113.2
4100 9113.2
4101 9113.2
4102 9113.2
4103 9113.2
4104 9113.19
4105 9113.19
4106 9113.19
4107 9113.19
4108 9113.19
4109 9113.18
4110 9113.18
4111 9113.18
4112 9113.18
4113 9113.18
4114 9113.18
4115 9113.17
4116 9113.17
4117 9113.17
4118 9113.17
4119 9113.17
4120 9113.17
4121 9113.16
4122 9113.16
4123 9113.16
4124 9113.16
4125 9113.16
4126 9113.15
4127 9113.15
4128 9113.15
4129 9113.15
4130 9113.15
4131 9113.15
4132 9113.14
4133 9113.14
4134 9113.14
4135 9113.14
4136 9113.14
4137 9113.14
4138 9113.13
4139 9113.13
4140 9113.13
4141 9113.13
4142 9113.13
4143 9113.13
4144 9113.12
4145 9113.12
4146 9113.12
4147 9113.12
4148 9113.12
4149 9113.11
4150 9113.11
4151 9113.11
4152 9113.11
4153 9113.11
4154 9113.11
4155 9113.1
4156 9113.1
4157 9113.1
4158 9113.1
4159 9113.1
4160 9113.1
4161 9113.09
4162 9113.09
4163 9113.09
4164 9113.09
4165 9113.09
4166 9113.09
4167 9113.08
4168 9113.08
4169 9113.08
4170 9113.08
4171 9113.08
4172 9113.08
4173 9113.07
4174 9113.07
4175 9113.07
4176 9113.07
4177 9113.07
4178 9113.07
4179 9113.06
4180 9113.06
4181 9113.06
4182 9113.06
4183 9113.06
4184 9113.06
4185 9113.05
4186 9113.05
4187 9113.05
4188 9113.05
4189 9113.05
4190 9113.05
4191 9113.04
4192 9113.04
4193 9113.04
4194 9113.04
4195 9113.04
4196 9113.04
4197 9113.04
4198 9113.03
4199 9113.03
4200 9113.03
4201 9113.03
4202 9113.03
4203 9113.03
4204 9113.02
4205 9113.02
4206 9113.02
4207 9113.02
4208 9113.02
4209 9113.02
4210 9113.01
4211 9113.01
4212 9113.01
4213 9113.01
4214 9113.01
4215 9113.01
4216 9113
4217 9113
4218 9113
4219 9113
4220 9113
4221 9113
4222 9113
4223 9112.99
4224 9112.99
4225 9112.99
4226 9112.99
4227 9112.99
4228 9112.99
4229 9112.98
4230 9112.98
4231 9112.98
4232 9112.98
4233 9112.98
4234 9112.98
4235 9112.98
4236 9112.97
4237 9112.97
4238 9112.97
4239 9112.97
4240 9112.97
4241 9112.97
4242 9112.96
4243 9112.96
4244 9112.96
4245 9112.96
4246 9112.96
4247 9112.96
4248 9112.96
4249 9112.95
4250 9112.95
4251 9112.95
4252 9112.95
4253 9112.95
4254 9112.95
4255 9112.95
4256 9112.94
4257 9112.94
4258 9112.94
4259 9112.94
4260 9112.94
4261 9112.94
4262 9112.93
4263 9112.93
4264 9112.93
4265 9112.93
4266 9112.93
4267 9112.93
4268 9112.93
4269 9112.92
4270 9112.92
4271 9112.92
4272 9112.92
4273 9112.92
4274 9112.92
4275 9112.92
4276 9112.91
4277 9112.91
4278 9112.91
4279 9112.91
4280 9112.91
4281 9112.91
4282 9112.91
4283 9112.9
4284 9112.9
4285 9112.9
4286 9112.9
4287 9112.9
4288 9112.9
4289 9112.9
4290 9112.89
4291 9112.89
4292 9112.89
4293 9112.89
4294 9112.89
4295 9112.89
4296 9112.89
4297 9112.88
4298 9112.88
4299 9112.88
4300 9112.88
4301 9112.88
4302 9112.88
4303 9112.88
4304 9112.87
4305 9112.87
4306 9112.87
4307 9112.87
4308 9112.87
4309 9112.87
4310 9112.87
4311 9112.86
4312 9112.86
4313 9112.86
4314 9112.86
4315 9112.86
4316 9112.86
4317 9112.86
4318 9112.85
4319 9112.85
4320 9112.85
4321 9112.85
4322 9112.85
4323 9112.85
4324 9112.85
4325 9112.84
4326 9112.84
4327 9112.84
4328 9112.84
4329 9112.84
4330 9112.84
4331 9112.84
4332 9112.84
4333 9112.83
4334 9112.83
4335 9112.83
4336 9112.83
4337 9112.83
4338 9112.83
4339 9112.83
4340 9112.82
4341 9112.82
4342 9112.82
4343 9112.82
4344 9112.82
4345 9112.82
4346 9112.82
4347 9112.82
4348 9112.81
4349 9112.81
4350 9112.81
4351 9112.81
4352 9112.81
4353 9112.81
4354 9112.81
4355 9112.8
4356 9112.8
4357 9112.8
4358 9112.8
4359 9112.8
4360 9112.8
4361 9112.8
4362 9112.8
4363 9112.79
4364 9112.79
4365 9112.79
4366 9112.79
4367 9112.79
4368 9112.79
4369 9112.79
4370 9112.78
4371 9112.78
4372 9112.78
4373 9112.78
4374 9112.78
4375 9112.78
4376 9112.78
4377 9112.78
4378 9112.77
4379 9112.77
4380 9112.77
4381 9112.77
4382 9112.77
4383 9112.77
4384 9112.77
4385 9112.77
4386 9112.76
4387 9112.76
4388 9112.76
4389 9112.76
4390 9112.76
4391 9112.76
4392 9112.76
4393 9112.76
4394 9112.75
4395 9112.75
4396 9112.75
4397 9112.75
4398 9112.75
4399 9112.75
4400 9112.75
4401 9112.75
4402 9112.74
4403 9112.74
4404 9112.74
4405 9112.74
4406 9112.74
4407 9112.74
4408 9112.74
4409 9112.74
4410 9112.73
4411 9112.73
4412 9112.73
4413 9112.73
4414 9112.73
4415 9112.73
4416 9112.73
4417 9112.73
4418 9112.72
4419 9112.72
4420 9112.72
4421 9112.72
4422 9112.72
4423 9112.72
4424 9112.72
4425 9112.72
4426 9112.71
4427 9112.71
4428 9112.71
4429 9112.71
4430 9112.71
4431 9112.71
4432 9112.71
4433 9112.71
4434 9112.71
4435 9112.7
4436 9112.7
4437 9112.7
4438 9112.7
4439 9112.7
4440 9112.7
4441 9112.7
4442 9112.7
4443 9112.69
4444 9112.69
4445 9112.69
4446 9112.69
4447 9112.69
4448 9112.69
4449 9112.69
4450 9112.69
4451 9112.68
4452 9112.68
4453 9112.68
4454 9112.68
4455 9112.68
4456 9112.68
4457 9112.68
4458 9112.68
4459 9112.68
4460 9112.67
4461 9112.67
4462 9112.67
4463 9112.67
4464 9112.67
4465 9112.67
4466 9112.67
4467 9112.67
4468 9112.67
4469 9112.66
4470 9112.66
4471 9112.66
4472 9112.66
4473 9112.66
4474 9112.66
4475 9112.66
4476 9112.66
4477 9112.66
4478 9112.65
4479 9112.65
4480 9112.65
4481 9112.65
4482 9112.65
4483 9112.65
4484 9112.65
4485 9112.65
4486 9112.64
4487 9112.64
4488 9112.64
4489 9112.64
4490 9112.64
4491 9112.64
4492 9112.64
4493 9112.64
4494 9112.64
4495 9112.63
4496 9112.63
4497 9112.63
4498 9112.63
4499 9112.63
4500 9112.63
4501 9112.63
4502 9112.63
4503 9112.63
4504 9112.63
4505 9112.62
4506 9112.62
4507 9112.62
4508 9112.62
4509 9112.62
4510 9112.62
4511 9112.62
4512 9112.62
4513 9112.62
4514 9112.61
4515 9112.61
4516 9112.61
4517 9112.61
4518 9112.61
4519 9112.61
4520 9112.61
4521 9112.61
4522 9112.61
4523 9112.6
4524 9112.6
4525 9112.6
4526 9112.6
4527 9112.6
4528 9112.6
4529 9112.6
4530 9112.6
4531 9112.6
4532 9112.59
4533 9112.59
4534 9112.59
4535 9112.59
4536 9112.59
4537 9112.59
4538 9112.59
4539 9112.59
4540 9112.59
4541 9112.59
4542 9112.58
4543 9112.58
4544 9112.58
4545 9112.58
4546 9112.58
4547 9112.58
4548 9112.58
4549 9112.58
4550 9112.58
4551 9112.58
4552 9112.57
4553 9112.57
4554 9112.57
4555 9112.57
4556 9112.57
4557 9112.57
4558 9112.57
4559 9112.57
4560 9112.57
4561 9112.56
4562 9112.56
4563 9112.56
4564 9112.56
4565 9112.56
4566 9112.56
4567 9112.56
4568 9112.56
4569 9112.56
4570 9112.56
4571 9112.55
4572 9112.55
4573 9112.55
4574 9112.55
4575 9112.55
4576 9112.55
4577 9112.55
4578 9112.55
4579 9112.55
4580 9112.55
4581 9112.54
4582 9112.54
4583 9112.54
4584 9112.54
4585 9112.54
4586 9112.54
4587 9112.54
4588 9112.54
4589 9112.54
4590 9112.54
4591 9112.54
4592 9112.53
4593 9112.53
4594 9112.53
4595 9112.53
4596 9112.53
4597 9112.53
4598 9112.53
4599 9112.53
4600 9112.53
4601 9112.53
4602 9112.52
4603 9112.52
4604 9112.52
4605 9112.52
4606 9112.52
4607 9112.52
4608 9112.52
4609 9112.52
4610 9112.52
4611 9112.52
4612 9112.51
4613 9112.51
4614 9112.51
4615 9112.51
4616 9112.51
4617 9112.51
4618 9112.51
4619 9112.51
4620 9112.51
4621 9112.51
4622 9112.51
4623 9112.5
4624 9112.5
4625 9112.5
4626 9112.5
4627 9112.5
4628 9112.5
4629 9112.5
4630 9112.5
4631 9112.5
4632 9112.5
4633 9112.5
4634 9112.49
4635 9112.49
4636 9112.49
4637 9112.49
4638 9112.49
4639 9112.49
4640 9112.49
4641 9112.49
4642 9112.49
4643 9112.49
4644 9112.49
4645 9112.48
4646 9112.48
4647 9112.48
4648 9112.48
4649 9112.48
4650 9112.48
4651 9112.48
4652 9112.48
4653 9112.48
4654 9112.48
4655 9112.48
4656 9112.47
4657 9112.47
4658 9112.47
4659 9112.47
4660 9112.47
4661 9112.47
4662 9112.47
4663 9112.47
4664 9112.47
4665 9112.47
4666 9112.47
4667 9112.46
4668 9112.46
4669 9112.46
4670 9112.46
4671 9112.46
4672 9112.46
4673 9112.46
4674 9112.46
4675 9112.46
4676 9112.46
4677 9112.46
4678 9112.45
4679 9112.45
4680 9112.45
4681 9112.45
4682 9112.45
4683 9112.45
4684 9112.45
4685 9112.45
4686 9112.45
4687 9112.45
4688 9112.45
4689 9112.45
4690 9112.44
4691 9112.44
4692 9112.44
4693 9112.44
4694 9112.44
4695 9112.44
4696 9112.44
4697 9112.44
4698 9112.44
4699 9112.44
4700 9112.44
4701 9112.44
4702 9112.43
4703 9112.43
4704 9112.43
4705 9112.43
4706 9112.43
4707 9112.43
4708 9112.43
4709 9112.43
4710 9112.43
4711 9112.43
4712 9112.43
4713 9112.43
4714 9112.42
4715 9112.42
4716 9112.42
4717 9112.42
4718 9112.42
4719 9112.42
4720 9112.42
4721 9112.42
4722 9112.42
4723 9112.42
4724 9112.42
4725 9112.42
4726 9112.41
4727 9112.41
4728 9112.41
4729 9112.41
4730 9112.41
4731 9112.41
4732 9112.41
4733 9112.41
4734 9112.41
4735 9112.41
4736 9112.41
4737 9112.41
4738 9112.4
4739 9112.4
4740 9112.4
4741 9112.4
4742 9112.4
4743 9112.4
4744 9112.4
4745 9112.4
4746 9112.4
4747 9112.4
4748 9112.4
4749 9112.4
4750 9112.4
4751 9112.39
4752 9112.39
4753 9112.39
4754 9112.39
4755 9112.39
4756 9112.39
4757 9112.39
4758 9112.39
4759 9112.39
4760 9112.39
4761 9112.39
4762 9112.39
4763 9112.38
4764 9112.38
4765 9112.38
4766 9112.38
4767 9112.38
4768 9112.38
4769 9112.38
4770 9112.38
4771 9112.38
4772 9112.38
4773 9112.38
4774 9112.38
4775 9112.38
4776 9112.37
4777 9112.37
4778 9112.37
4779 9112.37
4780 9112.37
4781 9112.37
4782 9112.37
4783 9112.37
4784 9112.37
4785 9112.37
4786 9112.37
4787 9112.37
4788 9112.37
4789 9112.36
4790 9112.36
4791 9112.36
4792 9112.36
4793 9112.36
4794 9112.36
4795 9112.36
4796 9112.36
4797 9112.36
4798 9112.36
4799 9112.36
4800 9112.36
4801 9112.36
4802 9112.36
4803 9112.35
4804 9112.35
4805 9112.35
4806 9112.35
4807 9112.35
4808 9112.35
4809 9112.35
4810 9112.35
4811 9112.35
4812 9112.35
4813 9112.35
4814 9112.35
4815 9112.35
4816 9112.35
4817 9112.34
4818 9112.34
4819 9112.34
4820 9112.34
4821 9112.34
4822 9112.34
4823 9112.34
4824 9112.34
4825 9112.34
4826 9112.34
4827 9112.34
4828 9112.34
4829 9112.34
4830 9112.34
4831 9112.33
4832 9112.33
4833 9112.33
4834 9112.33
4835 9112.33
4836 9112.33
4837 9112.33
4838 9112.33
4839 9112.33
4840 9112.33
4841 9112.33
4842 9112.33
4843 9112.33
4844 9112.33
4845 9112.32
4846 9112.32
4847 9112.32
4848 9112.32
4849 9112.32
4850 9112.32
4851 9112.32
4852 9112.32
4853 9112.32
4854 9112.32
4855 9112.32
4856 9112.32
4857 9112.32
4858 9112.32
4859 9112.31
4860 9112.31
4861 9112.31
4862 9112.31
4863 9112.31
4864 9112.31
4865 9112.31
4866 9112.31
4867 9112.31
4868 9112.31
4869 9112.31
4870 9112.31
4871 9112.31
4872 9112.31
4873 9112.31
4874 9112.3
4875 9112.3
4876 9112.3
4877 9112.3
4878 9112.3
4879 9112.3
4880 9112.3
4881 9112.3
4882 9112.3
4883 9112.3
4884 9112.3
4885 9112.3
4886 9112.3
4887 9112.3
4888 9112.3
4889 9112.29
4890 9112.29
4891 9112.29
4892 9112.29
4893 9112.29
4894 9112.29
4895 9112.29
4896 9112.29
4897 9112.29
4898 9112.29
4899 9112.29
4900 9112.29
4901 9112.29
4902 9112.29
4903 9112.29
4904 9112.29
4905 9112.28
4906 9112.28
4907 9112.28
4908 9112.28
4909 9112.28
4910 9112.28
4911 9112.28
4912 9112.28
4913 9112.28
4914 9112.28
4915 9112.28
4916 9112.28
4917 9112.28
4918 9112.28
4919 9112.28
4920 9112.27
4921 9112.27
4922 9112.27
4923 9112.27
4924 9112.27
4925 9112.27
4926 9112.27
4927 9112.27
4928 9112.27
4929 9112.27
4930 9112.27
4931 9112.27
4932 9112.27
4933 9112.27
4934 9112.27
4935 9112.27
4936 9112.27
4937 9112.26
4938 9112.26
4939 9112.26
4940 9112.26
4941 9112.26
4942 9112.26
4943 9112.26
4944 9112.26
4945 9112.26
4946 9112.26
4947 9112.26
4948 9112.26
4949 9112.26
4950 9112.26
4951 9112.26
4952 9112.26
4953 9112.25
4954 9112.25
4955 9112.25
4956 9112.25
4957 9112.25
4958 9112.25
4959 9112.25
4960 9112.25
4961 9112.25
4962 9112.25
4963 9112.25
4964 9112.25
4965 9112.25
4966 9112.25
4967 9112.25
4968 9112.25
4969 9112.25
4970 9112.24
4971 9112.24
4972 9112.24
4973 9112.24
4974 9112.24
4975 9112.24
4976 9112.24
4977 9112.24
4978 9112.24
4979 9112.24
4980 9112.24
4981 9112.24
4982 9112.24
4983 9112.24
4984 9112.24
4985 9112.24
4986 9112.24
4987 9112.23
4988 9112.23
4989 9112.23
4990 9112.23
4991 9112.23
4992 9112.23
4993 9112.23
4994 9112.23
4995 9112.23
4996 9112.23
4997 9112.23
4998 9112.23
4999 9112.23
5000 9112.23
5001 9112.23
5002 9112.23
5003 9112.23
5004 9112.23
5005 9112.22
5006 9112.22
5007 9112.22
5008 9112.22
5009 9112.22
5010 9112.22
5011 9112.22
5012 9112.22
5013 9112.22
5014 9112.22
5015 9112.22
5016 9112.22
5017 9112.22
5018 9112.22
5019 9112.22
5020 9112.22
5021 9112.22
5022 9112.22
5023 9112.21
5024 9112.21
5025 9112.21
5026 9112.21
5027 9112.21
5028 9112.21
5029 9112.21
5030 9112.21
5031 9112.21
5032 9112.21
5033 9112.21
5034 9112.21
5035 9112.21
5036 9112.21
5037 9112.21
5038 9112.21
5039 9112.21
5040 9112.21
5041 9112.21
5042 9112.2
5043 9112.2
5044 9112.2
5045 9112.2
5046 9112.2
5047 9112.2
5048 9112.2
5049 9112.2
5050 9112.2
5051 9112.2
5052 9112.2
5053 9112.2
5054 9112.2
5055 9112.2
5056 9112.2
5057 9112.2
5058 9112.2
5059 9112.2
5060 9112.2
5061 9112.19
5062 9112.19
5063 9112.19
5064 9112.19
5065 9112.19
5066 9112.19
5067 9112.19
5068 9112.19
5069 9112.19
5070 9112.19
5071 9112.19
5072 9112.19
5073 9112.19
5074 9112.19
5075 9112.19
5076 9112.19
5077 9112.19
5078 9112.19
5079 9112.19
5080 9112.19
5081 9112.18
5082 9112.18
5083 9112.18
5084 9112.18
5085 9112.18
5086 9112.18
5087 9112.18
5088 9112.18
5089 9112.18
5090 9112.18
5091 9112.18
5092 9112.18
5093 9112.18
5094 9112.18
5095 9112.18
5096 9112.18
5097 9112.18
5098 9112.18
5099 9112.18
5100 9112.18
5101 9112.17
5102 9112.17
5103 9112.17
5104 9112.17
5105 9112.17
5106 9112.17
5107 9112.17
5108 9112.17
5109 9112.17
5110 9112.17
5111 9112.17
5112 9112.17
5113 9112.17
5114 9112.17
5115 9112.17
5116 9112.17
5117 9112.17
5118 9112.17
5119 9112.17
5120 9112.17
5121 9112.17
5122 9112.16
5123 9112.16
5124 9112.16
5125 9112.16
5126 9112.16
5127 9112.16
5128 9112.16
5129 9112.16
5130 9112.16
5131 9112.16
5132 9112.16
5133 9112.16
5134 9112.16
5135 9112.16
5136 9112.16
5137 9112.16
5138 9112.16
5139 9112.16
5140 9112.16
5141 9112.16
5142 9112.16
5143 9112.16
5144 9112.15
5145 9112.15
5146 9112.15
5147 9112.15
5148 9112.15
5149 9112.15
5150 9112.15
5151 9112.15
5152 9112.15
5153 9112.15
5154 9112.15
5155 9112.15
5156 9112.15
5157 9112.15
5158 9112.15
5159 9112.15
5160 9112.15
5161 9112.15
5162 9112.15
5163 9112.15
5164 9112.15
5165 9112.15
5166 9112.14
5167 9112.14
5168 9112.14
5169 9112.14
5170 9112.14
5171 9112.14
5172 9112.14
5173 9112.14
5174 9112.14
5175 9112.14
5176 9112.14
5177 9112.14
5178 9112.14
5179 9112.14
5180 9112.14
5181 9112.14
5182 9112.14
5183 9112.14
5184 9112.14
5185 9112.14
5186 9112.14
5187 9112.14
5188 9112.14
5189 9112.13
5190 9112.13
5191 9112.13
5192 9112.13
5193 9112.13
5194 9112.13
5195 9112.13
5196 9112.13
5197 9112.13
5198 9112.13
5199 9112.13
5200 9112.13
5201 9112.13
5202 9112.13
5203 9112.13
5204 9112.13
5205 9112.13
5206 9112.13
5207 9112.13
5208 9112.13
5209 9112.13
5210 9112.13
5211 9112.13
5212 9112.13
5213 9112.12
5214 9112.12
5215 9112.12
5216 9112.12
5217 9112.12
5218 9112.12
5219 9112.12
5220 9112.12
5221 9112.12
5222 9112.12
5223 9112.12
5224 9112.12
5225 9112.12
5226 9112.12
5227 9112.12
5228 9112.12
5229 9112.12
5230 9112.12
5231 9112.12
5232 9112.12
5233 9112.12
5234 9112.12
5235 9112.12
5236 9112.12
5237 9112.12
5238 9112.11
5239 9112.11
5240 9112.11
5241 9112.11
5242 9112.11
5243 9112.11
5244 9112.11
5245 9112.11
5246 9112.11
5247 9112.11
5248 9112.11
5249 9112.11
5250 9112.11
5251 9112.11
5252 9112.11
5253 9112.11
5254 9112.11
5255 9112.11
5256 9112.11
5257 9112.11
5258 9112.11
5259 9112.11
5260 9112.11
5261 9112.11
5262 9112.11
5263 9112.1
5264 9112.1
5265 9112.1
5266 9112.1
5267 9112.1
5268 9112.1
5269 9112.1
5270 9112.1
5271 9112.1
5272 9112.1
5273 9112.1
5274 9112.1
5275 9112.1
5276 9112.1
5277 9112.1
5278 9112.1
5279 9112.1
5280 9112.1
5281 9112.1
5282 9112.1
5283 9112.1
5284 9112.1
5285 9112.1
5286 9112.1
5287 9112.1
5288 9112.1
5289 9112.1
5290 9112.09
5291 9112.09
5292 9112.09
5293 9112.09
5294 9112.09
5295 9112.09
5296 9112.09
5297 9112.09
5298 9112.09
5299 9112.09
5300 9112.09
5301 9112.09
5302 9112.09
5303 9112.09
5304 9112.09
5305 9112.09
5306 9112.09
5307 9112.09
5308 9112.09
5309 9112.09
5310 9112.09
5311 9112.09
5312 9112.09
5313 9112.09
5314 9112.09
5315 9112.09
5316 9112.09
5317 9112.09
5318 9112.08
5319 9112.08
5320 9112.08
5321 9112.08
5322 9112.08
5323 9112.08
5324 9112.08
5325 9112.08
5326 9112.08
5327 9112.08
5328 9112.08
5329 9112.08
5330 9112.08
5331 9112.08
5332 9112.08
5333 9112.08
5334 9112.08
5335 9112.08
5336 9112.08
5337 9112.08
5338 9112.08
5339 9112.08
5340 9112.08
5341 9112.08
5342 9112.08
5343 9112.08
5344 9112.08
5345 9112.08
5346 9112.08
5347 9112.07
5348 9112.07
5349 9112.07
5350 9112.07
5351 9112.07
5352 9112.07
5353 9112.07
5354 9112.07
5355 9112.07
5356 9112.07
5357 9112.07
5358 9112.07
5359 9112.07
5360 9112.07
5361 9112.07
5362 9112.07
5363 9112.07
5364 9112.07
5365 9112.07
5366 9112.07
5367 9112.07
5368 9112.07
5369 9112.07
5370 9112.07
5371 9112.07
5372 9112.07
5373 9112.07
5374 9112.07
5375 9112.07
5376 9112.07
5377 9112.07
5378 9112.06
5379 9112.06
5380 9112.06
5381 9112.06
5382 9112.06
5383 9112.06
5384 9112.06
5385 9112.06
5386 9112.06
5387 9112.06
5388 9112.06
5389 9112.06
5390 9112.06
5391 9112.06
5392 9112.06
5393 9112.06
5394 9112.06
5395 9112.06
5396 9112.06
5397 9112.06
5398 9112.06
5399 9112.06
5400 9112.06
5401 9112.06
5402 9112.06
5403 9112.06
5404 9112.06
5405 9112.06
5406 9112.06
5407 9112.06
5408 9112.06
5409 9112.06
5410 9112.05
5411 9112.05
5412 9112.05
5413 9112.05
5414 9112.05
5415 9112.05
5416 9112.05
5417 9112.05
5418 9112.05
5419 9112.05
5420 9112.05
5421 9112.05
5422 9112.05
5423 9112.05
5424 9112.05
5425 9112.05
5426 9112.05
5427 9112.05
5428 9112.05
5429 9112.05
5430 9112.05
5431 9112.05
5432 9112.05
5433 9112.05
5434 9112.05
5435 9112.05
5436 9112.05
5437 9112.05
5438 9112.05
5439 9112.05
5440 9112.05
5441 9112.05
5442 9112.05
5443 9112.05
5444 9112.04
5445 9112.04
5446 9112.04
5447 9112.04
5448 9112.04
5449 9112.04
5450 9112.04
5451 9112.04
5452 9112.04
5453 9112.04
5454 9112.04
5455 9112.04
5456 9112.04
5457 9112.04
5458 9112.04
5459 9112.04
5460 9112.04
5461 9112.04
5462 9112.04
5463 9112.04
5464 9112.04
5465 9112.04
5466 9112.04
5467 9112.04
5468 9112.04
5469 9112.04
5470 9112.04
5471 9112.04
5472 9112.04
5473 9112.04
5474 9112.04
5475 9112.04
5476 9112.04
5477 9112.04
5478 9112.04
5479 9112.04
5480 9112.03
5481 9112.03
5482 9112.03
5483 9112.03
5484 9112.03
5485 9112.03
5486 9112.03
5487 9112.03
5488 9112.03
5489 9112.03
5490 9112.03
5491 9112.03
5492 9112.03
5493 9112.03
5494 9112.03
5495 9112.03
5496 9112.03
5497 9112.03
5498 9112.03
5499 9112.03
5500 9112.03
5501 9112.03
5502 9112.03
5503 9112.03
5504 9112.03
5505 9112.03
5506 9112.03
5507 9112.03
5508 9112.03
5509 9112.03
5510 9112.03
5511 9112.03
5512 9112.03
5513 9112.03
5514 9112.03
5515 9112.03
5516 9112.03
5517 9112.03
5518 9112.03
5519 9112.02
5520 9112.02
5521 9112.02
5522 9112.02
5523 9112.02
5524 9112.02
5525 9112.02
5526 9112.02
5527 9112.02
5528 9112.02
5529 9112.02
5530 9112.02
5531 9112.02
5532 9112.02
5533 9112.02
5534 9112.02
5535 9112.02
5536 9112.02
5537 9112.02
5538 9112.02
5539 9112.02
5540 9112.02
5541 9112.02
5542 9112.02
5543 9112.02
5544 9112.02
5545 9112.02
5546 9112.02
5547 9112.02
5548 9112.02
5549 9112.02
5550 9112.02
5551 9112.02
5552 9112.02
5553 9112.02
5554 9112.02
5555 9112.02
5556 9112.02
5557 9112.02
5558 9112.02
5559 9112.02
5560 9112.01
5561 9112.01
5562 9112.01
5563 9112.01
5564 9112.01
5565 9112.01
5566 9112.01
5567 9112.01
5568 9112.01
5569 9112.01
5570 9112.01
5571 9112.01
5572 9112.01
5573 9112.01
5574 9112.01
5575 9112.01
5576 9112.01
5577 9112.01
5578 9112.01
5579 9112.01
5580 9112.01
5581 9112.01
5582 9112.01
5583 9112.01
5584 9112.01
5585 9112.01
5586 9112.01
5587 9112.01
5588 9112.01
5589 9112.01
5590 9112.01
5591 9112.01
5592 9112.01
5593 9112.01
5594 9112.01
5595 9112.01
5596 9112.01
5597 9112.01
5598 9112.01
5599 9112.01
5600 9112.01
5601 9112.01
5602 9112.01
5603 9112.01
5604 9112
5605 9112
5606 9112
5607 9112
5608 9112
5609 9112
5610 9112
5611 9112
5612 9112
5613 9112
5614 9112
5615 9112
5616 9112
5617 9112
5618 9112
5619 9112
5620 9112
5621 9112
5622 9112
5623 9112
5624 9112
5625 9112
5626 9112
5627 9112
5628 9112
5629 9112
5630 9112
5631 9112
5632 9112
5633 9112
5634 9112
5635 9112
5636 9112
5637 9112
5638 9112
5639 9112
5640 9112
5641 9112
5642 9112
5643 9112
5644 9112
5645 9112
5646 9112
5647 9112
5648 9112
5649 9112
5650 9112
5651 9112
5652 9111.99
5653 9111.99
5654 9111.99
5655 9111.99
5656 9111.99
5657 9111.99
5658 9111.99
5659 9111.99
5660 9111.99
5661 9111.99
5662 9111.99
5663 9111.99
5664 9111.99
5665 9111.99
5666 9111.99
5667 9111.99
5668 9111.99
5669 9111.99
5670 9111.99
5671 9111.99
5672 9111.99
5673 9111.99
5674 9111.99
5675 9111.99
5676 9111.99
5677 9111.99
5678 9111.99
5679 9111.99
5680 9111.99
5681 9111.99
5682 9111.99
5683 9111.99
5684 9111.99
5685 9111.99
5686 9111.99
5687 9111.99
5688 9111.99
5689 9111.99
5690 9111.99
5691 9111.99
5692 9111.99
5693 9111.99
5694 9111.99
5695 9111.99
5696 9111.99
5697 9111.99
5698 9111.99
5699 9111.99
5700 9111.99
5701 9111.99
5702 9111.99
5703 9111.99
5704 9111.98
5705 9111.98
5706 9111.98
5707 9111.98
5708 9111.98
5709 9111.98
5710 9111.98
5711 9111.98
5712 9111.98
5713 9111.98
5714 9111.98
5715 9111.98
5716 9111.98
5717 9111.98
5718 9111.98
5719 9111.98
5720 9111.98
5721 9111.98
5722 9111.98
5723 9111.98
5724 9111.98
5725 9111.98
5726 9111.98
5727 9111.98
5728 9111.98
5729 9111.98
5730 9111.98
5731 9111.98
5732 9111.98
5733 9111.98
5734 9111.98
5735 9111.98
5736 9111.98
5737 9111.98
5738 9111.98
5739 9111.98
5740 9111.98
5741 9111.98
5742 9111.98
5743 9111.98
5744 9111.98
5745 9111.98
5746 9111.98
5747 9111.98
5748 9111.98
5749 9111.98
5750 9111.98
5751 9111.98
5752 9111.98
5753 9111.98
5754 9111.98
5755 9111.98
5756 9111.98
5757 9111.98
5758 9111.98
5759 9111.98
5760 9111.98
5761 9111.98
5762 9111.97
5763 9111.97
5764 9111.97
5765 9111.97
5766 9111.97
5767 9111.97
5768 9111.97
5769 9111.97
5770 9111.97
5771 9111.97
5772 9111.97
5773 9111.97
5774 9111.97
5775 9111.97
5776 9111.97
5777 9111.97
5778 9111.97
5779 9111.97
5780 9111.97
5781 9111.97
5782 9111.97
5783 9111.97
5784 9111.97
5785 9111.97
5786 9111.97
5787 9111.97
5788 9111.97
5789 9111.97
5790 9111.97
5791 9111.97
5792 9111.97
5793 9111.97
5794 9111.97
5795 9111.97
5796 9111.97
5797 9111.97
5798 9111.97
5799 9111.97
5800 9111.97
5801 9111.97
5802 9111.97
5803 9111.97
5804 9111.97
5805 9111.97
5806 9111.97
5807 9111.97
5808 9111.97
5809 9111.97
5810 9111.97
5811 9111.97
5812 9111.97
5813 9111.97
5814 9111.97
5815 9111.97
5816 9111.97
5817 9111.97
5818 9111.97
5819 9111.97
5820 9111.97
5821 9111.97
5822 9111.97
5823 9111.97
5824 9111.97
5825 9111.97
5826 9111.97
5827 9111.96
5828 9111.96
5829 9111.96
5830 9111.96
5831 9111.96
5832 9111.96
5833 9111.96
5834 9111.96
5835 9111.96
5836 9111.96
5837 9111.96
5838 9111.96
5839 9111.96
5840 9111.96
5841 9111.96
5842 9111.96
5843 9111.96
5844 9111.96
5845 9111.96
5846 9111.96
5847 9111.96
5848 9111.96
5849 9111.96
5850 9111.96
5851 9111.96
5852 9111.96
5853 9111.96
5854 9111.96
5855 9111.96
5856 9111.96
5857 9111.96
5858 9111.96
5859 9111.96
5860 9111.96
5861 9111.96
5862 9111.96
5863 9111.96
5864 9111.96
5865 9111.96
5866 9111.96
5867 9111.96
5868 9111.96
5869 9111.96
5870 9111.96
5871 9111.96
5872 9111.96
5873 9111.96
5874 9111.96
5875 9111.96
5876 9111.96
5877 9111.96
5878 9111.96
5879 9111.96
5880 9111.96
5881 9111.96
5882 9111.96
5883 9111.96
5884 9111.96
5885 9111.96
5886 9111.96
5887 9111.96
5888 9111.96
5889 9111.96
5890 9111.96
5891 9111.96
5892 9111.96
5893 9111.96
5894 9111.96
5895 9111.96
5896 9111.96
5897 9111.96
5898 9111.96
5899 9111.96
5900 9111.96
5901 9111.96
5902 9111.96
5903 9111.95
5904 9111.95
5905 9111.95
5906 9111.95
5907 9111.95
5908 9111.95
5909 9111.95
5910 9111.95
5911 9111.95
5912 9111.95
5913 9111.95
5914 9111.95
5915 9111.95
5916 9111.95
5917 9111.95
5918 9111.95
5919 9111.95
5920 9111.95
5921 9111.95
5922 9111.95
5923 9111.95
5924 9111.95
5925 9111.95
5926 9111.95
5927 9111.95
5928 9111.95
5929 9111.95
5930 9111.95
5931 9111.95
5932 9111.95
5933 9111.95
5934 9111.95
5935 9111.95
5936 9111.95
5937 9111.95
5938 9111.95
5939 9111.95
5940 9111.95
5941 9111.95
5942 9111.95
5943 9111.95
5944 9111.95
5945 9111.95
5946 9111.95
5947 9111.95
5948 9111.95
5949 9111.95
5950 9111.95
5951 9111.95
5952 9111.95
5953 9111.95
5954 9111.95
5955 9111.95
5956 9111.95
5957 9111.95
5958 9111.95
5959 9111.95
5960 9111.95
5961 9111.95
5962 9111.95
5963 9111.95
5964 9111.95
5965 9111.95
5966 9111.95
5967 9111.95
5968 9111.95
5969 9111.95
5970 9111.95
5971 9111.95
5972 9111.95
5973 9111.95
5974 9111.95
5975 9111.95
5976 9111.95
5977 9111.95
5978 9111.95
5979 9111.95
5980 9111.95
5981 9111.95
5982 9111.95
5983 9111.95
5984 9111.95
5985 9111.95
5986 9111.95
5987 9111.95
5988 9111.95
5989 9111.95
5990 9111.95
5991 9111.95
5992 9111.95
5993 9111.94
5994 9111.94
5995 9111.94
5996 9111.94
5997 9111.94
5998 9111.94
5999 9111.94
6000 9111.94
6001 9111.94
6002 9111.94
6003 9111.94
6004 9111.94
6005 9111.94
6006 9111.94
6007 9111.94
6008 9111.94
6009 9111.94
6010 9111.94
6011 9111.94
6012 9111.94
6013 9111.94
6014 9111.94
6015 9111.94
6016 9111.94
6017 9111.94
6018 9111.94
6019 9111.94
6020 9111.94
6021 9111.94
6022 9111.94
6023 9111.94
6024 9111.94
6025 9111.94
6026 9111.94
6027 9111.94
6028 9111.94
6029 9111.94
6030 9111.94
6031 9111.94
6032 9111.94
6033 9111.94
6034 9111.94
6035 9111.94
6036 9111.94
6037 9111.94
6038 9111.94
6039 9111.94
6040 9111.94
6041 9111.94
6042 9111.94
6043 9111.94
6044 9111.94
6045 9111.94
6046 9111.94
6047 9111.94
6048 9111.94
6049 9111.94
6050 9111.94
6051 9111.94
6052 9111.94
6053 9111.94
6054 9111.94
6055 9111.94
6056 9111.94
6057 9111.94
6058 9111.94
6059 9111.94
6060 9111.94
6061 9111.94
6062 9111.94
6063 9111.94
6064 9111.94
6065 9111.94
6066 9111.94
6067 9111.94
6068 9111.94
6069 9111.94
6070 9111.94
6071 9111.94
6072 9111.94
6073 9111.94
6074 9111.94
6075 9111.94
6076 9111.94
6077 9111.94
6078 9111.94
6079 9111.94
6080 9111.94
6081 9111.94
6082 9111.94
6083 9111.94
6084 9111.94
6085 9111.94
6086 9111.94
6087 9111.94
6088 9111.94
6089 9111.94
6090 9111.94
6091 9111.94
6092 9111.94
6093 9111.94
6094 9111.94
6095 9111.94
6096 9111.94
6097 9111.94
6098 9111.94
6099 9111.94
6100 9111.94
6101 9111.94
6102 9111.94
6103 9111.94
6104 9111.94
6105 9111.94
6106 9111.94
6107 9111.94
6108 9111.93
6109 9111.93
6110 9111.93
6111 9111.93
6112 9111.93
6113 9111.93
6114 9111.93
6115 9111.93
6116 9111.93
6117 9111.93
6118 9111.93
6119 9111.93
6120 9111.93
6121 9111.93
6122 9111.93
6123 9111.93
6124 9111.93
6125 9111.93
6126 9111.93
6127 9111.93
6128 9111.93
6129 9111.93
6130 9111.93
6131 9111.93
6132 9111.93
6133 9111.93
6134 9111.93
6135 9111.93
6136 9111.93
6137 9111.93
6138 9111.93
6139 9111.93
6140 9111.93
6141 9111.93
6142 9111.93
6143 9111.93
6144 9111.93
6145 9111.93
6146 9111.93
6147 9111.93
6148 9111.93
6149 9111.93
6150 9111.93
6151 9111.93
6152 9111.93
6153 9111.93
6154 9111.93
6155 9111.93
6156 9111.93
6157 9111.93
6158 9111.93
6159 9111.93
6160 9111.93
6161 9111.93
6162 9111.93
6163 9111.93
6164 9111.93
6165 9111.93
6166 9111.93
6167 9111.93
6168 9111.93
6169 9111.93
6170 9111.93
6171 9111.93
6172 9111.93
6173 9111.93
6174 9111.93
6175 9111.93
6176 9111.93
6177 9111.93
6178 9111.93
6179 9111.93
6180 9111.93
6181 9111.93
6182 9111.93
6183 9111.93
6184 9111.93
6185 9111.93
6186 9111.93
6187 9111.93
6188 9111.93
6189 9111.93
6190 9111.93
6191 9111.93
6192 9111.93
6193 9111.93
6194 9111.93
6195 9111.93
6196 9111.93
6197 9111.93
6198 9111.93
6199 9111.93
6200 9111.93
6201 9111.93
6202 9111.93
6203 9111.93
6204 9111.93
6205 9111.93
6206 9111.93
6207 9111.93
6208 9111.93
6209 9111.93
6210 9111.93
6211 9111.93
6212 9111.93
6213 9111.93
6214 9111.93
6215 9111.93
6216 9111.93
6217 9111.93
6218 9111.93
6219 9111.93
6220 9111.93
6221 9111.93
6222 9111.93
6223 9111.93
6224 9111.93
6225 9111.93
6226 9111.93
6227 9111.93
6228 9111.93
6229 9111.93
6230 9111.93
6231 9111.93
6232 9111.93
6233 9111.93
6234 9111.93
6235 9111.93
6236 9111.93
6237 9111.93
6238 9111.93
6239 9111.93
6240 9111.93
6241 9111.93
6242 9111.93
6243 9111.93
6244 9111.93
6245 9111.93
6246 9111.93
6247 9111.93
6248 9111.93
6249 9111.93
6250 9111.93
6251 9111.93
6252 9111.93
6253 9111.93
6254 9111.93
6255 9111.93
6256 9111.93
6257 9111.93
6258 9111.93
6259 9111.93
6260 9111.93
6261 9111.93
6262 9111.93
6263 9111.93
6264 9111.93
6265 9111.93
6266 9111.93
6267 9111.93
6268 9111.93
6269 9111.93
6270 9111.93
6271 9111.93
6272 9111.93
6273 9111.93
6274 9111.93
6275 9111.93
6276 9111.93
6277 9111.93
6278 9111.92
6279 9111.92
6280 9111.92
6281 9111.92
6282 9111.92
6283 9111.92
6284 9111.92
6285 9111.92
6286 9111.92
6287 9111.92
6288 9111.92
6289 9111.92
6290 9111.92
6291 9111.92
6292 9111.92
6293 9111.92
6294 9111.92
6295 9111.92
6296 9111.92
6297 9111.92
6298 9111.92
6299 9111.92
6300 9111.92
6301 9111.92
6302 9111.92
6303 9111.92
6304 9111.92
6305 9111.92
6306 9111.92
6307 9111.92
6308 9111.92
6309 9111.92
6310 9111.92
6311 9111.92
6312 9111.92
6313 9111.92
6314 9111.92
6315 9111.92
6316 9111.92
6317 9111.92
6318 9111.92
6319 9111.92
6320 9111.92
6321 9111.92
6322 9111.92
6323 9111.92
6324 9111.92
6325 9111.92
6326 9111.92
6327 9111.92
6328 9111.92
6329 9111.92
6330 9111.92
6331 9111.92
6332 9111.92
6333 9111.92
6334 9111.92
6335 9111.92
6336 9111.92
6337 9111.92
6338 9111.92
6339 9111.92
6340 9111.92
6341 9111.92
6342 9111.92
6343 9111.92
6344 9111.92
6345 9111.92
6346 9111.92
6347 9111.92
6348 9111.92
6349 9111.92
6350 9111.92
6351 9111.92
6352 9111.92
6353 9111.92
6354 9111.92
6355 9111.92
6356 9111.92
6357 9111.92
6358 9111.92
6359 9111.92
6360 9111.92
6361 9111.92
6362 9111.92
6363 9111.92
6364 9111.92
6365 9111.92
6366 9111.92
6367 9111.92
6368 9111.92
6369 9111.92
6370 9111.92
6371 9111.92
6372 9111.92
6373 9111.92
6374 9111.92
6375 9111.92
6376 9111.92
6377 9111.92
6378 9111.92
6379 9111.92
6380 9111.92
6381 9111.92
6382 9111.92
6383 9111.92
6384 9111.92
6385 9111.92
6386 9111.92
6387 9111.92
6388 9111.92
6389 9111.92
6390 9111.92
6391 9111.92
6392 9111.92
6393 9111.92
6394 9111.92
6395 9111.92
6396 9111.92
6397 9111.92
6398 9111.92
6399 9111.92
6400 9111.92
6401 9111.92
6402 9111.92
6403 9111.92
6404 9111.92
6405 9111.92
6406 9111.92
6407 9111.92
6408 9111.92
6409 9111.92
6410 9111.92
6411 9111.92
6412 9111.92
6413 9111.92
6414 9111.92
6415 9111.92
6416 9111.92
6417 9111.92
6418 9111.92
6419 9111.92
6420 9111.92
6421 9111.92
6422 9111.92
6423 9111.92
6424 9111.92
6425 9111.92
6426 9111.92
6427 9111.92
6428 9111.92
6429 9111.92
6430 9111.92
6431 9111.92
6432 9111.92
6433 9111.92
6434 9111.92
6435 9111.92
6436 9111.92
6437 9111.92
6438 9111.92
6439 9111.92
6440 9111.92
6441 9111.92
6442 9111.92
6443 9111.92
6444 9111.92
6445 9111.92
6446 9111.92
6447 9111.92
6448 9111.92
6449 9111.92
6450 9111.92
6451 9111.92
6452 9111.92
6453 9111.92
6454 9111.92
6455 9111.92
6456 9111.92
6457 9111.92
6458 9111.92
6459 9111.92
6460 9111.92
6461 9111.92
6462 9111.92
6463 9111.92
6464 9111.92
6465 9111.92
6466 9111.92
6467 9111.92
6468 9111.92
6469 9111.92
6470 9111.92
6471 9111.92
6472 9111.92
6473 9111.92
6474 9111.92
6475 9111.92
6476 9111.92
6477 9111.92
6478 9111.92
6479 9111.92
6480 9111.92
6481 9111.92
6482 9111.92
6483 9111.92
6484 9111.92
6485 9111.92
6486 9111.92
6487 9111.92
6488 9111.92
6489 9111.92
6490 9111.92
6491 9111.92
6492 9111.92
6493 9111.92
6494 9111.92
6495 9111.92
6496 9111.92
6497 9111.92
6498 9111.92
6499 9111.92
6500 9111.92
6501 9111.92
6502 9111.92
6503 9111.92
6504 9111.92
6505 9111.92
6506 9111.92
6507 9111.92
6508 9111.92
6509 9111.92
6510 9111.92
6511 9111.92
6512 9111.92
6513 9111.92
6514 9111.92
6515 9111.92
6516 9111.92
6517 9111.92
6518 9111.92
6519 9111.92
6520 9111.92
6521 9111.92
6522 9111.92
6523 9111.92
6524 9111.92
6525 9111.92
6526 9111.92
6527 9111.92
6528 9111.92
6529 9111.92
6530 9111.92
6531 9111.92
6532 9111.92
6533 9111.92
6534 9111.92
6535 9111.92
6536 9111.92
6537 9111.92
6538 9111.92
6539 9111.92
6540 9111.92
6541 9111.92
6542 9111.92
6543 9111.92
6544 9111.92
6545 9111.92
6546 9111.92
6547 9111.92
6548 9111.92
6549 9111.92
6550 9111.92
6551 9111.92
6552 9111.92
6553 9111.92
6554 9111.92
6555 9111.92
6556 9111.92
6557 9111.92
6558 9111.92
6559 9111.92
6560 9111.92
6561 9111.92
6562 9111.92
6563 9111.92
6564 9111.92
6565 9111.92
6566 9111.92
6567 9111.92
6568 9111.92
6569 9111.92
6570 9111.92
6571 9111.92
6572 9111.92
6573 9111.92
6574 9111.92
6575 9111.92
6576 9111.92
6577 9111.92
6578 9111.92
6579 9111.92
6580 9111.92
6581 9111.92
6582 9111.92
6583 9111.92
6584 9111.92
6585 9111.92
6586 9111.92
6587 9111.92
6588 9111.92
6589 9111.92
6590 9111.92
6591 9111.92
6592 9111.92
6593 9111.92
6594 9111.92
6595 9111.92
6596 9111.92
6597 9111.92
6598 9111.92
6599 9111.92
6600 9111.92
6601 9111.92
6602 9111.92
6603 9111.92
6604 9111.92
6605 9111.92
6606 9111.92
6607 9111.92
6608 9111.92
6609 9111.92
6610 9111.92
6611 9111.92
6612 9111.92
6613 9111.92
6614 9111.92
6615 9111.92
6616 9111.92
6617 9111.92
6618 9111.92
6619 9111.92
6620 9111.92
