0 0 0 0
0.1 -0.075 -0.0749999 4.45739e-08
0.2 -0.149999 -0.149998 5.92614e-07
0.3 -0.22499 -0.224988 1.9613e-06
0.4 -0.299955 -0.299951 4.31949e-06
0.5 -0.374867 -0.374859 7.72518e-06
0.6 -0.449684 -0.449672 1.21557e-05
0.7 -0.524354 -0.524336 1.75317e-05
0.8 -0.59881 -0.598786 2.37362e-05
0.9 -0.672978 -0.672948 3.06292e-05
1 -0.746776 -0.746738 3.80597e-05
1.1 -0.820115 -0.820069 4.58735e-05
1.2 -0.892899 -0.892845 5.39203e-05
1.3 -0.965033 -0.964971 6.20579e-05
1.4 -1.03642 -1.03635 7.01554e-05
1.5 -1.10696 -1.10688 7.80951e-05
1.6 -1.17656 -1.17647 8.57739e-05
1.7 -1.24512 -1.24503 9.31033e-05
1.8 -1.31256 -1.31246 0.000100009
1.9 -1.3788 -1.37869 0.000106433
2 -1.44376 -1.44364 0.000112326
2.1 -1.50736 -1.50724 0.000117656
2.2 -1.56954 -1.56942 0.0001224
2.3 -1.63025 -1.63013 0.000126546
2.4 -1.68944 -1.68931 0.000130088
2.5 -1.74705 -1.74692 0.000133032
2.6 -1.80307 -1.80293 0.000135389
2.7 -1.85745 -1.85731 0.000137174
2.8 -1.91018 -1.91004 0.000138409
2.9 -1.96124 -1.9611 0.00013912
3 -2.01062 -2.01048 0.000139334
3.1 -2.05832 -2.05818 0.000139081
3.2 -2.10435 -2.10421 0.000138394
3.3 -2.1487 -2.14857 0.000137304
3.4 -2.1914 -2.19127 0.000135846
3.5 -2.23246 -2.23233 0.000134052
3.6 -2.2719 -2.27177 0.000131955
3.7 -2.30975 -2.30962 0.000129588
3.8 -2.34603 -2.3459 0.000126981
3.9 -2.38077 -2.38065 0.000124166
4 -2.41402 -2.4139 0.000121171
4.1 -2.4458 -2.44568 0.000118023
4.2 -2.47615 -2.47604 0.000114748
4.3 -2.50512 -2.50501 0.000111371
4.4 -2.53273 -2.53263 0.000107915
4.5 -2.55904 -2.55894 0.0001044
4.6 -2.58409 -2.58398 0.000100847
4.7 -2.60791 -2.60781 9.72716e-05
4.8 -2.63055 -2.63045 9.36918e-05
4.9 -2.65205 -2.65196 9.0122e-05
5 -2.67245 -2.67237 8.65754e-05
5.1 -2.69181 -2.69172 8.30641e-05
5.2 -2.71015 -2.71007 7.95985e-05
5.3 -2.72752 -2.72745 7.61879e-05
5.4 -2.74397 -2.7439 7.28406e-05
5.5 -2.75952 -2.75946 6.95635e-05
5.6 -2.77423 -2.77416 6.63626e-05
5.7 -2.78812 -2.78806 6.32429e-05
5.8 -2.80124 -2.80118 6.02086e-05
5.9 -2.81362 -2.81357 5.72629e-05
6 -2.8253 -2.82525 5.44084e-05
6.1 -2.83631 -2.83626 5.1647e-05
6.2 -2.84668 -2.84663 4.898e-05
6.3 -2.85645 -2.8564 4.64079e-05
6.4 -2.86564 -2.8656 4.39311e-05
6.5 -2.87429 -2.87425 4.15493e-05
6.6 -2.88243 -2.88239 3.92618e-05
6.7 -2.89007 -2.89003 3.70676e-05
6.8 -2.89725 -2.89722 3.49653e-05
6.9 -2.90399 -2.90396 3.29535e-05
7 -2.91032 -2.91029 3.10303e-05
7.1 -2.91626 -2.91623 2.91937e-05
7.2 -2.92183 -2.92181 2.74415e-05
7.3 -2.92705 -2.92703 2.57715e-05
7.4 -2.93195 -2.93192 2.41813e-05
7.5 -2.93653 -2.93651 2.26683e-05
7.6 -2.94082 -2.9408 2.123e-05
7.7 -2.94484 -2.94482 1.98638e-05
7.8 -2.9486 -2.94858 1.85672e-05
7.9 -2.95211 -2.9521 1.73374e-05
8 -2.9554 -2.95538 1.6172e-05
8.1 -2.95847 -2.95846 1.50682e-05
8.2 -2.96134 -2.96133 1.40236e-05
8.3 -2.96402 -2.96401 1.30355e-05
8.4 -2.96653 -2.96652 1.21016e-05
8.5 -2.96886 -2.96885 1.12193e-05
8.6 -2.97105 -2.97104 1.03864e-05
8.7 -2.97308 -2.97307 9.60038e-06
8.8 -2.97498 -2.97497 8.85911e-06
8.9 -2.97675 -2.97674 8.16038e-06
9 -2.9784 -2.97839 7.50208e-06
9.1 -2.97993 -2.97992 6.88217e-06
9.2 -2.98136 -2.98136 6.29868e-06
9.3 -2.9827 -2.98269 5.74972e-06
9.4 -2.98394 -2.98393 5.23346e-06
9.5 -2.98509 -2.98509 4.74817e-06
9.6 -2.98617 -2.98616 4.29217e-06
9.7 -2.98717 -2.98716 3.86386e-06
9.8 -2.9881 -2.98809 3.46171e-06
9.9 -2.98896 -2.98896 3.08425e-06
10 -2.98977 -2.98976 2.7301e-06
10.1 -2.99051 -2.99051 2.39792e-06
10.2 -2.99121 -2.9912 2.08645e-06
10.3 -2.99185 -2.99185 1.79451e-06
10.4 -2.99245 -2.99245 1.52093e-06
10.5 -2.99301 -2.99301 1.26465e-06
10.6 -2.99352 -2.99352 1.02463e-06
10.7 -2.994 -2.994 7.99905e-07
10.8 -2.99445 -2.99445 5.89557e-07
10.9 -2.99486 -2.99486 3.92715e-07
11 -2.99524 -2.99524 2.08556e-07
11.1 -2.9956 -2.9956 3.63045e-08
11.2 -2.99593 -2.99593 1.24772e-07
11.3 -2.99623 -2.99623 2.75365e-07
11.4 -2.99651 -2.99651 4.16125e-07
11.5 -2.99678 -2.99678 5.47666e-07
11.6 -2.99702 -2.99702 6.70565e-07
11.7 -2.99724 -2.99724 7.85366e-07
11.8 -2.99745 -2.99745 8.9258e-07
11.9 -2.99765 -2.99765 9.92687e-07
12 -2.99782 -2.99782 1.08614e-06
12.1 -2.99799 -2.99799 1.17335e-06
12.2 -2.99814 -2.99814 1.25474e-06
12.3 -2.99828 -2.99829 1.33066e-06
12.4 -2.99841 -2.99842 1.40146e-06
12.5 -2.99854 -2.99854 1.46748e-06
12.6 -2.99865 -2.99865 1.52903e-06
12.7 -2.99875 -2.99875 1.58638e-06
12.8 -2.99885 -2.99885 1.6398e-06
12.9 -2.99894 -2.99894 1.68956e-06
13 -2.99902 -2.99902 1.73587e-06
13.1 -2.99909 -2.9991 1.77897e-06
13.2 -2.99916 -2.99917 1.81906e-06
13.3 -2.99923 -2.99923 1.85633e-06
13.4 -2.99929 -2.99929 1.89096e-06
13.5 -2.99934 -2.99935 1.92311e-06
13.6 -2.99939 -2.9994 1.95295e-06
13.7 -2.99944 -2.99944 1.98061e-06
13.8 -2.99948 -2.99949 2.00623e-06
13.9 -2.99952 -2.99953 2.02995e-06
14 -2.99956 -2.99956 2.05187e-06
14.1 -2.9996 -2.9996 2.07212e-06
14.2 -2.99963 -2.99963 2.09078e-06
14.3 -2.99966 -2.99966 2.10795e-06
14.4 -2.99968 -2.99969 2.12373e-06
14.5 -2.99971 -2.99971 2.1382e-06
14.6 -2.99973 -2.99973 2.15143e-06
14.7 -2.99975 -2.99975 2.16349e-06
14.8 -2.99977 -2.99977 2.17445e-06
14.9 -2.99979 -2.99979 2.18438e-06
15 -2.99981 -2.99981 2.19333e-06
15.1 -2.99982 -2.99982 2.20135e-06
15.2 -2.99984 -2.99984 2.20849e-06
15.3 -2.99985 -2.99985 2.2148e-06
15.4 -2.99986 -2.99986 2.22033e-06
15.5 -2.99987 -2.99987 2.22511e-06
15.6 -2.99988 -2.99988 2.22917e-06
15.7 -2.99989 -2.99989 2.23256e-06
15.8 -2.9999 -2.9999 2.23531e-06
15.9 -2.99991 -2.99991 2.23744e-06
16 -2.99991 -2.99992 2.23898e-06
16.1 -2.99992 -2.99992 2.23996e-06
16.2 -2.99993 -2.99993 2.2404e-06
16.3 -2.99993 -2.99993 2.24033e-06
16.4 -2.99994 -2.99994 2.23976e-06
16.5 -2.99994 -2.99994 2.23871e-06
16.6 -2.99995 -2.99995 2.23721e-06
16.7 -2.99995 -2.99995 2.23526e-06
16.8 -2.99996 -2.99996 2.23288e-06
16.9 -2.99996 -2.99996 2.2301e-06
17 -2.99996 -2.99996 2.22691e-06
17.1 -2.99996 -2.99997 2.22333e-06
17.2 -2.99997 -2.99997 2.21938e-06
17.3 -2.99997 -2.99997 2.21506e-06
17.4 -2.99997 -2.99997 2.21039e-06
17.5 -2.99997 -2.99998 2.20537e-06
17.6 -2.99998 -2.99998 2.20002e-06
17.7 -2.99998 -2.99998 2.19433e-06
17.8 -2.99998 -2.99998 2.18832e-06
17.9 -2.99998 -2.99998 2.182e-06
18 -2.99998 -2.99998 2.17537e-06
18.1 -2.99998 -2.99999 2.16843e-06
18.2 -2.99998 -2.99999 2.1612e-06
18.3 -2.99999 -2.99999 2.15368e-06
18.4 -2.99999 -2.99999 2.14588e-06
18.5 -2.99999 -2.99999 2.13779e-06
18.6 -2.99999 -2.99999 2.12943e-06
18.7 -2.99999 -2.99999 2.12079e-06
18.8 -2.99999 -2.99999 2.11188e-06
18.9 -2.99999 -2.99999 2.10272e-06
19 -2.99999 -2.99999 2.09329e-06
19.1 -2.99999 -2.99999 2.0836e-06
19.2 -2.99999 -2.99999 2.07366e-06
19.3 -2.99999 -2.99999 2.06347e-06
19.4 -2.99999 -3 2.05303e-06
19.5 -2.99999 -3 2.04235e-06
19.6 -2.99999 -3 2.03143e-06
19.7 -2.99999 -3 2.02026e-06
19.8 -2.99999 -3 2.00887e-06
19.9 -2.99999 -3 1.99723e-06
20 -3 -3 1.98537e-06
20.1 -3 -3 1.97328e-06
20.2 -3 -3 1.96096e-06
20.3 -3 -3 1.94841e-06
20.4 -3 -3 1.93565e-06
20.5 -3 -3 1.92266e-06
20.6 -3 -3 1.90946e-06
20.7 -3 -3 1.89604e-06
20.8 -3 -3 1.8824e-06
20.9 -3 -3 1.86856e-06
21 -3 -3 1.85451e-06
21.1 -3 -3 1.84025e-06
21.2 -3 -3 1.82578e-06
21.3 -3 -3 1.81111e-06
21.4 -3 -3 1.79624e-06
21.5 -3 -3 1.78117e-06
21.6 -3 -3 1.76591e-06
21.7 -3 -3 1.75044e-06
21.8 -3 -3 1.73479e-06
21.9 -3 -3 1.71894e-06
22 -3 -3 1.70291e-06
22.1 -3 -3 1.68668e-06
22.2 -3 -3 1.67027e-06
22.3 -3 -3 1.65368e-06
22.4 -3 -3 1.63691e-06
22.5 -3 -3 1.61996e-06
22.6 -3 -3 1.60283e-06
22.7 -3 -3 1.58552e-06
22.8 -3 -3 1.56804e-06
22.9 -3 -3 1.55039e-06
23 -3 -3 1.53257e-06
23.1 -3 -3 1.51459e-06
23.2 -3 -3 1.49644e-06
23.3 -3 -3 1.47812e-06
23.4 -3 -3 1.45965e-06
23.5 -3 -3 1.44101e-06
23.6 -3 -3 1.42222e-06
23.7 -3 -3 1.40328e-06
23.8 -3 -3 1.38418e-06
23.9 -3 -3 1.36493e-06
24 -3 -3 1.34554e-06
24.1 -3 -3 1.32599e-06
24.2 -3 -3 1.30631e-06
24.3 -3 -3 1.28648e-06
24.4 -3 -3 1.26652e-06
24.5 -3 -3 1.24641e-06
24.6 -3 -3 1.22617e-06
24.7 -3 -3 1.2058e-06
24.8 -3 -3 1.1853e-06
24.9 -3 -3 1.16467e-06
25 -3 -3 1.14392e-06
25.1 -3 -3 1.12304e-06
25.2 -3 -3 1.10204e-06
25.3 -3 -3 1.08093e-06
25.4 -3 -3 1.05969e-06
25.5 -3 -3 1.03834e-06
25.6 -3 -3 1.01688e-06
25.7 -3 -3 9.95315e-07
25.8 -3 -3 9.73639e-07
25.9 -3 -3 9.51858e-07
26 -3 -3 9.29976e-07
26.1 -3 -3 9.07993e-07
26.2 -3 -3 8.85914e-07
26.3 -3 -3 8.63739e-07
26.4 -3 -3 8.41472e-07
26.5 -3 -3 8.19116e-07
26.6 -3 -3 7.96671e-07
26.7 -3 -3 7.74142e-07
26.8 -3 -3 7.51531e-07
26.9 -3 -3 7.28839e-07
27 -3 -3 7.0607e-07
27.1 -3 -3 6.83225e-07
27.2 -3 -3 6.60309e-07
27.3 -3 -3 6.37322e-07
27.4 -3 -3 6.14268e-07
27.5 -3 -3 5.91149e-07
27.6 -3 -3 5.67967e-07
27.7 -3 -3 5.44726e-07
27.8 -3 -3 5.21428e-07
27.9 -3 -3 4.98075e-07
28 -3 -3 4.7467e-07
28.1 -3 -3 4.51215e-07
28.2 -3 -3 4.27713e-07
28.3 -3 -3 4.04167e-07
28.4 -3 -3 3.80579e-07
28.5 -3 -3 3.56952e-07
28.6 -3 -3 3.33288e-07
28.7 -3 -3 3.09591e-07
28.8 -3 -3 2.85862e-07
28.9 -3 -3 2.62104e-07
29 -3 -3 2.3832e-07
29.1 -3 -3 2.14512e-07
29.2 -3 -3 1.90684e-07
29.3 -3 -3 1.66837e-07
29.4 -3 -3 1.42974e-07
29.5 -3 -3 1.19098e-07
29.6 -3 -3 9.52119e-08
29.7 -3 -3 7.13178e-08
29.8 -3 -3 4.74184e-08
29.9 -3 -3 2.35164e-08
30 -3 -3 3.85581e-10
