0 0 0 0
0.1 -0.0505057 -0.0749999 0.0244943
0.2 -0.101016 -0.149998 0.0489823
0.3 -0.151527 -0.224988 0.0734607
0.4 -0.202024 -0.299951 0.0979267
0.5 -0.252482 -0.374859 0.122377
0.6 -0.302863 -0.449672 0.146809
0.7 -0.353116 -0.524336 0.17122
0.8 -0.403179 -0.598786 0.195607
0.9 -0.45298 -0.672948 0.219967
1 -0.50244 -0.746738 0.244298
1.1 -0.551472 -0.820069 0.268597
1.2 -0.599984 -0.892845 0.292862
1.3 -0.647883 -0.964971 0.317088
1.4 -0.695073 -1.03635 0.341275
1.5 -0.741461 -1.10688 0.365419
1.6 -0.786953 -1.17647 0.389517
1.7 -0.831461 -1.24503 0.413567
1.8 -0.874897 -1.31246 0.437566
1.9 -0.917183 -1.37869 0.461512
2 -0.958243 -1.44364 0.485401
2.1 -0.99801 -1.50724 0.509231
2.2 -1.03642 -1.56942 0.532999
2.3 -1.07342 -1.63013 0.556703
2.4 -1.10897 -1.68931 0.580339
2.5 -1.14302 -1.74692 0.603906
2.6 -1.17553 -1.80293 0.6274
2.7 -1.20649 -1.85731 0.650818
2.8 -1.23588 -1.91004 0.674159
2.9 -1.26368 -1.9611 0.697419
3 -1.28989 -2.01048 0.720596
3.1 -1.3145 -2.05818 0.743687
3.2 -1.33752 -2.10421 0.766689
3.3 -1.35896 -2.14857 0.789601
3.4 -1.37885 -2.19127 0.812419
3.5 -1.39719 -2.23233 0.835141
3.6 -1.414 -2.27177 0.857764
3.7 -1.42933 -2.30962 0.880286
3.8 -1.4432 -2.3459 0.902704
3.9 -1.45563 -2.38065 0.925016
4 -1.46668 -2.4139 0.94722
4.1 -1.47637 -2.44568 0.969312
4.2 -1.48475 -2.47604 0.991292
4.3 -1.49185 -2.50501 1.01316
4.4 -1.49773 -2.53263 1.0349
4.5 -1.50241 -2.55894 1.05653
4.6 -1.50596 -2.58398 1.07803
4.7 -1.5084 -2.60781 1.09941
4.8 -1.5098 -2.63045 1.12066
4.9 -1.51018 -2.65196 1.14178
5 -1.5096 -2.67237 1.16277
5.1 -1.5081 -2.69172 1.18362
5.2 -1.50573 -2.71007 1.20434
5.3 -1.50253 -2.72745 1.22492
5.4 -1.49853 -2.7439 1.24536
5.5 -1.49379 -2.75946 1.26566
5.6 -1.48835 -2.77416 1.28582
5.7 -1.48224 -2.78806 1.30583
5.8 -1.4755 -2.80118 1.32569
5.9 -1.46817 -2.81357 1.3454
6 -1.46029 -2.82525 1.36495
6.1 -1.4519 -2.83626 1.38436
6.2 -1.44303 -2.84663 1.40361
6.3 -1.43371 -2.8564 1.4227
6.4 -1.42397 -2.8656 1.44163
6.5 -1.41385 -2.87425 1.4604
6.6 -1.40338 -2.88239 1.479
6.7 -1.39259 -2.89003 1.49745
6.8 -1.3815 -2.89722 1.51572
6.9 -1.37014 -2.90396 1.53383
7 -1.35853 -2.91029 1.55176
7.1 -1.34671 -2.91623 1.56953
7.2 -1.33469 -2.92181 1.58712
7.3 -1.32249 -2.92703 1.60454
7.4 -1.31015 -2.93192 1.62178
7.5 -1.29767 -2.93651 1.63884
7.6 -1.28508 -2.9408 1.65572
7.7 -1.2724 -2.94482 1.67242
7.8 -1.25964 -2.94858 1.68894
7.9 -1.24682 -2.9521 1.70527
8 -1.23396 -2.95538 1.72142
8.1 -1.22107 -2.95846 1.73739
8.2 -1.20817 -2.96133 1.75316
8.3 -1.19526 -2.96401 1.76875
8.4 -1.18238 -2.96652 1.78414
8.5 -1.16951 -2.96885 1.79934
8.6 -1.15669 -2.97104 1.81435
8.7 -1.14391 -2.97307 1.82916
8.8 -1.13119 -2.97497 1.84378
8.9 -1.11854 -2.97674 1.8582
9 -1.10597 -2.97839 1.87242
9.1 -1.09348 -2.97992 1.88644
9.2 -1.08109 -2.98136 1.90026
9.3 -1.06881 -2.98269 1.91388
9.4 -1.05663 -2.98393 1.9273
9.5 -1.04458 -2.98509 1.94051
9.6 -1.03264 -2.98616 1.95352
9.7 -1.02084 -2.98716 1.96632
9.8 -1.00918 -2.98809 1.97891
9.9 -0.997664 -2.98896 1.99129
10 -0.986293 -2.98976 2.00347
10.1 -0.975076 -2.99051 2.01543
10.2 -0.964017 -2.9912 2.02719
10.3 -0.953122 -2.99185 2.03873
10.4 -0.942394 -2.99245 2.05006
10.5 -0.931837 -2.99301 2.06117
10.6 -0.921455 -2.99352 2.07207
10.7 -0.911253 -2.994 2.08275
10.8 -0.901232 -2.99445 2.09321
10.9 -0.891397 -2.99486 2.10346
11 -0.881751 -2.99524 2.11349
11.1 -0.872296 -2.9956 2.1233
11.2 -0.863036 -2.99593 2.13289
11.3 -0.853973 -2.99623 2.14226
11.4 -0.845108 -2.99651 2.15141
11.5 -0.836446 -2.99678 2.16033
11.6 -0.827987 -2.99702 2.16903
11.7 -0.819735 -2.99724 2.17751
11.8 -0.811691 -2.99745 2.18576
11.9 -0.803856 -2.99765 2.19379
12 -0.796233 -2.99782 2.20159
12.1 -0.788824 -2.99799 2.20917
12.2 -0.781629 -2.99814 2.21651
12.3 -0.774652 -2.99829 2.22363
12.4 -0.767892 -2.99842 2.23052
12.5 -0.761352 -2.99854 2.23719
12.6 -0.755032 -2.99865 2.24362
12.7 -0.748935 -2.99875 2.24982
12.8 -0.74306 -2.99885 2.25579
12.9 -0.73741 -2.99894 2.26153
13 -0.731986 -2.99902 2.26703
13.1 -0.726788 -2.9991 2.27231
13.2 -0.721818 -2.99917 2.27735
13.3 -0.717076 -2.99923 2.28215
13.4 -0.712563 -2.99929 2.28673
13.5 -0.708281 -2.99935 2.29106
13.6 -0.70423 -2.9994 2.29517
13.7 -0.70041 -2.99944 2.29903
13.8 -0.696823 -2.99949 2.30266
13.9 -0.69347 -2.99953 2.30606
14 -0.69035 -2.99956 2.30921
14.1 -0.687465 -2.9996 2.31213
14.2 -0.684816 -2.99963 2.31481
14.3 -0.682402 -2.99966 2.31726
14.4 -0.680225 -2.99969 2.31946
14.5 -0.678285 -2.99971 2.32142
14.6 -0.676583 -2.99973 2.32315
14.7 -0.675119 -2.99975 2.32464
14.8 -0.673893 -2.99977 2.32588
14.9 -0.672906 -2.99979 2.32689
15 -0.672159 -2.99981 2.32765
15.1 -0.671652 -2.99982 2.32817
15.2 -0.671385 -2.99984 2.32845
15.3 -0.671359 -2.99985 2.32849
15.4 -0.671573 -2.99986 2.32829
15.5 -0.672029 -2.99987 2.32784
15.6 -0.672727 -2.99988 2.32716
15.7 -0.673667 -2.99989 2.32623
15.8 -0.674849 -2.9999 2.32505
15.9 -0.676274 -2.99991 2.32364
16 -0.677941 -2.99992 2.32198
16.1 -0.679851 -2.99992 2.32007
16.2 -0.682005 -2.99993 2.31792
16.3 -0.684402 -2.99993 2.31553
16.4 -0.687042 -2.99994 2.3129
16.5 -0.689927 -2.99994 2.31002
16.6 -0.693055 -2.99995 2.30689
16.7 -0.696427 -2.99995 2.30353
16.8 -0.700043 -2.99996 2.29991
16.9 -0.703903 -2.99996 2.29606
17 -0.708008 -2.99996 2.29196
17.1 -0.712357 -2.99997 2.28761
17.2 -0.71695 -2.99997 2.28302
17.3 -0.721787 -2.99997 2.27819
17.4 -0.726868 -2.99997 2.27311
17.5 -0.732194 -2.99998 2.26778
17.6 -0.737764 -2.99998 2.26221
17.7 -0.743578 -2.99998 2.2564
17.8 -0.749636 -2.99998 2.25035
17.9 -0.755937 -2.99998 2.24405
18 -0.762483 -2.99998 2.2375
18.1 -0.769272 -2.99999 2.23071
18.2 -0.776304 -2.99999 2.22368
18.3 -0.783579 -2.99999 2.21641
18.4 -0.791097 -2.99999 2.20889
18.5 -0.798858 -2.99999 2.20113
18.6 -0.806861 -2.99999 2.19313
18.7 -0.815106 -2.99999 2.18489
18.8 -0.823593 -2.99999 2.1764
18.9 -0.832321 -2.99999 2.16767
19 -0.84129 -2.99999 2.1587
19.1 -0.8505 -2.99999 2.14949
19.2 -0.859949 -2.99999 2.14005
19.3 -0.869638 -2.99999 2.13036
19.4 -0.879567 -3 2.12043
19.5 -0.889734 -3 2.11026
19.6 -0.900139 -3 2.09986
19.7 -0.910781 -3 2.08922
19.8 -0.92166 -3 2.07834
19.9 -0.932776 -3 2.06722
20 -0.944127 -3 2.05587
20.1 -0.955712 -3 2.04429
20.2 -0.967532 -3 2.03247
20.3 -0.979586 -3 2.02041
20.4 -0.991871 -3 2.00813
20.5 -1.00439 -3 1.99561
20.6 -1.01714 -3 1.98286
20.7 -1.03012 -3 1.96988
20.8 -1.04332 -3 1.95668
20.9 -1.05676 -3 1.94324
21 -1.07042 -3 1.92958
21.1 -1.08431 -3 1.91569
21.2 -1.09842 -3 1.90158
21.3 -1.11276 -3 1.88724
21.4 -1.12732 -3 1.87268
21.5 -1.1421 -3 1.85789
21.6 -1.15711 -3 1.84289
21.7 -1.17233 -3 1.82767
21.8 -1.18777 -3 1.81223
21.9 -1.20343 -3 1.79657
22 -1.2193 -3 1.7807
22.1 -1.23538 -3 1.76462
22.2 -1.25168 -3 1.74832
22.3 -1.26819 -3 1.73181
22.4 -1.28491 -3 1.71509
22.5 -1.30183 -3 1.69817
22.6 -1.31897 -3 1.68103
22.7 -1.33631 -3 1.66369
22.8 -1.35385 -3 1.64615
22.9 -1.37159 -3 1.62841
23 -1.38953 -3 1.61047
23.1 -1.40767 -3 1.59233
23.2 -1.42601 -3 1.57399
23.3 -1.44454 -3 1.55546
23.4 -1.46326 -3 1.53674
23.5 -1.48218 -3 1.51782
23.6 -1.50128 -3 1.49872
23.7 -1.52057 -3 1.47943
23.8 -1.54004 -3 1.45996
23.9 -1.5597 -3 1.4403
24 -1.57953 -3 1.42047
24.1 -1.59955 -3 1.40045
24.2 -1.61974 -3 1.38026
24.3 -1.6401 -3 1.3599
24.4 -1.66064 -3 1.33936
24.5 -1.68134 -3 1.31866
24.6 -1.70222 -3 1.29778
24.7 -1.72325 -3 1.27675
24.8 -1.74445 -3 1.25555
24.9 -1.76581 -3 1.23419
25 -1.78733 -3 1.21267
25.1 -1.809 -3 1.191
25.2 -1.83082 -3 1.16918
25.3 -1.8528 -3 1.1472
25.4 -1.87492 -3 1.12508
25.5 -1.89718 -3 1.10282
25.6 -1.91959 -3 1.08041
25.7 -1.94213 -3 1.05787
25.8 -1.96481 -3 1.03519
25.9 -1.98763 -3 1.01237
26 -2.01057 -3 0.989426
26.1 -2.03365 -3 0.966353
26.2 -2.05685 -3 0.943155
26.3 -2.08017 -3 0.919835
26.4 -2.1036 -3 0.896395
26.5 -2.12716 -3 0.87284
26.6 -2.15083 -3 0.849172
26.7 -2.17461 -3 0.825393
26.8 -2.19849 -3 0.801508
26.9 -2.22248 -3 0.777518
27 -2.24657 -3 0.753428
27.1 -2.27076 -3 0.72924
27.2 -2.29504 -3 0.704957
27.3 -2.31942 -3 0.680583
27.4 -2.34388 -3 0.65612
27.5 -2.36843 -3 0.631572
27.6 -2.39306 -3 0.606943
27.7 -2.41776 -3 0.582235
27.8 -2.44255 -3 0.557452
27.9 -2.4674 -3 0.532597
28 -2.49233 -3 0.507673
28.1 -2.51732 -3 0.482684
28.2 -2.54237 -3 0.457633
28.3 -2.56748 -3 0.432523
28.4 -2.59264 -3 0.407358
28.5 -2.61786 -3 0.382141
28.6 -2.64312 -3 0.356876
28.7 -2.66843 -3 0.331565
28.8 -2.69379 -3 0.306213
28.9 -2.71918 -3 0.280823
29 -2.7446 -3 0.255398
29.1 -2.77006 -3 0.229942
29.2 -2.79554 -3 0.204458
29.3 -2.82105 -3 0.178949
29.4 -2.84658 -3 0.15342
29.5 -2.87213 -3 0.127873
29.6 -2.89769 -3 0.102313
29.7 -2.92326 -3 0.0767414
29.8 -2.94884 -3 0.0511633
29.9 -2.97442 -3 0.0255816
30 -3 -3 3.85581e-10
