0 0 0 0
0.1 -0.0726311 -0.0749999 0.00236887
0.2 -0.145262 -0.149998 0.00473671
0.3 -0.217885 -0.224988 0.00710296
0.4 -0.290484 -0.299951 0.00946718
0.5 -0.36303 -0.374859 0.011829
0.6 -0.435484 -0.449672 0.0141883
0.7 -0.507791 -0.524336 0.0165449
0.8 -0.579888 -0.598786 0.0188985
0.9 -0.651699 -0.672948 0.0212491
1 -0.723142 -0.746738 0.0235966
1.1 -0.794128 -0.820069 0.0259408
1.2 -0.864564 -0.892845 0.0282817
1.3 -0.934352 -0.964971 0.0306192
1.4 -1.0034 -1.03635 0.032953
1.5 -1.0716 -1.10688 0.0352832
1.6 -1.13886 -1.17647 0.0376094
1.7 -1.2051 -1.24503 0.0399317
1.8 -1.27021 -1.31246 0.0422497
1.9 -1.33413 -1.37869 0.0445633
2 -1.39677 -1.44364 0.0468722
2.1 -1.45806 -1.50724 0.0491764
2.2 -1.51795 -1.56942 0.0514754
2.3 -1.57636 -1.63013 0.0537692
2.4 -1.63325 -1.68931 0.0560574
2.5 -1.68858 -1.74692 0.0583397
2.6 -1.74232 -1.80293 0.060616
2.7 -1.79443 -1.85731 0.062886
2.8 -1.84489 -1.91004 0.0651493
2.9 -1.89369 -1.9611 0.0674058
3 -1.94083 -2.01048 0.0696551
3.1 -1.98629 -2.05818 0.071897
3.2 -2.03008 -2.10421 0.0741312
3.3 -2.07221 -2.14857 0.0763573
3.4 -2.11269 -2.19127 0.0785753
3.5 -2.15154 -2.23233 0.0807846
3.6 -2.18878 -2.27177 0.0829852
3.7 -2.22444 -2.30962 0.0851767
3.8 -2.25854 -2.3459 0.0873588
3.9 -2.29112 -2.38065 0.0895313
4 -2.32221 -2.4139 0.0916939
4.1 -2.35184 -2.44568 0.0938464
4.2 -2.38005 -2.47604 0.0959885
4.3 -2.40689 -2.50501 0.0981198
4.4 -2.43239 -2.53263 0.10024
4.5 -2.45659 -2.55894 0.10235
4.6 -2.47954 -2.58398 0.104447
4.7 -2.50127 -2.60781 0.106534
4.8 -2.52184 -2.63045 0.108608
4.9 -2.54129 -2.65196 0.11067
5 -2.55965 -2.67237 0.11272
5.1 -2.57697 -2.69172 0.114757
5.2 -2.59329 -2.71007 0.116781
5.3 -2.60866 -2.72745 0.118792
5.4 -2.62311 -2.7439 0.12079
5.5 -2.63668 -2.75946 0.122774
5.6 -2.64942 -2.77416 0.124745
5.7 -2.66136 -2.78806 0.126701
5.8 -2.67254 -2.80118 0.128644
5.9 -2.683 -2.81357 0.130572
6 -2.69276 -2.82525 0.132485
6.1 -2.70188 -2.83626 0.134383
6.2 -2.71037 -2.84663 0.136267
6.3 -2.71827 -2.8564 0.138135
6.4 -2.72561 -2.8656 0.139988
6.5 -2.73243 -2.87425 0.141825
6.6 -2.73874 -2.88239 0.143646
6.7 -2.74458 -2.89003 0.145451
6.8 -2.74998 -2.89722 0.14724
6.9 -2.75495 -2.90396 0.149012
7 -2.75953 -2.91029 0.150768
7.1 -2.76373 -2.91623 0.152507
7.2 -2.76758 -2.92181 0.154229
7.3 -2.77109 -2.92703 0.155934
7.4 -2.7743 -2.93192 0.157622
7.5 -2.77722 -2.93651 0.159292
7.6 -2.77986 -2.9408 0.160944
7.7 -2.78224 -2.94482 0.162578
7.8 -2.78438 -2.94858 0.164194
7.9 -2.7863 -2.9521 0.165792
8 -2.78801 -2.95538 0.167372
8.1 -2.78952 -2.95846 0.168933
8.2 -2.79085 -2.96133 0.170475
8.3 -2.79201 -2.96401 0.171999
8.4 -2.79301 -2.96652 0.173503
8.5 -2.79387 -2.96885 0.174988
8.6 -2.79458 -2.97104 0.176453
8.7 -2.79517 -2.97307 0.177899
8.8 -2.79564 -2.97497 0.179326
8.9 -2.79601 -2.97674 0.180732
9 -2.79627 -2.97839 0.182118
9.1 -2.79644 -2.97992 0.183485
9.2 -2.79653 -2.98136 0.184831
9.3 -2.79653 -2.98269 0.186156
9.4 -2.79647 -2.98393 0.187461
9.5 -2.79634 -2.98509 0.188745
9.6 -2.79615 -2.98616 0.190009
9.7 -2.79591 -2.98716 0.191251
9.8 -2.79562 -2.98809 0.192472
9.9 -2.79529 -2.98896 0.193672
10 -2.79491 -2.98976 0.194851
10.1 -2.7945 -2.99051 0.196008
10.2 -2.79406 -2.9912 0.197143
10.3 -2.79359 -2.99185 0.198257
10.4 -2.7931 -2.99245 0.199348
10.5 -2.79259 -2.99301 0.200418
10.6 -2.79206 -2.99352 0.201466
10.7 -2.79151 -2.994 0.202491
10.8 -2.79095 -2.99445 0.203494
10.9 -2.79038 -2.99486 0.204475
11 -2.78981 -2.99524 0.205433
11.1 -2.78923 -2.9956 0.206368
11.2 -2.78865 -2.99593 0.207281
11.3 -2.78806 -2.99623 0.208171
11.4 -2.78748 -2.99651 0.209038
11.5 -2.7869 -2.99678 0.209882
11.6 -2.78632 -2.99702 0.210702
11.7 -2.78574 -2.99724 0.2115
11.8 -2.78518 -2.99745 0.212274
11.9 -2.78462 -2.99765 0.213025
12 -2.78407 -2.99782 0.213753
12.1 -2.78353 -2.99799 0.214457
12.2 -2.78301 -2.99814 0.215137
12.3 -2.78249 -2.99829 0.215794
12.4 -2.78199 -2.99842 0.216427
12.5 -2.7815 -2.99854 0.217036
12.6 -2.78103 -2.99865 0.217621
12.7 -2.78057 -2.99875 0.218182
12.8 -2.78013 -2.99885 0.21872
12.9 -2.7797 -2.99894 0.219233
13 -2.7793 -2.99902 0.219722
13.1 -2.77891 -2.9991 0.220187
13.2 -2.77854 -2.99917 0.220628
13.3 -2.77819 -2.99923 0.221045
13.4 -2.77785 -2.99929 0.221437
13.5 -2.77754 -2.99935 0.221805
13.6 -2.77725 -2.9994 0.222149
13.7 -2.77698 -2.99944 0.222468
13.8 -2.77672 -2.99949 0.222763
13.9 -2.77649 -2.99953 0.223033
14 -2.77628 -2.99956 0.223279
14.1 -2.7761 -2.9996 0.2235
14.2 -2.77593 -2.99963 0.223697
14.3 -2.77579 -2.99966 0.223869
14.4 -2.77567 -2.99969 0.224017
14.5 -2.77557 -2.99971 0.22414
14.6 -2.77549 -2.99973 0.224239
14.7 -2.77544 -2.99975 0.224312
14.8 -2.77541 -2.99977 0.224362
14.9 -2.77541 -2.99979 0.224386
15 -2.77542 -2.99981 0.224387
15.1 -2.77546 -2.99982 0.224362
15.2 -2.77552 -2.99984 0.224313
15.3 -2.77561 -2.99985 0.224239
15.4 -2.77572 -2.99986 0.224141
15.5 -2.77586 -2.99987 0.224018
15.6 -2.77601 -2.99988 0.223871
15.7 -2.77619 -2.99989 0.223699
15.8 -2.7764 -2.9999 0.223502
15.9 -2.77663 -2.99991 0.223281
16 -2.77688 -2.99992 0.223036
16.1 -2.77716 -2.99992 0.222766
16.2 -2.77746 -2.99993 0.222472
16.3 -2.77778 -2.99993 0.222153
16.4 -2.77813 -2.99994 0.22181
16.5 -2.7785 -2.99994 0.221443
16.6 -2.7789 -2.99995 0.221051
16.7 -2.77932 -2.99995 0.220636
16.8 -2.77976 -2.99996 0.220196
16.9 -2.78023 -2.99996 0.219732
17 -2.78072 -2.99996 0.219244
17.1 -2.78123 -2.99997 0.218732
17.2 -2.78177 -2.99997 0.218196
17.3 -2.78234 -2.99997 0.217636
17.4 -2.78292 -2.99997 0.217053
17.5 -2.78353 -2.99998 0.216445
17.6 -2.78416 -2.99998 0.215814
17.7 -2.78482 -2.99998 0.21516
17.8 -2.7855 -2.99998 0.214482
17.9 -2.7862 -2.99998 0.21378
18 -2.78693 -2.99998 0.213055
18.1 -2.78768 -2.99999 0.212307
18.2 -2.78845 -2.99999 0.211536
18.3 -2.78925 -2.99999 0.210741
18.4 -2.79007 -2.99999 0.209924
18.5 -2.79091 -2.99999 0.209083
18.6 -2.79177 -2.99999 0.20822
18.7 -2.79266 -2.99999 0.207334
18.8 -2.79357 -2.99999 0.206425
18.9 -2.7945 -2.99999 0.205494
19 -2.79545 -2.99999 0.204541
19.1 -2.79643 -2.99999 0.203565
19.2 -2.79743 -2.99999 0.202566
19.3 -2.79845 -2.99999 0.201546
19.4 -2.79949 -3 0.200504
19.5 -2.80056 -3 0.19944
19.6 -2.80164 -3 0.198354
19.7 -2.80275 -3 0.197246
19.8 -2.80388 -3 0.196117
19.9 -2.80503 -3 0.194967
20 -2.8062 -3 0.193795
20.1 -2.8074 -3 0.192602
20.2 -2.80861 -3 0.191389
20.3 -2.80984 -3 0.190154
20.4 -2.8111 -3 0.188899
20.5 -2.81238 -3 0.187623
20.6 -2.81367 -3 0.186326
20.7 -2.81499 -3 0.18501
20.8 -2.81633 -3 0.183673
20.9 -2.81768 -3 0.182316
21 -2.81906 -3 0.180939
21.1 -2.82046 -3 0.179543
21.2 -2.82187 -3 0.178127
21.3 -2.82331 -3 0.176692
21.4 -2.82476 -3 0.175237
21.5 -2.82624 -3 0.173764
21.6 -2.82773 -3 0.172271
21.7 -2.82924 -3 0.17076
21.8 -2.83077 -3 0.16923
21.9 -2.83232 -3 0.167682
22 -2.83388 -3 0.166116
22.1 -2.83547 -3 0.164532
22.2 -2.83707 -3 0.162929
22.3 -2.83869 -3 0.161309
22.4 -2.84033 -3 0.159672
22.5 -2.84198 -3 0.158017
22.6 -2.84365 -3 0.156345
22.7 -2.84534 -3 0.154656
22.8 -2.84705 -3 0.152951
22.9 -2.84877 -3 0.151228
23 -2.85051 -3 0.14949
23.1 -2.85226 -3 0.147735
23.2 -2.85404 -3 0.145964
23.3 -2.85582 -3 0.144177
23.4 -2.85762 -3 0.142375
23.5 -2.85944 -3 0.140557
23.6 -2.86128 -3 0.138725
23.7 -2.86312 -3 0.136877
23.8 -2.86499 -3 0.135014
23.9 -2.86686 -3 0.133137
24 -2.86876 -3 0.131245
24.1 -2.87066 -3 0.129339
24.2 -2.87258 -3 0.127419
24.3 -2.87451 -3 0.125485
24.4 -2.87646 -3 0.123538
24.5 -2.87842 -3 0.121578
24.6 -2.8804 -3 0.119604
24.7 -2.88238 -3 0.117617
24.8 -2.88438 -3 0.115618
24.9 -2.88639 -3 0.113606
25 -2.88842 -3 0.111582
25.1 -2.89045 -3 0.109546
25.2 -2.8925 -3 0.107499
25.3 -2.89456 -3 0.105439
25.4 -2.89663 -3 0.103369
25.5 -2.89871 -3 0.101287
25.6 -2.90081 -3 0.0991944
25.7 -2.90291 -3 0.0970911
25.8 -2.90502 -3 0.0949774
25.9 -2.90715 -3 0.0928535
26 -2.90928 -3 0.0907197
26.1 -2.91142 -3 0.0885761
26.2 -2.91358 -3 0.0864231
26.3 -2.91574 -3 0.0842608
26.4 -2.91791 -3 0.0820896
26.5 -2.92009 -3 0.0799095
26.6 -2.92228 -3 0.077721
26.7 -2.92448 -3 0.0755241
26.8 -2.92668 -3 0.0733192
26.9 -2.92889 -3 0.0711065
27 -2.93111 -3 0.0688863
27.1 -2.93334 -3 0.0666588
27.2 -2.93558 -3 0.0644241
27.3 -2.93782 -3 0.0621827
27.4 -2.94007 -3 0.0599347
27.5 -2.94232 -3 0.0576803
27.6 -2.94458 -3 0.0554199
27.7 -2.94685 -3 0.0531537
27.8 -2.94912 -3 0.0508819
27.9 -2.9514 -3 0.0486047
28 -2.95368 -3 0.0463225
28.1 -2.95596 -3 0.0440354
28.2 -2.95826 -3 0.0417437
28.3 -2.96055 -3 0.0394478
28.4 -2.96285 -3 0.0371477
28.5 -2.96516 -3 0.0348439
28.6 -2.96746 -3 0.0325364
28.7 -2.96977 -3 0.0302257
28.8 -2.97209 -3 0.0279118
28.9 -2.9744 -3 0.0255952
29 -2.97672 -3 0.0232761
29.1 -2.97905 -3 0.0209546
29.2 -2.98137 -3 0.0186311
29.3 -2.98369 -3 0.0163058
29.4 -2.98602 -3 0.0139789
29.5 -2.98835 -3 0.0116508
29.6 -2.99068 -3 0.00932167
29.7 -2.99301 -3 0.00699176
29.8 -2.99534 -3 0.00466134
29.9 -2.99767 -3 0.00233067
30 -3 -3 3.85581e-10
