30 -3 3.02226e-11 -3
29.9 -3 6.32914e-11 -3
29.8 -3 9.94732e-11 -3
29.7 -3 1.3906e-10 -3
29.6 -3 1.8237e-10 -3
29.5 -3 2.29752e-10 -3
29.4 -3 2.81588e-10 -3
29.3 -3 3.38294e-10 -3
29.2 -3 4.00325e-10 -3
29.1 -3 4.68179e-10 -3
29 -3 5.424e-10 -3
28.9 -3 6.23583e-10 -3
28.8 -3 7.12377e-10 -3
28.7 -3 8.09493e-10 -3
28.6 -3 9.15707e-10 -3
28.5 -3 1.03187e-09 -3
28.4 -3 1.1589e-09 -3
28.3 -3 1.29781e-09 -3
28.2 -3 1.44972e-09 -3
28.1 -3 1.61583e-09 -3
28 -3 1.79745e-09 -3
27.9 -3 1.99604e-09 -3
27.8 -3 2.21317e-09 -3
27.7 -3 2.45056e-09 -3
27.6 -3 2.71008e-09 -3
27.5 -3 2.9938e-09 -3
27.4 -3 3.30396e-09 -3
27.3 -3 3.643e-09 -3
27.2 -3 4.01361e-09 -3
27.1 -3 4.4187e-09 -3
27 -3 4.86147e-09 -3
26.9 -3 5.34539e-09 -3
26.8 -3 5.87427e-09 -3
26.7 -3 6.45228e-09 -3
26.6 -3 7.08393e-09 -3
26.5 -3 7.77419e-09 -3
26.4 -3 8.52845e-09 -3
26.3 -3 9.35262e-09 -3
26.2 -3 1.02531e-08 -3
26.1 -3 1.1237e-08 -3
26 -3 1.2312e-08 -3
25.9 -3 1.34863e-08 -3
25.8 -3 1.47693e-08 -3
25.7 -3 1.61707e-08 -3
25.6 -3 1.77016e-08 -3
25.5 -3 1.93737e-08 -3
25.4 -3 2.12002e-08 -3
25.3 -3 2.3195e-08 -3
25.2 -3 2.53736e-08 -3
25.1 -3 2.77528e-08 -3
25 -3 3.0351e-08 -3
24.9 -3 3.31882e-08 -3
24.8 -3 3.62863e-08 -3
24.7 -3 3.9669e-08 -3
24.6 -3 4.33623e-08 -3
24.5 -3 4.73946e-08 -3
24.4 -3 5.17967e-08 -3
24.3 -3 5.66023e-08 -3
24.2 -3 6.18482e-08 -3
24.1 -3 6.75743e-08 -3
24 -3 7.38244e-08 -3
23.9 -3 8.0646e-08 -3
23.8 -3 8.8091e-08 -3
23.7 -3 9.62159e-08 -3
23.6 -3 1.05082e-07 -3
23.5 -3 1.14758e-07 -3
23.4 -3 1.25315e-07 -3
23.3 -3 1.36833e-07 -3
23.2 -3 1.49401e-07 -3
23.1 -3 1.63111e-07 -3
23 -3 1.78068e-07 -3
22.9 -3 1.94384e-07 -3
22.8 -3 2.12181e-07 -3
22.7 -3 2.31592e-07 -3
22.6 -3 2.52764e-07 -3
22.5 -3 2.75853e-07 -3
22.4 -3 3.01033e-07 -3
22.3 -3 3.28491e-07 -3
22.2 -3 3.58431e-07 -3
22.1 -3 3.91075e-07 -3
22 -3 4.26666e-07 -3
21.9 -3 4.65468e-07 -3
21.8 -3 5.07767e-07 -3
21.7 -3 5.53876e-07 -3
21.6 -3 6.04134e-07 -3
21.5 -3 6.58912e-07 -3
21.4 -3 7.18612e-07 -3
21.3 -3 7.83672e-07 -3
21.2 -3 8.54568e-07 -3
21.1 -3 9.3182e-07 -3
21 -3 1.01599e-06 -3
20.9 -3 1.1077e-06 -3
20.8 -3 1.2076e-06 -3
20.7 -3 1.31643e-06 -3
20.6 -3 1.43497e-06 -3
20.5 -3 1.56409e-06 -3
20.4 -3 1.70471e-06 -3
20.3 -3 1.85786e-06 -3
20.2 -3 2.02463e-06 -3
20.1 -3 2.20622e-06 -3
20 -3 2.40393e-06 -3
19.9 -3 2.61918e-06 -3
19.8 -3 2.85352e-06 -3
19.7 -3 3.1086e-06 -3
19.6 -3 3.38625e-06 -3
19.5 -3 3.68844e-06 -3
19.4 -3 4.01731e-06 -3
19.3 -2.99999 4.37519e-06 -2.99999
19.2 -2.99999 4.76461e-06 -2.99999
19.1 -2.99999 5.18831e-06 -2.99999
19 -2.99999 5.64927e-06 -2.99999
18.9 -2.99999 6.15073e-06 -2.99999
18.8 -2.99999 6.6962e-06 -2.99999
18.7 -2.99999 7.2895e-06 -2.99999
18.6 -2.99999 7.93475e-06 -2.99999
18.5 -2.99999 8.63646e-06 -2.99999
18.4 -2.99999 9.39949e-06 -2.99999
18.3 -2.99999 1.02291e-05 -2.99999
18.2 -2.99999 1.11311e-05 -2.99999
18.1 -2.99999 1.21117e-05 -2.99999
18 -2.99998 1.31775e-05 -2.99998
17.9 -2.99998 1.4336e-05 -2.99998
17.8 -2.99998 1.5595e-05 -2.99998
17.7 -2.99998 1.69632e-05 -2.99998
17.6 -2.99998 1.84499e-05 -2.99998
17.5 -2.99998 2.00652e-05 -2.99998
17.4 -2.99997 2.18199e-05 -2.99997
17.3 -2.99997 2.37261e-05 -2.99997
17.2 -2.99997 2.57966e-05 -2.99997
17.1 -2.99997 2.80452e-05 -2.99997
17 -2.99996 3.04871e-05 -2.99996
16.9 -2.99996 3.31386e-05 -2.99996
16.8 -2.99996 3.60173e-05 -2.99996
16.7 -2.99995 3.91426e-05 -2.99995
16.6 -2.99995 4.2535e-05 -2.99995
16.5 -2.99994 4.6217e-05 -2.99994
16.4 -2.99994 5.0213e-05 -2.99994
16.3 -2.99993 5.45491e-05 -2.99993
16.2 -2.99993 5.92539e-05 -2.99993
16.1 -2.99992 6.43581e-05 -2.99992
16 -2.99992 6.98949e-05 -2.99992
15.9 -2.99991 7.59004e-05 -2.99991
15.8 -2.9999 8.24134e-05 -2.9999
15.7 -2.99989 8.94759e-05 -2.99989
15.6 -2.99988 9.71335e-05 -2.99988
15.5 -2.99987 0.000105435 -2.99987
15.4 -2.99986 0.000114434 -2.99986
15.3 -2.99985 0.000124188 -2.99985
15.2 -2.99984 0.000134758 -2.99984
15.1 -2.99982 0.000146211 -2.99982
15 -2.99981 0.00015862 -2.99981
14.9 -2.99979 0.000172062 -2.99979
14.8 -2.99977 0.000186622 -2.99977
14.7 -2.99975 0.00020239 -2.99975
14.6 -2.99973 0.000219464 -2.99973
14.5 -2.99971 0.00023795 -2.99971
14.4 -2.99968 0.000257962 -2.99969
14.3 -2.99966 0.000279623 -2.99966
14.2 -2.99963 0.000303065 -2.99963
14.1 -2.9996 0.00032843 -2.9996
14 -2.99956 0.000355873 -2.99956
13.9 -2.99953 0.000385559 -2.99953
13.8 -2.99949 0.000417666 -2.99949
13.7 -2.99944 0.000452387 -2.99944
13.6 -2.99939 0.000489929 -2.9994
13.5 -2.99934 0.000530513 -2.99935
13.4 -2.99929 0.000574379 -2.99929
13.3 -2.99923 0.000621786 -2.99923
13.2 -2.99916 0.00067301 -2.99917
13.1 -2.99909 0.000728349 -2.9991
13 -2.99902 0.000788122 -2.99902
12.9 -2.99894 0.000852675 -2.99894
12.8 -2.99885 0.000922377 -2.99885
12.7 -2.99875 0.000997625 -2.99875
12.6 -2.99865 0.00107884 -2.99865
12.5 -2.99853 0.00116649 -2.99854
12.4 -2.99841 0.00126106 -2.99842
12.3 -2.99828 0.00136308 -2.99829
12.2 -2.99814 0.00147311 -2.99814
12.1 -2.99799 0.00159176 -2.99799
12 -2.99782 0.00171967 -2.99782
11.9 -2.99764 0.00185755 -2.99765
11.8 -2.99745 0.00200613 -2.99745
11.7 -2.99724 0.00216622 -2.99724
11.6 -2.99701 0.00233866 -2.99702
11.5 -2.99677 0.00252437 -2.99678
11.4 -2.99651 0.00272433 -2.99651
11.3 -2.99622 0.00293957 -2.99623
11.2 -2.99592 0.00317123 -2.99593
11.1 -2.99559 0.00342047 -2.9956
11 -2.99523 0.00368858 -2.99524
10.9 -2.99485 0.00397692 -2.99486
10.8 -2.99443 0.00428693 -2.99445
10.7 -2.99399 0.00462016 -2.994
10.6 -2.99351 0.00497824 -2.99352
10.5 -2.99299 0.00536294 -2.99301
10.4 -2.99243 0.00577613 -2.99245
10.3 -2.99183 0.00621978 -2.99185
10.2 -2.99118 0.00669601 -2.9912
10.1 -2.99049 0.00720707 -2.99051
10 -2.98974 0.00775535 -2.98976
9.9 -2.98893 0.00834338 -2.98896
9.8 -2.98807 0.00897384 -2.98809
9.7 -2.98713 0.00964961 -2.98716
9.6 -2.98613 0.0103737 -2.98616
9.5 -2.98505 0.0111493 -2.98509
9.4 -2.9839 0.0119798 -2.98393
9.3 -2.98265 0.0128689 -2.98269
9.2 -2.98132 0.0138202 -2.98136
9.1 -2.97988 0.0148379 -2.97992
9 -2.97834 0.0159261 -2.97839
8.9 -2.97669 0.0170893 -2.97674
8.8 -2.97492 0.0183323 -2.97497
8.7 -2.97301 0.0196599 -2.97307
8.6 -2.97097 0.0210774 -2.97104
8.5 -2.96879 0.0225902 -2.96885
8.4 -2.96645 0.0242042 -2.96652
8.3 -2.96394 0.0259253 -2.96401
8.2 -2.96125 0.0277599 -2.96133
8.1 -2.95837 0.0297146 -2.95846
8 -2.95529 0.0317963 -2.95538
7.9 -2.952 0.0340122 -2.9521
7.8 -2.94848 0.0363699 -2.94858
7.7 -2.94471 0.0388772 -2.94482
7.6 -2.94069 0.0415423 -2.9408
7.5 -2.93639 0.0443737 -2.93651
7.4 -2.93179 0.0473801 -2.93192
7.3 -2.92689 0.0505707 -2.92703
7.2 -2.92166 0.0539548 -2.92181
7.1 -2.91608 0.0575421 -2.91623
7 -2.91013 0.0613427 -2.91029
6.9 -2.90379 0.0653667 -2.90396
6.8 -2.89703 0.0696246 -2.89722
6.7 -2.88984 0.0741273 -2.89003
6.6 -2.88218 0.0788855 -2.88239
6.5 -2.87404 0.0839104 -2.87425
6.4 -2.86537 0.0892132 -2.8656
6.3 -2.85616 0.0948052 -2.8564
6.2 -2.84638 0.100698 -2.84663
6.1 -2.83599 0.106903 -2.83626
6 -2.82497 0.113431 -2.82525
5.9 -2.81327 0.120294 -2.81357
5.8 -2.80088 0.127502 -2.80118
5.7 -2.78774 0.135067 -2.78806
5.6 -2.77383 0.142998 -2.77416
5.5 -2.7591 0.151307 -2.75946
5.4 -2.74353 0.160001 -2.7439
5.3 -2.72706 0.169091 -2.72745
5.2 -2.70967 0.178583 -2.71007
5.1 -2.6913 0.188486 -2.69172
5 -2.67193 0.198805 -2.67237
4.9 -2.6515 0.209544 -2.65196
4.8 -2.62998 0.220708 -2.63045
4.7 -2.60732 0.232298 -2.60781
4.6 -2.58348 0.244315 -2.58398
4.5 -2.55841 0.256757 -2.55894
4.4 -2.53208 0.26962 -2.53263
4.3 -2.50445 0.282899 -2.50501
4.2 -2.47546 0.296586 -2.47604
4.1 -2.44509 0.310668 -2.44568
4 -2.41329 0.325133 -2.4139
3.9 -2.38003 0.339964 -2.38065
3.8 -2.34526 0.355141 -2.3459
3.7 -2.30896 0.37064 -2.30962
3.6 -2.2711 0.386434 -2.27177
3.5 -2.23165 0.402494 -2.23233
3.4 -2.19058 0.418784 -2.19127
3.3 -2.14788 0.435266 -2.14857
3.2 -2.10351 0.451898 -2.10421
3.1 -2.05749 0.468634 -2.05818
3 -2.00978 0.485424 -2.01048
2.9 -1.9604 0.502213 -1.9611
2.8 -1.90935 0.518943 -1.91004
2.7 -1.85662 0.535554 -1.85731
2.6 -1.80225 0.55198 -1.80293
2.5 -1.74625 0.568155 -1.74692
2.4 -1.68865 0.58401 -1.68931
2.3 -1.62949 0.599472 -1.63013
2.2 -1.56881 0.61447 -1.56942
2.1 -1.50665 0.628932 -1.50724
2 -1.44308 0.642786 -1.44364
1.9 -1.37816 0.655965 -1.37869
1.8 -1.31196 0.668402 -1.31246
1.7 -1.24456 0.680036 -1.24503
1.6 -1.17604 0.690814 -1.17647
1.5 -1.10649 0.70069 -1.10688
1.4 -1.036 0.709625 -1.03635
1.3 -0.964659 0.717597 -0.964971
1.2 -0.892574 0.724592 -0.892845
1.1 -0.819838 0.730614 -0.820069
1 -0.746547 0.735682 -0.746738
0.9 -0.672793 0.739834 -0.672948
0.8 -0.598666 0.743124 -0.598786
0.7 -0.524247 0.745627 -0.524336
0.6 -0.449611 0.747432 -0.449672
0.5 -0.37482 0.748647 -0.374859
0.4 -0.299928 0.749389 -0.299951
0.3 -0.224977 0.749782 -0.224988
0.2 -0.149995 0.749948 -0.149998
0.1 -0.0749995 0.749994 -0.0749999
