0 3.14
0.1 2.93482
0.2 2.73777
0.3 2.54863
0.4 2.36717
0.5 2.19317
0.6 2.0264
0.7 1.86667
0.8 1.71376
0.9 1.56747
1 1.42761
1.1 1.29398
1.2 1.16639
1.3 1.04466
1.4 0.928603
1.5 0.818054
1.6 0.712837
1.7 0.612784
1.8 0.517731
1.9 0.427519
2 0.341992
2.1 0.260997
2.2 0.184387
2.3 0.112016
2.4 0.0437426
2.5 -0.0205712
2.6 -0.0810598
2.7 -0.137855
2.8 -0.191084
2.9 -0.240872
3 -0.287342
3.1 -0.33061
3.2 -0.370795
3.3 -0.408007
3.4 -0.442357
3.5 -0.473951
3.6 -0.502895
3.7 -0.52929
3.8 -0.553234
3.9 -0.574824
4 -0.594154
4.1 -0.611314
4.2 -0.626394
4.3 -0.63948
4.4 -0.650655
4.5 -0.660002
4.6 -0.667601
4.7 -0.673527
4.8 -0.677857
4.9 -0.680663
5 -0.682017
5.1 -0.681987
5.2 -0.680639
5.3 -0.67804
5.4 -0.674252
5.5 -0.669336
5.6 -0.663352
5.7 -0.656357
5.8 -0.648407
5.9 -0.639556
6 -0.629857
6.1 -0.619361
6.2 -0.608116
6.3 -0.596171
6.4 -0.583572
6.5 -0.570363
6.6 -0.556588
6.7 -0.542289
6.8 -0.527505
6.9 -0.512277
7 -0.496642
7.1 -0.480636
7.2 -0.464295
7.3 -0.447652
7.4 -0.43074
7.5 -0.413592
7.6 -0.396237
7.7 -0.378705
7.8 -0.361023
7.9 -0.34322
8 -0.325322
8.1 -0.307352
8.2 -0.289337
8.3 -0.271298
8.4 -0.253258
8.5 -0.235239
8.6 -0.21726
8.7 -0.199341
8.8 -0.181502
8.9 -0.163759
9 -0.146131
9.1 -0.128632
9.2 -0.11128
9.3 -0.0940877
9.4 -0.0770703
9.5 -0.0602407
9.6 -0.0436119
9.7 -0.0271956
9.8 -0.0110034
9.9 0.00495409
10 0.0206667
10.1 0.036125
10.2 0.05132
10.3 0.0662433
10.4 0.080887
10.5 0.0952439
10.6 0.109307
10.7 0.12307
10.8 0.136528
10.9 0.149674
11 0.162505
11.1 0.175015
11.2 0.1872
11.3 0.199057
11.4 0.210583
11.5 0.221775
11.6 0.23263
11.7 0.243147
11.8 0.253323
11.9 0.263157
12 0.272648
12.1 0.281795
12.2 0.290599
12.3 0.299058
12.4 0.307173
12.5 0.314944
12.6 0.322371
12.7 0.329457
12.8 0.336201
12.9 0.342606
13 0.348673
13.1 0.354403
13.2 0.359799
13.3 0.364863
13.4 0.369597
13.5 0.374005
13.6 0.378088
13.7 0.381849
13.8 0.385293
13.9 0.388421
14 0.391238
14.1 0.393747
14.2 0.395952
14.3 0.397855
14.4 0.399463
14.5 0.400777
14.6 0.401803
14.7 0.402545
14.8 0.403006
14.9 0.403192
15 0.403106
15.1 0.402754
15.2 0.40214
15.3 0.401269
15.4 0.400145
15.5 0.398774
15.6 0.397159
15.7 0.395306
15.8 0.393221
15.9 0.390907
16 0.38837
16.1 0.385615
16.2 0.382648
16.3 0.379472
16.4 0.376094
16.5 0.372518
16.6 0.368749
16.7 0.364794
16.8 0.360656
16.9 0.356341
17 0.351854
17.1 0.3472
17.2 0.342385
17.3 0.337413
17.4 0.33229
17.5 0.327021
17.6 0.32161
17.7 0.316064
17.8 0.310386
17.9 0.304582
18 0.298657
18.1 0.292616
18.2 0.286464
18.3 0.280205
18.4 0.273845
18.5 0.267388
18.6 0.260839
18.7 0.254204
18.8 0.247485
18.9 0.240689
19 0.23382
19.1 0.226882
19.2 0.21988
19.3 0.212818
19.4 0.205701
19.5 0.198533
19.6 0.191319
19.7 0.184062
19.8 0.176767
19.9 0.169438
20 0.162079
20.1 0.154695
20.2 0.147289
20.3 0.139864
20.4 0.132426
20.5 0.124977
20.6 0.117522
20.7 0.110065
20.8 0.102608
20.9 0.0951549
21 0.0877101
21.1 0.0802766
21.2 0.0728579
21.3 0.0654571
21.4 0.0580776
21.5 0.0507226
21.6 0.0433952
21.7 0.0360984
21.8 0.0288352
21.9 0.0216087
22 0.0144216
22.1 0.00727675
22.2 0.000176949
22.3 -0.00687515
22.4 -0.0138769
22.5 -0.0208258
22.6 -0.0277194
22.7 -0.0345551
22.8 -0.0413306
22.9 -0.0480437
23 -0.0546921
23.1 -0.0612735
23.2 -0.0677859
23.3 -0.0742272
23.4 -0.0805955
23.5 -0.0868887
23.6 -0.0931051
23.7 -0.0992427
23.8 -0.1053
23.9 -0.111275
24 -0.117166
24.1 -0.122972
24.2 -0.128691
24.3 -0.134321
24.4 -0.139862
24.5 -0.145312
24.6 -0.150669
24.7 -0.155933
24.8 -0.161102
24.9 -0.166175
25 -0.171151
25.1 -0.176028
25.2 -0.180807
25.3 -0.185486
25.4 -0.190064
25.5 -0.194541
25.6 -0.198915
25.7 -0.203186
25.8 -0.207353
25.9 -0.211417
26 -0.215375
26.1 -0.219228
26.2 -0.222974
26.3 -0.226615
26.4 -0.230149
26.5 -0.233576
26.6 -0.236896
26.7 -0.240108
26.8 -0.243212
26.9 -0.246209
27 -0.249098
27.1 -0.251878
27.2 -0.254551
27.3 -0.257115
27.4 -0.259572
27.5 -0.26192
27.6 -0.264161
27.7 -0.266294
27.8 -0.268319
27.9 -0.270238
28 -0.272049
28.1 -0.273754
28.2 -0.275352
28.3 -0.276845
28.4 -0.278232
28.5 -0.279514
28.6 -0.280691
28.7 -0.281764
28.8 -0.282734
28.9 -0.283601
29 -0.284365
29.1 -0.285027
29.2 -0.285588
29.3 -0.286049
29.4 -0.28641
29.5 -0.286672
29.6 -0.286836
29.7 -0.286902
29.8 -0.286871
29.9 -0.286744
30 -0.286522
30.1 -0.286206
30.2 -0.285797
30.3 -0.285295
30.4 -0.284702
30.5 -0.284018
30.6 -0.283245
30.7 -0.282383
30.8 -0.281433
30.9 -0.280396
31 -0.279275
31.1 -0.278068
31.2 -0.276778
31.3 -0.275406
31.4 -0.273952
31.5 -0.272419
31.6 -0.270806
31.7 -0.269115
31.8 -0.267348
31.9 -0.265504
32 -0.263587
32.1 -0.261596
32.2 -0.259533
32.3 -0.257399
32.4 -0.255196
32.5 -0.252924
32.6 -0.250584
32.7 -0.248179
32.8 -0.245709
32.9 -0.243175
33 -0.240579
33.1 -0.237922
33.2 -0.235206
33.3 -0.23243
33.4 -0.229598
33.5 -0.22671
33.6 -0.223767
33.7 -0.22077
33.8 -0.217721
33.9 -0.214622
34 -0.211473
34.1 -0.208276
34.2 -0.205032
34.3 -0.201742
34.4 -0.198407
34.5 -0.19503
34.6 -0.191611
34.7 -0.188151
34.8 -0.184652
34.9 -0.181115
35 -0.177541
35.1 -0.173932
35.2 -0.170289
35.3 -0.166613
35.4 -0.162906
35.5 -0.159168
35.6 -0.155401
35.7 -0.151606
35.8 -0.147785
35.9 -0.143939
36 -0.140068
36.1 -0.136175
36.2 -0.13226
36.3 -0.128325
36.4 -0.124371
36.5 -0.120399
36.6 -0.11641
36.7 -0.112406
36.8 -0.108388
36.9 -0.104356
37 -0.100313
37.1 -0.0962585
37.2 -0.0921947
37.3 -0.0881225
37.4 -0.084043
37.5 -0.0799574
37.6 -0.0758668
37.7 -0.0717723
37.8 -0.067675
37.9 -0.0635761
38 -0.0594765
38.1 -0.0553775
38.2 -0.0512801
38.3 -0.0471852
38.4 -0.0430941
38.5 -0.0390077
38.6 -0.034927
38.7 -0.0308531
38.8 -0.026787
38.9 -0.0227297
39 -0.0186821
39.1 -0.0146453
39.2 -0.0106201
39.3 -0.00660763
39.4 -0.00260874
39.5 0.00137564
39.6 0.00534459
39.7 0.00929719
39.8 0.0132326
39.9 0.0171498
40 0.0210481
40.1 0.0249266
40.2 0.0287843
40.3 0.0326206
40.4 0.0364346
40.5 0.0402254
40.6 0.0439923
40.7 0.0477345
40.8 0.0514512
40.9 0.0551417
41 0.0588052
41.1 0.062441
41.2 0.0660484
41.3 0.0696267
41.4 0.0731752
41.5 0.0766933
41.6 0.0801801
41.7 0.0836352
41.8 0.0870579
41.9 0.0904475
42 0.0938034
42.1 0.097125
42.2 0.100412
42.3 0.103663
42.4 0.106879
42.5 0.110057
42.6 0.113199
42.7 0.116303
42.8 0.11937
42.9 0.122397
43 0.125386
43.1 0.128335
43.2 0.131243
43.3 0.134112
43.4 0.13694
43.5 0.139726
43.6 0.142471
43.7 0.145173
43.8 0.147833
43.9 0.150451
44 0.153025
44.1 0.155556
44.2 0.158043
44.3 0.160485
44.4 0.162884
44.5 0.165237
44.6 0.167546
44.7 0.169809
44.8 0.172026
44.9 0.174198
45 0.176324
45.1 0.178404
45.2 0.180437
45.3 0.182424
45.4 0.184363
45.5 0.186256
45.6 0.188102
45.7 0.1899
45.8 0.191651
45.9 0.193355
46 0.19501
46.1 0.196618
46.2 0.198179
46.3 0.199691
46.4 0.201155
46.5 0.202571
46.6 0.203939
46.7 0.205259
46.8 0.206531
46.9 0.207755
47 0.20893
47.1 0.210058
47.2 0.211137
47.3 0.212168
47.4 0.213151
47.5 0.214085
47.6 0.214972
47.7 0.215811
47.8 0.216602
47.9 0.217346
48 0.218041
48.1 0.218689
48.2 0.21929
48.3 0.219843
48.4 0.220349
48.5 0.220808
48.6 0.22122
48.7 0.221585
48.8 0.221904
48.9 0.222176
49 0.222402
49.1 0.222582
49.2 0.222716
49.3 0.222804
49.4 0.222847
49.5 0.222845
49.6 0.222798
49.7 0.222706
49.8 0.222569
49.9 0.222388
