0 0
0.01 0.0157
0.02 0.0313961
0.03 0.0470845
0.04 0.0627613
0.05 0.0784225
0.06 0.0940645
0.07 0.109683
0.08 0.125275
0.09 0.140836
0.1 0.156362
0.11 0.171849
0.12 0.187294
0.13 0.202693
0.14 0.218042
0.15 0.233337
0.16 0.248574
0.17 0.26375
0.18 0.278861
0.19 0.293903
0.2 0.308873
0.21 0.323767
0.22 0.33858
0.23 0.35331
0.24 0.367953
0.25 0.382505
0.26 0.396963
0.27 0.411323
0.28 0.425581
0.29 0.439734
0.3 0.453779
0.31 0.467712
0.32 0.481529
0.33 0.495228
0.34 0.508804
0.35 0.522255
0.36 0.535577
0.37 0.548767
0.38 0.561822
0.39 0.574737
0.4 0.587511
0.41 0.600141
0.42 0.612622
0.43 0.624951
0.44 0.637127
0.45 0.649145
0.46 0.661004
0.47 0.672699
0.48 0.684228
0.49 0.695589
0.5 0.706777
0.51 0.717792
0.52 0.728629
0.53 0.739287
0.54 0.749762
0.55 0.760052
0.56 0.770154
0.57 0.780067
0.58 0.789787
0.59 0.799312
0.6 0.80864
0.61 0.817769
0.62 0.826695
0.63 0.835418
0.64 0.843935
0.65 0.852243
0.66 0.860341
0.67 0.868227
0.68 0.875898
0.69 0.883354
0.7 0.890591
0.71 0.897609
0.72 0.904406
0.73 0.910979
0.74 0.917327
0.75 0.923449
0.76 0.929343
0.77 0.935008
0.78 0.940442
0.79 0.945645
0.8 0.950613
0.81 0.955348
0.82 0.959846
0.83 0.964108
0.84 0.968132
0.85 0.971917
0.86 0.975462
0.87 0.978767
0.88 0.98183
0.89 0.98465
0.9 0.987228
0.91 0.989562
0.92 0.991653
0.93 0.993498
0.94 0.995098
0.95 0.996453
0.96 0.997562
0.97 0.998425
0.98 0.999041
0.99 0.999411
1 0.999534
1.01 0.999411
1.02 0.999041
1.03 0.998425
1.04 0.997562
1.05 0.996453
1.06 0.995098
1.07 0.993498
1.08 0.991652
1.09 0.989562
1.1 0.987228
1.11 0.98465
1.12 0.98183
1.13 0.978767
1.14 0.975462
1.15 0.971917
1.16 0.968132
1.17 0.964108
1.18 0.959846
1.19 0.955348
1.2 0.950613
1.21 0.945645
1.22 0.940442
1.23 0.935008
1.24 0.929343
1.25 0.923449
1.26 0.917327
1.27 0.910979
1.28 0.904405
1.29 0.897609
1.3 0.890591
1.31 0.883354
1.32 0.875898
1.33 0.868227
1.34 0.860341
1.35 0.852243
1.36 0.843935
1.37 0.835418
1.38 0.826695
1.39 0.817769
1.4 0.80864
1.41 0.799312
1.42 0.789787
1.43 0.780067
1.44 0.770154
1.45 0.760052
1.46 0.749762
1.47 0.739286
1.48 0.728629
1.49 0.717792
1.5 0.706777
1.51 0.695589
1.52 0.684228
1.53 0.672699
1.54 0.661004
1.55 0.649145
1.56 0.637127
1.57 0.624951
1.58 0.612621
1.59 0.60014
1.6 0.587511
1.61 0.574737
1.62 0.561821
1.63 0.548767
1.64 0.535577
1.65 0.522255
1.66 0.508804
1.67 0.495228
1.68 0.481529
1.69 0.467712
1.7 0.453779
1.71 0.439734
1.72 0.425581
1.73 0.411323
1.74 0.396963
1.75 0.382505
1.76 0.367953
1.77 0.35331
1.78 0.33858
1.79 0.323766
1.8 0.308873
1.81 0.293903
1.82 0.278861
1.83 0.26375
1.84 0.248574
1.85 0.233337
1.86 0.218042
1.87 0.202693
1.88 0.187294
1.89 0.171849
1.9 0.156362
1.91 0.140836
1.92 0.125275
1.93 0.109683
1.94 0.0940644
1.95 0.0784225
1.96 0.0627612
1.97 0.0470844
1.98 0.0313961
1.99 0.0156999
2 -7.39137e-08
2.01 -0.0157001
2.02 -0.0313962
2.03 -0.0470846
2.04 -0.0627613
2.05 -0.0784226
2.06 -0.0940645
2.07 -0.109683
2.08 -0.125275
2.09 -0.140836
2.1 -0.156362
2.11 -0.171849
2.12 -0.187294
2.13 -0.202693
2.14 -0.218042
2.15 -0.233337
2.16 -0.248574
2.17 -0.26375
2.18 -0.278861
2.19 -0.293903
2.2 -0.308873
2.21 -0.323767
2.22 -0.33858
2.23 -0.35331
2.24 -0.367953
2.25 -0.382505
2.26 -0.396963
2.27 -0.411323
2.28 -0.425581
2.29 -0.439734
2.3 -0.453779
2.31 -0.467712
2.32 -0.481529
2.33 -0.495228
2.34 -0.508804
2.35 -0.522255
2.36 -0.535577
2.37 -0.548767
2.38 -0.561822
2.39 -0.574737
2.4 -0.587511
2.41 -0.600141
2.42 -0.612622
2.43 -0.624951
2.44 -0.637127
2.45 -0.649146
2.46 -0.661004
2.47 -0.672699
2.48 -0.684228
2.49 -0.695589
2.5 -0.706777
2.51 -0.717792
2.52 -0.728629
2.53 -0.739287
2.54 -0.749762
2.55 -0.760052
2.56 -0.770154
2.57 -0.780067
2.58 -0.789787
2.59 -0.799312
2.6 -0.80864
2.61 -0.817769
2.62 -0.826695
2.63 -0.835418
2.64 -0.843935
2.65 -0.852243
2.66 -0.860341
2.67 -0.868227
2.68 -0.875898
2.69 -0.883354
2.7 -0.890591
2.71 -0.897609
2.72 -0.904406
2.73 -0.910979
2.74 -0.917327
2.75 -0.923449
2.76 -0.929343
2.77 -0.935008
2.78 -0.940442
2.79 -0.945645
2.8 -0.950613
2.81 -0.955348
2.82 -0.959846
2.83 -0.964108
2.84 -0.968132
2.85 -0.971917
2.86 -0.975462
2.87 -0.978767
2.88 -0.98183
2.89 -0.98465
2.9 -0.987228
2.91 -0.989562
2.92 -0.991653
2.93 -0.993498
2.94 -0.995098
2.95 -0.996453
2.96 -0.997562
2.97 -0.998425
2.98 -0.999041
2.99 -0.999411
3 -0.999534
3.01 -0.999411
3.02 -0.999041
3.03 -0.998425
3.04 -0.997562
3.05 -0.996453
3.06 -0.995098
3.07 -0.993498
3.08 -0.991652
3.09 -0.989562
3.1 -0.987228
3.11 -0.98465
3.12 -0.98183
3.13 -0.978767
3.14 -0.975462
3.15 -0.971917
3.16 -0.968132
3.17 -0.964108
3.18 -0.959846
3.19 -0.955348
3.2 -0.950613
3.21 -0.945645
3.22 -0.940442
3.23 -0.935008
3.24 -0.929343
3.25 -0.923449
3.26 -0.917327
3.27 -0.910979
3.28 -0.904405
3.29 -0.897609
3.3 -0.890591
3.31 -0.883354
3.32 -0.875898
3.33 -0.868227
3.34 -0.860341
3.35 -0.852243
3.36 -0.843935
3.37 -0.835418
3.38 -0.826695
3.39 -0.817768
3.4 -0.80864
3.41 -0.799312
3.42 -0.789787
3.43 -0.780067
3.44 -0.770154
3.45 -0.760052
3.46 -0.749762
3.47 -0.739286
3.48 -0.728629
3.49 -0.717792
3.5 -0.706777
3.51 -0.695588
3.52 -0.684228
3.53 -0.672699
3.54 -0.661004
3.55 -0.649145
3.56 -0.637127
3.57 -0.624951
3.58 -0.612621
3.59 -0.60014
3.6 -0.587511
3.61 -0.574737
3.62 -0.561821
3.63 -0.548767
3.64 -0.535577
3.65 -0.522255
3.66 -0.508804
3.67 -0.495228
3.68 -0.481529
3.69 -0.467712
3.7 -0.453779
3.71 -0.439734
3.72 -0.425581
3.73 -0.411323
3.74 -0.396963
3.75 -0.382505
3.76 -0.367953
3.77 -0.35331
3.78 -0.33858
3.79 -0.323766
3.8 -0.308873
3.81 -0.293903
3.82 -0.278861
3.83 -0.26375
3.84 -0.248574
3.85 -0.233336
3.86 -0.218041
3.87 -0.202693
3.88 -0.187294
3.89 -0.171849
3.9 -0.156361
3.91 -0.140835
3.92 -0.125275
3.93 -0.109683
3.94 -0.0940643
3.95 -0.0784224
3.96 -0.0627611
3.97 -0.0470844
3.98 -0.031396
3.99 -0.0156999
4 1.47827e-07
4.01 0.0157001
4.02 0.0313963
4.03 0.0470847
4.04 0.0627614
4.05 0.0784227
4.06 0.0940646
4.07 0.109683
4.08 0.125275
4.09 0.140836
4.1 0.156362
4.11 0.171849
4.12 0.187294
4.13 0.202693
4.14 0.218042
4.15 0.233337
4.16 0.248574
4.17 0.26375
4.18 0.278861
4.19 0.293903
4.2 0.308873
4.21 0.323767
4.22 0.33858
4.23 0.35331
4.24 0.367953
4.25 0.382505
4.26 0.396963
4.27 0.411323
4.28 0.425581
4.29 0.439734
4.3 0.453779
4.31 0.467712
4.32 0.481529
4.33 0.495228
4.34 0.508804
4.35 0.522255
4.36 0.535577
4.37 0.548767
4.38 0.561822
4.39 0.574738
4.4 0.587512
4.41 0.600141
4.42 0.612622
4.43 0.624951
4.44 0.637127
4.45 0.649146
4.46 0.661004
4.47 0.672699
4.48 0.684228
4.49 0.695589
4.5 0.706777
4.51 0.717792
4.52 0.728629
4.53 0.739287
4.54 0.749762
4.55 0.760052
4.56 0.770154
4.57 0.780067
4.58 0.789787
4.59 0.799312
4.6 0.80864
4.61 0.817769
4.62 0.826695
4.63 0.835418
4.64 0.843935
4.65 0.852243
4.66 0.860341
4.67 0.868227
4.68 0.875899
4.69 0.883354
4.7 0.890592
4.71 0.897609
4.72 0.904406
4.73 0.910979
4.74 0.917327
4.75 0.923449
4.76 0.929343
4.77 0.935008
4.78 0.940442
4.79 0.945645
4.8 0.950613
4.81 0.955348
4.82 0.959846
4.83 0.964108
4.84 0.968132
4.85 0.971917
4.86 0.975462
4.87 0.978767
4.88 0.98183
4.89 0.98465
4.9 0.987228
4.91 0.989562
4.92 0.991653
4.93 0.993498
4.94 0.995098
4.95 0.996453
4.96 0.997562
4.97 0.998425
4.98 0.999041
4.99 0.999411
5 0.999534
5.01 0.999411
5.02 0.999041
5.03 0.998425
5.04 0.997562
5.05 0.996453
5.06 0.995098
5.07 0.993498
5.08 0.991652
5.09 0.989562
5.1 0.987228
5.11 0.98465
5.12 0.98183
5.13 0.978767
5.14 0.975462
5.15 0.971917
5.16 0.968132
5.17 0.964108
5.18 0.959846
5.19 0.955348
5.2 0.950613
5.21 0.945645
5.22 0.940442
5.23 0.935008
5.24 0.929343
5.25 0.923449
5.26 0.917327
5.27 0.910979
5.28 0.904405
5.29 0.897609
5.3 0.890591
5.31 0.883354
5.32 0.875898
5.33 0.868227
5.34 0.860341
5.35 0.852243
5.36 0.843934
5.37 0.835418
5.38 0.826695
5.39 0.817768
5.4 0.80864
5.41 0.799312
5.42 0.789787
5.43 0.780067
5.44 0.770154
5.45 0.760052
5.46 0.749761
5.47 0.739286
5.48 0.728629
5.49 0.717792
5.5 0.706777
5.51 0.695588
5.52 0.684228
5.53 0.672699
5.54 0.661004
5.55 0.649145
5.56 0.637127
5.57 0.624951
5.58 0.612621
5.59 0.60014
5.6 0.587511
5.61 0.574737
5.62 0.561821
5.63 0.548767
5.64 0.535577
5.65 0.522255
5.66 0.508804
5.67 0.495228
5.68 0.481529
5.69 0.467712
5.7 0.453779
5.71 0.439734
5.72 0.425581
5.73 0.411322
5.74 0.396963
5.75 0.382505
5.76 0.367953
5.77 0.35331
5.78 0.33858
5.79 0.323766
5.8 0.308873
5.81 0.293903
5.82 0.278861
5.83 0.26375
5.84 0.248574
5.85 0.233336
5.86 0.218041
5.87 0.202693
5.88 0.187294
5.89 0.171849
5.9 0.156361
5.91 0.140835
5.92 0.125275
5.93 0.109683
5.94 0.0940643
5.95 0.0784223
5.96 0.062761
5.97 0.0470843
5.98 0.0313959
5.99 0.0156998
6 -2.21741e-07
6.01 -0.0157002
6.02 -0.0313963
6.03 -0.0470847
6.04 -0.0627615
6.05 -0.0784228
6.06 -0.0940647
6.07 -0.109683
6.08 -0.125275
6.09 -0.140836
6.1 -0.156362
6.11 -0.171849
6.12 -0.187294
6.13 -0.202693
6.14 -0.218042
6.15 -0.233337
6.16 -0.248574
6.17 -0.26375
6.18 -0.278861
6.19 -0.293904
6.2 -0.308873
6.21 -0.323767
6.22 -0.33858
6.23 -0.35331
6.24 -0.367953
6.25 -0.382505
6.26 -0.396963
6.27 -0.411323
6.28 -0.425581
6.29 -0.439734
6.3 -0.453779
6.31 -0.467712
6.32 -0.481529
6.33 -0.495228
6.34 -0.508804
6.35 -0.522255
6.36 -0.535577
6.37 -0.548767
6.38 -0.561822
6.39 -0.574738
6.4 -0.587512
6.41 -0.600141
6.42 -0.612622
6.43 -0.624952
6.44 -0.637127
6.45 -0.649146
6.46 -0.661004
6.47 -0.672699
6.48 -0.684228
6.49 -0.695589
6.5 -0.706778
6.51 -0.717792
6.52 -0.728629
6.53 -0.739287
6.54 -0.749762
6.55 -0.760052
6.56 -0.770154
6.57 -0.780067
6.58 -0.789787
6.59 -0.799312
6.6 -0.80864
6.61 -0.817769
6.62 -0.826695
6.63 -0.835418
6.64 -0.843935
6.65 -0.852243
6.66 -0.860341
6.67 -0.868227
6.68 -0.875899
6.69 -0.883354
6.7 -0.890592
6.71 -0.897609
6.72 -0.904406
6.73 -0.910979
6.74 -0.917327
6.75 -0.923449
6.76 -0.929343
6.77 -0.935008
6.78 -0.940443
6.79 -0.945645
6.8 -0.950614
6.81 -0.955348
6.82 -0.959846
6.83 -0.964108
6.84 -0.968132
6.85 -0.971917
6.86 -0.975462
6.87 -0.978767
6.88 -0.98183
6.89 -0.98465
6.9 -0.987228
6.91 -0.989562
6.92 -0.991653
6.93 -0.993498
6.94 -0.995098
6.95 -0.996453
6.96 -0.997562
6.97 -0.998425
6.98 -0.999041
6.99 -0.999411
7 -0.999534
7.01 -0.999411
7.02 -0.999041
7.03 -0.998425
7.04 -0.997562
7.05 -0.996453
7.06 -0.995098
7.07 -0.993498
7.08 -0.991652
7.09 -0.989562
7.1 -0.987228
7.11 -0.98465
7.12 -0.98183
7.13 -0.978767
7.14 -0.975462
7.15 -0.971917
7.16 -0.968132
7.17 -0.964108
7.18 -0.959846
7.19 -0.955348
7.2 -0.950613
7.21 -0.945645
7.22 -0.940442
7.23 -0.935008
7.24 -0.929343
7.25 -0.923449
7.26 -0.917327
7.27 -0.910979
7.28 -0.904405
7.29 -0.897609
7.3 -0.890591
7.31 -0.883354
7.32 -0.875898
7.33 -0.868227
7.34 -0.860341
7.35 -0.852243
7.36 -0.843934
7.37 -0.835418
7.38 -0.826695
7.39 -0.817768
7.4 -0.80864
7.41 -0.799312
7.42 -0.789787
7.43 -0.780067
7.44 -0.770154
7.45 -0.760052
7.46 -0.749761
7.47 -0.739286
7.48 -0.728629
7.49 -0.717792
7.5 -0.706777
7.51 -0.695588
7.52 -0.684228
7.53 -0.672699
7.54 -0.661004
7.55 -0.649145
7.56 -0.637127
7.57 -0.624951
7.58 -0.612621
7.59 -0.60014
7.6 -0.587511
7.61 -0.574737
7.62 -0.561821
7.63 -0.548767
7.64 -0.535577
7.65 -0.522255
7.66 -0.508804
7.67 -0.495228
7.68 -0.481529
7.69 -0.467712
7.7 -0.453779
7.71 -0.439734
7.72 -0.425581
7.73 -0.411322
7.74 -0.396963
7.75 -0.382505
7.76 -0.367953
7.77 -0.35331
7.78 -0.33858
7.79 -0.323766
7.8 -0.308873
7.81 -0.293903
7.82 -0.278861
7.83 -0.26375
7.84 -0.248574
7.85 -0.233336
7.86 -0.218041
7.87 -0.202693
7.88 -0.187294
7.89 -0.171849
7.9 -0.156361
7.91 -0.140835
7.92 -0.125275
7.93 -0.109683
7.94 -0.0940642
7.95 -0.0784223
7.96 -0.062761
7.97 -0.0470842
7.98 -0.0313958
7.99 -0.0156997
8 2.95655e-07
8.01 0.0157003
8.02 0.0313964
8.03 0.0470848
8.04 0.0627616
8.05 0.0784228
8.06 0.0940648
8.07 0.109683
8.08 0.125275
8.09 0.140836
8.1 0.156362
8.11 0.171849
8.12 0.187294
8.13 0.202693
8.14 0.218042
8.15 0.233337
8.16 0.248574
8.17 0.26375
8.18 0.278861
8.19 0.293904
8.2 0.308873
8.21 0.323767
8.22 0.33858
8.23 0.35331
8.24 0.367953
8.25 0.382505
8.26 0.396963
8.27 0.411323
8.28 0.425581
8.29 0.439734
8.3 0.453779
8.31 0.467712
8.32 0.48153
8.33 0.495228
8.34 0.508805
8.35 0.522255
8.36 0.535577
8.37 0.548767
8.38 0.561822
8.39 0.574738
8.4 0.587512
8.41 0.600141
8.42 0.612622
8.43 0.624952
8.44 0.637127
8.45 0.649146
8.46 0.661004
8.47 0.672699
8.48 0.684228
8.49 0.695589
8.5 0.706778
8.51 0.717792
8.52 0.728629
8.53 0.739287
8.54 0.749762
8.55 0.760052
8.56 0.770154
8.57 0.780067
8.58 0.789787
8.59 0.799312
8.6 0.80864
8.61 0.817769
8.62 0.826695
8.63 0.835418
8.64 0.843935
8.65 0.852243
8.66 0.860341
8.67 0.868227
8.68 0.875899
8.69 0.883354
8.7 0.890592
8.71 0.897609
8.72 0.904406
8.73 0.910979
8.74 0.917327
8.75 0.923449
8.76 0.929343
8.77 0.935008
8.78 0.940443
8.79 0.945645
8.8 0.950614
8.81 0.955348
8.82 0.959846
8.83 0.964108
8.84 0.968132
8.85 0.971917
8.86 0.975462
8.87 0.978767
8.88 0.98183
8.89 0.98465
8.9 0.987228
8.91 0.989562
8.92 0.991653
8.93 0.993498
8.94 0.995098
8.95 0.996453
8.96 0.997562
8.97 0.998425
8.98 0.999041
8.99 0.999411
9 0.999534
9.01 0.999411
9.02 0.999041
9.03 0.998424
9.04 0.997562
9.05 0.996453
9.06 0.995098
9.07 0.993498
9.08 0.991652
9.09 0.989562
9.1 0.987228
9.11 0.98465
9.12 0.98183
9.13 0.978767
9.14 0.975462
9.15 0.971917
9.16 0.968132
9.17 0.964108
9.18 0.959846
9.19 0.955348
9.2 0.950613
9.21 0.945644
9.22 0.940442
9.23 0.935008
9.24 0.929343
9.25 0.923449
9.26 0.917327
9.27 0.910979
9.28 0.904405
9.29 0.897609
9.3 0.890591
9.31 0.883354
9.32 0.875898
9.33 0.868227
9.34 0.860341
9.35 0.852243
9.36 0.843934
9.37 0.835418
9.38 0.826695
9.39 0.817768
9.4 0.80864
9.41 0.799312
9.42 0.789787
9.43 0.780067
9.44 0.770154
9.45 0.760051
9.46 0.749761
9.47 0.739286
9.48 0.728629
9.49 0.717791
9.5 0.706777
9.51 0.695588
9.52 0.684228
9.53 0.672699
9.54 0.661004
9.55 0.649145
9.56 0.637127
9.57 0.624951
9.58 0.612621
9.59 0.60014
9.6 0.587511
9.61 0.574737
9.62 0.561821
9.63 0.548767
9.64 0.535577
9.65 0.522255
9.66 0.508804
9.67 0.495228
9.68 0.481529
9.69 0.467711
9.7 0.453779
9.71 0.439734
9.72 0.425581
9.73 0.411322
9.74 0.396963
9.75 0.382505
9.76 0.367953
9.77 0.35331
9.78 0.33858
9.79 0.323766
9.8 0.308873
9.81 0.293903
9.82 0.278861
9.83 0.26375
9.84 0.248574
9.85 0.233336
9.86 0.218041
9.87 0.202692
9.88 0.187294
9.89 0.171849
9.9 0.156361
9.91 0.140835
9.92 0.125274
9.93 0.109683
9.94 0.0940641
9.95 0.0784222
9.96 0.0627609
9.97 0.0470841
9.98 0.0313958
9.99 0.0156996
10 -3.69568e-07
10.01 -0.0157004
10.02 -0.0313965
10.03 -0.0470849
10.04 -0.0627616
10.05 -0.0784229
10.06 -0.0940648
10.07 -0.109684
10.08 -0.125275
10.09 -0.140836
10.1 -0.156362
10.11 -0.171849
10.12 -0.187294
10.13 -0.202693
10.14 -0.218042
10.15 -0.233337
10.16 -0.248574
10.17 -0.26375
10.18 -0.278861
10.19 -0.293904
10.2 -0.308873
10.21 -0.323767
10.22 -0.33858
10.23 -0.353311
10.24 -0.367953
10.25 -0.382505
10.26 -0.396963
10.27 -0.411323
10.28 -0.425581
10.29 -0.439735
10.3 -0.453779
10.31 -0.467712
10.32 -0.48153
10.33 -0.495228
10.34 -0.508805
10.35 -0.522255
10.36 -0.535577
10.37 -0.548767
10.38 -0.561822
10.39 -0.574738
10.4 -0.587512
10.41 -0.600141
10.42 -0.612622
10.43 -0.624952
10.44 -0.637127
10.45 -0.649146
10.46 -0.661004
10.47 -0.672699
10.48 -0.684228
10.49 -0.695589
10.5 -0.706778
10.51 -0.717792
10.52 -0.728629
10.53 -0.739287
10.54 -0.749762
10.55 -0.760052
10.56 -0.770155
10.57 -0.780067
10.58 -0.789787
10.59 -0.799312
10.6 -0.80864
10.61 -0.817769
10.62 -0.826695
10.63 -0.835418
10.64 -0.843935
10.65 -0.852243
10.66 -0.860341
10.67 -0.868227
10.68 -0.875899
10.69 -0.883354
10.7 -0.890592
10.71 -0.897609
10.72 -0.904406
10.73 -0.910979
10.74 -0.917327
10.75 -0.923449
10.76 -0.929343
10.77 -0.935008
10.78 -0.940443
10.79 -0.945645
10.8 -0.950614
10.81 -0.955348
10.82 -0.959846
10.83 -0.964108
10.84 -0.968132
10.85 -0.971917
10.86 -0.975462
10.87 -0.978767
10.88 -0.98183
10.89 -0.98465
10.9 -0.987228
10.91 -0.989562
10.92 -0.991653
10.93 -0.993498
10.94 -0.995098
10.95 -0.996453
10.96 -0.997562
10.97 -0.998425
10.98 -0.999041
10.99 -0.999411
11 -0.999534
11.01 -0.999411
11.02 -0.999041
11.03 -0.998424
11.04 -0.997562
11.05 -0.996453
11.06 -0.995098
11.07 -0.993498
11.08 -0.991652
11.09 -0.989562
11.1 -0.987228
11.11 -0.98465
11.12 -0.98183
11.13 -0.978767
11.14 -0.975462
11.15 -0.971917
11.16 -0.968132
11.17 -0.964108
11.18 -0.959846
11.19 -0.955348
11.2 -0.950613
11.21 -0.945644
11.22 -0.940442
11.23 -0.935008
11.24 -0.929343
11.25 -0.923449
11.26 -0.917327
11.27 -0.910979
11.28 -0.904405
11.29 -0.897609
11.3 -0.890591
11.31 -0.883354
11.32 -0.875898
11.33 -0.868227
11.34 -0.860341
11.35 -0.852243
11.36 -0.843934
11.37 -0.835418
11.38 -0.826695
11.39 -0.817768
11.4 -0.80864
11.41 -0.799312
11.42 -0.789787
11.43 -0.780067
11.44 -0.770154
11.45 -0.760051
11.46 -0.749761
11.47 -0.739286
11.48 -0.728629
11.49 -0.717791
11.5 -0.706777
11.51 -0.695588
11.52 -0.684228
11.53 -0.672699
11.54 -0.661003
11.55 -0.649145
11.56 -0.637127
11.57 -0.624951
11.58 -0.612621
11.59 -0.60014
11.6 -0.587511
11.61 -0.574737
11.62 -0.561821
11.63 -0.548767
11.64 -0.535577
11.65 -0.522255
11.66 -0.508804
11.67 -0.495227
11.68 -0.481529
11.69 -0.467711
11.7 -0.453779
11.71 -0.439734
11.72 -0.425581
11.73 -0.411322
11.74 -0.396962
11.75 -0.382505
11.76 -0.367953
11.77 -0.35331
11.78 -0.33858
11.79 -0.323766
11.8 -0.308873
11.81 -0.293903
11.82 -0.278861
11.83 -0.26375
11.84 -0.248574
11.85 -0.233336
11.86 -0.218041
11.87 -0.202692
11.88 -0.187294
11.89 -0.171849
11.9 -0.156361
11.91 -0.140835
11.92 -0.125274
11.93 -0.109683
11.94 -0.094064
11.95 -0.0784221
11.96 -0.0627608
11.97 -0.0470841
11.98 -0.0313957
11.99 -0.0156996
12 4.43482e-07
12.01 0.0157004
12.02 0.0313966
12.03 0.0470849
12.04 0.0627617
12.05 0.078423
12.06 0.0940649
12.07 0.109684
12.08 0.125275
12.09 0.140836
12.1 0.156362
12.11 0.171849
12.12 0.187294
12.13 0.202693
12.14 0.218042
12.15 0.233337
12.16 0.248574
12.17 0.263751
12.18 0.278862
12.19 0.293904
12.2 0.308873
12.21 0.323767
12.22 0.338581
12.23 0.353311
12.24 0.367953
12.25 0.382506
12.26 0.396963
12.27 0.411323
12.28 0.425581
12.29 0.439735
12.3 0.453779
12.31 0.467712
12.32 0.48153
12.33 0.495228
12.34 0.508805
12.35 0.522256
12.36 0.535578
12.37 0.548767
12.38 0.561822
12.39 0.574738
12.4 0.587512
12.41 0.600141
12.42 0.612622
12.43 0.624952
12.44 0.637127
12.45 0.649146
12.46 0.661004
12.47 0.672699
12.48 0.684229
12.49 0.695589
12.5 0.706778
12.51 0.717792
12.52 0.728629
12.53 0.739287
12.54 0.749762
12.55 0.760052
12.56 0.770155
12.57 0.780067
12.58 0.789787
12.59 0.799312
12.6 0.80864
12.61 0.817769
12.62 0.826696
12.63 0.835418
12.64 0.843935
12.65 0.852243
12.66 0.860341
12.67 0.868227
12.68 0.875899
12.69 0.883354
12.7 0.890592
12.71 0.897609
12.72 0.904406
12.73 0.910979
12.74 0.917327
12.75 0.923449
12.76 0.929343
12.77 0.935008
12.78 0.940443
12.79 0.945645
12.8 0.950614
12.81 0.955348
12.82 0.959846
12.83 0.964108
12.84 0.968132
12.85 0.971917
12.86 0.975462
12.87 0.978767
12.88 0.98183
12.89 0.98465
12.9 0.987228
12.91 0.989562
12.92 0.991653
12.93 0.993498
12.94 0.995098
12.95 0.996453
12.96 0.997562
12.97 0.998425
12.98 0.999041
12.99 0.999411
13 0.999534
13.01 0.999411
13.02 0.999041
13.03 0.998424
13.04 0.997562
13.05 0.996453
13.06 0.995098
13.07 0.993498
13.08 0.991652
13.09 0.989562
13.1 0.987228
13.11 0.98465
13.12 0.98183
13.13 0.978767
13.14 0.975462
13.15 0.971917
13.16 0.968132
13.17 0.964108
13.18 0.959846
13.19 0.955348
13.2 0.950613
13.21 0.945644
13.22 0.940442
13.23 0.935008
13.24 0.929343
13.25 0.923449
13.26 0.917327
13.27 0.910978
13.28 0.904405
13.29 0.897609
13.3 0.890591
13.31 0.883354
13.32 0.875898
13.33 0.868227
13.34 0.860341
13.35 0.852243
13.36 0.843934
13.37 0.835418
13.38 0.826695
13.39 0.817768
13.4 0.80864
13.41 0.799312
13.42 0.789787
13.43 0.780067
13.44 0.770154
13.45 0.760051
13.46 0.749761
13.47 0.739286
13.48 0.728629
13.49 0.717791
13.5 0.706777
13.51 0.695588
13.52 0.684228
13.53 0.672699
13.54 0.661003
13.55 0.649145
13.56 0.637127
13.57 0.624951
13.58 0.612621
13.59 0.60014
13.6 0.587511
13.61 0.574737
13.62 0.561821
13.63 0.548767
13.64 0.535577
13.65 0.522255
13.66 0.508804
13.67 0.495227
13.68 0.481529
13.69 0.467711
13.7 0.453779
13.71 0.439734
13.72 0.42558
13.73 0.411322
13.74 0.396962
13.75 0.382505
13.76 0.367953
13.77 0.35331
13.78 0.33858
13.79 0.323766
13.8 0.308873
13.81 0.293903
13.82 0.278861
13.83 0.26375
13.84 0.248574
13.85 0.233336
13.86 0.218041
13.87 0.202692
13.88 0.187294
13.89 0.171848
13.9 0.156361
13.91 0.140835
13.92 0.125274
13.93 0.109683
13.94 0.094064
13.95 0.078422
13.96 0.0627608
13.97 0.047084
13.98 0.0313956
13.99 0.0156995
14 -5.17396e-07
14.01 -0.0157005
14.02 -0.0313966
14.03 -0.047085
14.04 -0.0627618
14.05 -0.0784231
14.06 -0.094065
14.07 -0.109684
14.08 -0.125275
14.09 -0.140836
14.1 -0.156362
14.11 -0.17185
14.12 -0.187295
14.13 -0.202693
14.14 -0.218042
14.15 -0.233337
14.16 -0.248575
14.17 -0.263751
14.18 -0.278862
14.19 -0.293904
14.2 -0.308874
14.21 -0.323767
14.22 -0.338581
14.23 -0.353311
14.24 -0.367954
14.25 -0.382506
14.26 -0.396963
14.27 -0.411323
14.28 -0.425581
14.29 -0.439735
14.3 -0.453779
14.31 -0.467712
14.32 -0.48153
14.33 -0.495228
14.34 -0.508805
14.35 -0.522256
14.36 -0.535578
14.37 -0.548767
14.38 -0.561822
14.39 -0.574738
14.4 -0.587512
14.41 -0.600141
14.42 -0.612622
14.43 -0.624952
14.44 -0.637127
14.45 -0.649146
14.46 -0.661004
14.47 -0.672699
14.48 -0.684229
14.49 -0.695589
14.5 -0.706778
14.51 -0.717792
14.52 -0.728629
14.53 -0.739287
14.54 -0.749762
14.55 -0.760052
14.56 -0.770155
14.57 -0.780067
14.58 -0.789787
14.59 -0.799312
14.6 -0.80864
14.61 -0.817769
14.62 -0.826696
14.63 -0.835418
14.64 -0.843935
14.65 -0.852243
14.66 -0.860341
14.67 -0.868227
14.68 -0.875899
14.69 -0.883354
14.7 -0.890592
14.71 -0.897609
14.72 -0.904406
14.73 -0.910979
14.74 -0.917327
14.75 -0.923449
14.76 -0.929344
14.77 -0.935008
14.78 -0.940443
14.79 -0.945645
14.8 -0.950614
14.81 -0.955348
14.82 -0.959846
14.83 -0.964108
14.84 -0.968132
14.85 -0.971917
14.86 -0.975462
14.87 -0.978767
14.88 -0.98183
14.89 -0.98465
14.9 -0.987228
14.91 -0.989563
14.92 -0.991653
14.93 -0.993498
14.94 -0.995098
14.95 -0.996453
14.96 -0.997562
14.97 -0.998425
14.98 -0.999041
14.99 -0.999411
15 -0.999534
15.01 -0.999411
15.02 -0.999041
15.03 -0.998424
15.04 -0.997562
15.05 -0.996453
15.06 -0.995098
15.07 -0.993498
15.08 -0.991652
15.09 -0.989562
15.1 -0.987228
15.11 -0.98465
15.12 -0.98183
15.13 -0.978766
15.14 -0.975462
15.15 -0.971917
15.16 -0.968132
15.17 -0.964108
15.18 -0.959846
15.19 -0.955348
15.2 -0.950613
15.21 -0.945644
15.22 -0.940442
15.23 -0.935008
15.24 -0.929343
15.25 -0.923449
15.26 -0.917327
15.27 -0.910978
15.28 -0.904405
15.29 -0.897609
15.3 -0.890591
15.31 -0.883354
15.32 -0.875898
15.33 -0.868227
15.34 -0.860341
15.35 -0.852243
15.36 -0.843934
15.37 -0.835418
15.38 -0.826695
15.39 -0.817768
15.4 -0.80864
15.41 -0.799312
15.42 -0.789787
15.43 -0.780066
15.44 -0.770154
15.45 -0.760051
15.46 -0.749761
15.47 -0.739286
15.48 -0.728629
15.49 -0.717791
15.5 -0.706777
15.51 -0.695588
15.52 -0.684228
15.53 -0.672699
15.54 -0.661003
15.55 -0.649145
15.56 -0.637127
15.57 -0.624951
15.58 -0.612621
15.59 -0.60014
15.6 -0.587511
15.61 -0.574737
15.62 -0.561821
15.63 -0.548767
15.64 -0.535577
15.65 -0.522255
15.66 -0.508804
15.67 -0.495227
15.68 -0.481529
15.69 -0.467711
15.7 -0.453778
15.71 -0.439734
15.72 -0.42558
15.73 -0.411322
15.74 -0.396962
15.75 -0.382505
15.76 -0.367953
15.77 -0.35331
15.78 -0.33858
15.79 -0.323766
15.8 -0.308872
15.81 -0.293903
15.82 -0.278861
15.83 -0.26375
15.84 -0.248573
15.85 -0.233336
15.86 -0.218041
15.87 -0.202692
15.88 -0.187293
15.89 -0.171848
15.9 -0.156361
15.91 -0.140835
15.92 -0.125274
15.93 -0.109683
15.94 -0.0940639
15.95 -0.078422
15.96 -0.0627607
15.97 -0.0470839
15.98 -0.0313955
15.99 -0.0156994
16 5.91309e-07
16.01 0.0157006
16.02 0.0313967
16.03 0.0470851
16.04 0.0627619
16.05 0.0784231
16.06 0.0940651
16.07 0.109684
16.08 0.125275
16.09 0.140836
16.1 0.156362
16.11 0.17185
16.12 0.187295
16.13 0.202693
16.14 0.218042
16.15 0.233337
16.16 0.248575
16.17 0.263751
16.18 0.278862
16.19 0.293904
16.2 0.308874
16.21 0.323767
16.22 0.338581
16.23 0.353311
16.24 0.367954
16.25 0.382506
16.26 0.396963
16.27 0.411323
16.28 0.425581
16.29 0.439735
16.3 0.45378
16.31 0.467712
16.32 0.48153
16.33 0.495228
16.34 0.508805
16.35 0.522256
16.36 0.535578
16.37 0.548768
16.38 0.561822
16.39 0.574738
16.4 0.587512
16.41 0.600141
16.42 0.612622
16.43 0.624952
16.44 0.637127
16.45 0.649146
16.46 0.661004
16.47 0.672699
16.48 0.684229
16.49 0.695589
16.5 0.706778
16.51 0.717792
16.52 0.728629
16.53 0.739287
16.54 0.749762
16.55 0.760052
16.56 0.770155
16.57 0.780067
16.58 0.789787
16.59 0.799312
16.6 0.80864
16.61 0.817769
16.62 0.826696
16.63 0.835418
16.64 0.843935
16.65 0.852243
16.66 0.860341
16.67 0.868227
16.68 0.875899
16.69 0.883354
16.7 0.890592
16.71 0.897609
16.72 0.904406
16.73 0.910979
16.74 0.917327
16.75 0.923449
16.76 0.929344
16.77 0.935008
16.78 0.940443
16.79 0.945645
16.8 0.950614
16.81 0.955348
16.82 0.959846
16.83 0.964108
16.84 0.968132
16.85 0.971917
16.86 0.975462
16.87 0.978767
16.88 0.98183
16.89 0.98465
16.9 0.987228
16.91 0.989563
16.92 0.991653
16.93 0.993498
16.94 0.995098
16.95 0.996453
16.96 0.997562
16.97 0.998425
16.98 0.999041
16.99 0.999411
17 0.999534
17.01 0.999411
17.02 0.999041
17.03 0.998424
17.04 0.997562
17.05 0.996453
17.06 0.995098
17.07 0.993498
17.08 0.991652
17.09 0.989562
17.1 0.987228
17.11 0.98465
17.12 0.98183
17.13 0.978766
17.14 0.975462
17.15 0.971917
17.16 0.968132
17.17 0.964108
17.18 0.959846
17.19 0.955348
17.2 0.950613
17.21 0.945644
17.22 0.940442
17.23 0.935008
17.24 0.929343
17.25 0.923449
17.26 0.917327
17.27 0.910978
17.28 0.904405
17.29 0.897609
17.3 0.890591
17.31 0.883354
17.32 0.875898
17.33 0.868227
17.34 0.860341
17.35 0.852243
17.36 0.843934
17.37 0.835418
17.38 0.826695
17.39 0.817768
17.4 0.80864
17.41 0.799312
17.42 0.789787
17.43 0.780066
17.44 0.770154
17.45 0.760051
17.46 0.749761
17.47 0.739286
17.48 0.728629
17.49 0.717791
17.5 0.706777
17.51 0.695588
17.52 0.684228
17.53 0.672698
17.54 0.661003
17.55 0.649145
17.56 0.637127
17.57 0.624951
17.58 0.612621
17.59 0.60014
17.6 0.587511
17.61 0.574737
17.62 0.561821
17.63 0.548766
17.64 0.535577
17.65 0.522255
17.66 0.508804
17.67 0.495227
17.68 0.481529
17.69 0.467711
17.7 0.453778
17.71 0.439734
17.72 0.42558
17.73 0.411322
17.74 0.396962
17.75 0.382505
17.76 0.367952
17.77 0.35331
17.78 0.338579
17.79 0.323766
17.8 0.308872
17.81 0.293903
17.82 0.27886
17.83 0.263749
17.84 0.248573
17.85 0.233336
17.86 0.218041
17.87 0.202692
17.88 0.187293
17.89 0.171848
17.9 0.156361
17.91 0.140835
17.92 0.125274
17.93 0.109683
17.94 0.0940638
17.95 0.0784219
17.96 0.0627606
17.97 0.0470838
17.98 0.0313955
17.99 0.0156993
18 -6.65223e-07
18.01 -0.0157007
18.02 -0.0313968
18.03 -0.0470852
18.04 -0.0627619
18.05 -0.0784232
18.06 -0.0940651
18.07 -0.109684
18.08 -0.125276
18.09 -0.140836
18.1 -0.156362
18.11 -0.17185
18.12 -0.187295
18.13 -0.202693
18.14 -0.218042
18.15 -0.233337
18.16 -0.248575
18.17 -0.263751
18.18 -0.278862
18.19 -0.293904
18.2 -0.308874
18.21 -0.323767
18.22 -0.338581
18.23 -0.353311
18.24 -0.367954
18.25 -0.382506
18.26 -0.396963
18.27 -0.411323
18.28 -0.425582
18.29 -0.439735
18.3 -0.45378
18.31 -0.467712
18.32 -0.48153
18.33 -0.495228
18.34 -0.508805
18.35 -0.522256
18.36 -0.535578
18.37 -0.548768
18.38 -0.561822
18.39 -0.574738
18.4 -0.587512
18.41 -0.600141
18.42 -0.612622
18.43 -0.624952
18.44 -0.637128
18.45 -0.649146
18.46 -0.661004
18.47 -0.672699
18.48 -0.684229
18.49 -0.695589
18.5 -0.706778
18.51 -0.717792
18.52 -0.728629
18.53 -0.739287
18.54 -0.749762
18.55 -0.760052
18.56 -0.770155
18.57 -0.780067
18.58 -0.789787
18.59 -0.799313
18.6 -0.80864
18.61 -0.817769
18.62 -0.826696
18.63 -0.835418
18.64 -0.843935
18.65 -0.852243
18.66 -0.860341
18.67 -0.868227
18.68 -0.875899
18.69 -0.883354
18.7 -0.890592
18.71 -0.89761
18.72 -0.904406
18.73 -0.910979
18.74 -0.917327
18.75 -0.923449
18.76 -0.929344
18.77 -0.935008
18.78 -0.940443
18.79 -0.945645
18.8 -0.950614
18.81 -0.955348
18.82 -0.959847
18.83 -0.964108
18.84 -0.968132
18.85 -0.971917
18.86 -0.975462
18.87 -0.978767
18.88 -0.98183
18.89 -0.984651
18.9 -0.987228
18.91 -0.989563
18.92 -0.991653
18.93 -0.993498
18.94 -0.995098
18.95 -0.996453
18.96 -0.997562
18.97 -0.998425
18.98 -0.999041
18.99 -0.999411
19 -0.999534
19.01 -0.999411
19.02 -0.999041
19.03 -0.998424
19.04 -0.997562
19.05 -0.996453
19.06 -0.995098
19.07 -0.993498
19.08 -0.991652
19.09 -0.989562
19.1 -0.987228
19.11 -0.98465
19.12 -0.981829
19.13 -0.978766
19.14 -0.975462
19.15 -0.971917
19.16 -0.968132
19.17 -0.964108
19.18 -0.959846
19.19 -0.955348
19.2 -0.950613
19.21 -0.945644
19.22 -0.940442
19.23 -0.935008
19.24 -0.929343
19.25 -0.923449
19.26 -0.917327
19.27 -0.910978
19.28 -0.904405
19.29 -0.897609
19.3 -0.890591
19.31 -0.883354
19.32 -0.875898
19.33 -0.868226
19.34 -0.860341
19.35 -0.852243
19.36 -0.843934
19.37 -0.835418
19.38 -0.826695
19.39 -0.817768
19.4 -0.80864
19.41 -0.799312
19.42 -0.789786
19.43 -0.780066
19.44 -0.770154
19.45 -0.760051
19.46 -0.749761
19.47 -0.739286
19.48 -0.728629
19.49 -0.717791
19.5 -0.706777
19.51 -0.695588
19.52 -0.684228
19.53 -0.672698
19.54 -0.661003
19.55 -0.649145
19.56 -0.637126
19.57 -0.624951
19.58 -0.612621
19.59 -0.60014
19.6 -0.587511
19.61 -0.574737
19.62 -0.561821
19.63 -0.548766
19.64 -0.535577
19.65 -0.522255
19.66 -0.508804
19.67 -0.495227
19.68 -0.481529
19.69 -0.467711
19.7 -0.453778
19.71 -0.439734
19.72 -0.42558
19.73 -0.411322
19.74 -0.396962
19.75 -0.382504
19.76 -0.367952
19.77 -0.353309
19.78 -0.338579
19.79 -0.323766
19.8 -0.308872
19.81 -0.293903
19.82 -0.27886
19.83 -0.263749
19.84 -0.248573
19.85 -0.233336
19.86 -0.218041
19.87 -0.202692
19.88 -0.187293
19.89 -0.171848
19.9 -0.156361
19.91 -0.140835
19.92 -0.125274
19.93 -0.109682
19.94 -0.0940637
19.95 -0.0784218
19.96 -0.0627605
19.97 -0.0470838
19.98 -0.0313954
19.99 -0.0156993
20 7.39137e-07
