0 0.00353553 0.785398 0.00353553
0.005 0.00719067 0.750969 0.00694727
0.01 0.0109386 0.723352 0.0102568
0.015 0.0147459 0.705254 0.0134979
0.02 0.0185835 0.695811 0.016703
0.025 0.0224305 0.692902 0.0198968
0.03 0.0262754 0.693563 0.0230932
0.035 0.0301164 0.694751 0.0262942
0.04 0.033958 0.694598 0.0294946
0.045 0.0378031 0.693502 0.0326907
0.05 0.0416452 0.694418 0.0358904
0.055 0.0454641 0.701639 0.0391178
0.06 0.0492279 0.71855 0.0424093
0.065 0.0529001 0.745969 0.0458027
0.07 0.056448 0.781875 0.0493257
0.075 0.0598521 0.821921 0.052988
0.08 0.0631135 0.860222 0.0567779
0.085 0.066258 0.89065 0.0606654
0.09 0.0693318 0.908708 0.0646089
0.095 0.0723891 0.912895 0.0685653
0.1 0.0754799 0.904404 0.0724956
0.105 0.0786429 0.885897 0.076368
0.11 0.0819015 0.860947 0.0801603
0.115 0.0852594 0.834434 0.0838649
0.12 0.0886983 0.812375 0.0874945
0.125 0.0921807 0.80032 0.0910824
0.13 0.0956593 0.80139 0.094674
0.135 0.0990875 0.815301 0.0983137
0.14 0.10243 0.838537 0.102032
0.145 0.105672 0.865389 0.105839
0.15 0.108821 0.889539 0.109723
0.155 0.111907 0.905672 0.113657
0.16 0.114973 0.910539 0.117606
0.165 0.118068 0.903261 0.121533
0.17 0.121235 0.885105 0.125403
0.175 0.1245 0.859046 0.129189
0.18 0.127878 0.829088 0.132875
0.185 0.131364 0.799439 0.13646
0.19 0.13494 0.773805 0.139954
0.195 0.138581 0.754993 0.143381
0.2 0.142258 0.744733 0.14677
0.205 0.145938 0.743608 0.150155
0.21 0.149592 0.751091 0.153567
0.215 0.153197 0.765784 0.157032
0.22 0.156731 0.785807 0.160569
0.225 0.160181 0.809188 0.164188
0.23 0.16354 0.834174 0.167892
0.235 0.166805 0.859376 0.171679
0.24 0.169976 0.883745 0.175544
0.245 0.173059 0.906441 0.179481
0.25 0.176061 0.926753 0.183479
0.255 0.178994 0.944043 0.187529
0.26 0.181871 0.957687 0.191618
0.265 0.184709 0.967087 0.195734
0.27 0.187528 0.971771 0.199864
0.275 0.190349 0.971515 0.203993
0.28 0.19319 0.966374 0.208107
0.285 0.196071 0.956696 0.212193
0.29 0.199007 0.943114 0.21624
0.295 0.202011 0.92653 0.220238
0.3 0.205087 0.908137 0.22418
0.305 0.208236 0.889468 0.228063
0.31 0.211451 0.87234 0.231892
0.315 0.214718 0.858594 0.235677
0.32 0.218019 0.84977 0.239433
0.325 0.221331 0.846779 0.243178
0.33 0.224633 0.849554 0.246933
0.335 0.227907 0.856766 0.250712
0.34 0.231147 0.865869 0.25452
0.345 0.234357 0.873639 0.258354
0.35 0.237555 0.87701 0.262198
0.355 0.240764 0.873849 0.266032
0.36 0.244013 0.863413 0.269832
0.365 0.247327 0.846326 0.273576
0.37 0.250723 0.824206 0.277247
0.375 0.254209 0.799227 0.280831
0.38 0.257785 0.773782 0.284325
0.385 0.261443 0.750085 0.287733
0.39 0.265171 0.729538 0.291066
0.395 0.268956 0.712127 0.294333
0.4 0.272792 0.696344 0.29754
0.405 0.27668 0.679831 0.300684
0.41 0.280629 0.660371 0.303751
0.415 0.284649 0.636884 0.306724
0.42 0.288746 0.610251 0.309589
0.425 0.292919 0.583566 0.312344
0.43 0.297151 0.561443 0.315007
0.435 0.301418 0.548397 0.317613
0.44 0.305689 0.546705 0.320212
0.445 0.30994 0.55444 0.322845
0.45 0.314163 0.565003 0.325522
0.455 0.318374 0.569579 0.328218
0.46 0.322606 0.561394 0.33088
0.465 0.326899 0.538172 0.333443
0.47 0.331285 0.501038 0.335845
0.475 0.335784 0.451363 0.338026
0.48 0.340411 0.388973 0.339922
0.485 0.345167 0.313174 0.341462
0.49 0.350043 0.223311 0.34257
0.495 0.355009 0.117767 0.343157
0.5 0.360009 0 0.343157
