0 0.00353553 0.785398 0.00353553
0.005 0.00717392 0.755867 0.00696513
0.01 0.0108985 0.730373 0.0103009
0.015 0.0146827 0.712341 0.0135689
0.02 0.0184898 0.705288 0.0168102
0.025 0.022291 0.707136 0.0200585
0.03 0.0260796 0.710981 0.0233214
0.035 0.0298608 0.713232 0.0265928
0.04 0.0336395 0.714029 0.0298672
0.045 0.0374166 0.7145 0.0331434
0.05 0.0411869 0.716573 0.0364274
0.055 0.0449395 0.721946 0.0397316
0.06 0.0486583 0.73211 0.0430738
0.065 0.0523206 0.748865 0.0464779
0.07 0.0559004 0.772796 0.0499686
0.075 0.0593786 0.801486 0.0535605
0.08 0.0627515 0.830409 0.0572516
0.085 0.066031 0.855413 0.0610258
0.09 0.0692405 0.873847 0.0648598
0.095 0.0724093 0.884385 0.0687274
0.1 0.0755681 0.886977 0.0726033
0.105 0.0787448 0.882335 0.0764644
0.11 0.0819637 0.871368 0.0802904
0.115 0.0852417 0.855819 0.084066
0.12 0.0885827 0.839029 0.0877859
0.125 0.0919725 0.825792 0.0914614
0.13 0.0953818 0.820496 0.0951188
0.135 0.0987762 0.824579 0.0987901
0.14 0.102128 0.836141 0.1025
0.145 0.105422 0.851512 0.106262
0.15 0.108659 0.866603 0.110072
0.155 0.111855 0.877433 0.113918
0.16 0.115038 0.880606 0.117774
0.165 0.118246 0.874386 0.121609
0.17 0.121508 0.859849 0.125398
0.175 0.124844 0.840456 0.129123
0.18 0.128255 0.820028 0.132779
0.185 0.131733 0.801601 0.136371
0.19 0.135261 0.787368 0.139913
0.195 0.13882 0.778754 0.143425
0.2 0.142387 0.776525 0.146929
0.205 0.145939 0.780706 0.150448
0.21 0.149457 0.790375 0.154001
0.215 0.152927 0.803865 0.157602
0.22 0.15634 0.81943 0.161255
0.225 0.159693 0.835777 0.164965
0.23 0.162985 0.852061 0.168728
0.235 0.166217 0.867818 0.172542
0.24 0.169392 0.88285 0.176405
0.245 0.172512 0.896932 0.180312
0.25 0.175582 0.909677 0.184259
0.255 0.178609 0.920632 0.188239
0.26 0.181601 0.929332 0.192245
0.265 0.184568 0.93535 0.196269
0.27 0.187523 0.938483 0.200302
0.275 0.190477 0.938828 0.204336
0.28 0.19344 0.936602 0.208364
0.285 0.196421 0.932007 0.212378
0.29 0.199429 0.925268 0.216372
0.295 0.202471 0.916707 0.22034
0.3 0.205552 0.90683 0.224278
0.305 0.208674 0.896497 0.228184
0.31 0.211833 0.886943 0.232059
0.315 0.215021 0.879438 0.235911
0.32 0.218226 0.874893 0.239749
0.325 0.221436 0.873709 0.243582
0.33 0.224639 0.875683 0.247422
0.335 0.227825 0.879815 0.251275
0.34 0.230994 0.884358 0.255143
0.345 0.234152 0.887162 0.259019
0.35 0.237314 0.886081 0.262892
0.355 0.240502 0.879409 0.266744
0.36 0.243741 0.8663 0.270554
0.365 0.247052 0.846869 0.2743
0.37 0.250456 0.821961 0.277962
0.375 0.253965 0.793024 0.281525
0.38 0.257581 0.762187 0.284977
0.385 0.2613 0.732073 0.288319
0.39 0.265108 0.70519 0.29156
0.395 0.268985 0.683309 0.294717
0.4 0.272914 0.667015 0.29781
0.405 0.276878 0.655338 0.300857
0.41 0.28087 0.645936 0.303867
0.415 0.284892 0.636151 0.306837
0.42 0.288949 0.624341 0.30976
0.425 0.293045 0.610688 0.312627
0.43 0.29718 0.597024 0.315438
0.435 0.301347 0.58569 0.318202
0.44 0.305535 0.577878 0.320933
0.445 0.309739 0.572226 0.323641
0.45 0.313961 0.565076 0.326318
0.455 0.318218 0.552518 0.328943
0.46 0.322527 0.531674 0.331477
0.465 0.326912 0.501187 0.33388
0.47 0.331391 0.460675 0.336103
0.475 0.335979 0.40891 0.338091
0.48 0.340685 0.34448 0.339779
0.485 0.345505 0.269208 0.341109
0.49 0.350418 0.186354 0.342035
0.495 0.355396 0.0959464 0.342514
0.5 0.360396 0 0.342514
