0 0.00353553 0.785398 0.00353553
0.005 0.00722008 0.742309 0.00691549
0.01 0.0110384 0.701829 0.0101436
0.015 0.0149681 0.66657 0.013235
0.02 0.0189891 0.636466 0.0162068
0.025 0.0230912 0.608677 0.0190657
0.03 0.0272706 0.581054 0.0218103
0.035 0.0315212 0.554563 0.0244431
0.04 0.035825 0.534057 0.0269883
0.045 0.0401464 0.527081 0.0295033
0.05 0.0444314 0.541365 0.0320799
0.055 0.048607 0.582439 0.0348302
0.06 0.0525811 0.652101 0.0378645
0.065 0.0562492 0.747142 0.0412622
0.07 0.0595177 0.858359 0.045046
0.075 0.0623396 0.971107 0.0491736
0.08 0.06475 1.06776 0.0535542
0.085 0.0668767 1.13146 0.0580794
0.09 0.0689191 1.15001 0.0626432
0.095 0.0711038 1.1186 0.0671407
0.1 0.0736316 1.04076 0.0714546
0.105 0.076629 0.927945 0.0754566
0.11 0.080119 0.798188 0.079037
0.115 0.0840265 0.673727 0.0821566
0.12 0.0882165 0.577205 0.084885
0.125 0.0925385 0.52684 0.087399
0.13 0.0968472 0.532092 0.0899357
0.135 0.100998 0.591567 0.092724
0.14 0.104842 0.693744 0.0959211
0.145 0.108253 0.819872 0.0995764
0.15 0.11117 0.947977 0.103638
0.155 0.113628 1.05697 0.107992
0.16 0.11576 1.13012 0.112514
0.165 0.117769 1.15741 0.117093
0.17 0.119873 1.13653 0.121629
0.175 0.122262 1.0725 0.126021
0.18 0.125064 0.976116 0.130163
0.185 0.128319 0.861714 0.133957
0.19 0.131995 0.744851 0.137347
0.195 0.136005 0.640168 0.140333
0.2 0.140242 0.559751 0.142988
0.205 0.144601 0.512041 0.145438
0.21 0.148986 0.501254 0.147841
0.215 0.153307 0.527269 0.150357
0.22 0.157473 0.585946 0.153121
0.225 0.161392 0.6698 0.156226
0.23 0.164985 0.768987 0.159703
0.235 0.1682 0.872499 0.163532
0.24 0.171029 0.969488 0.167655
0.245 0.173514 1.05052 0.171994
0.25 0.175744 1.10863 0.176469
0.255 0.177832 1.13998 0.181012
0.26 0.179901 1.14412 0.185564
0.265 0.182062 1.1238 0.190073
0.27 0.184399 1.08445 0.194493
0.275 0.186959 1.03329 0.198788
0.28 0.189751 0.978292 0.202936
0.285 0.192752 0.927028 0.206935
0.29 0.195917 0.885562 0.210806
0.295 0.199188 0.857655 0.214588
0.3 0.202509 0.844348 0.218325
0.305 0.205831 0.844012 0.222062
0.31 0.209121 0.852807 0.225828
0.315 0.212362 0.865439 0.229635
0.32 0.215563 0.876082 0.233476
0.325 0.218751 0.879388 0.237328
0.33 0.221969 0.871524 0.241154
0.335 0.225265 0.851111 0.244914
0.34 0.228677 0.819745 0.248569
0.345 0.232226 0.781718 0.252091
0.35 0.235908 0.743043 0.255474
0.355 0.239698 0.710366 0.258735
0.36 0.243554 0.690337 0.261919
0.365 0.247412 0.68925 0.265098
0.37 0.251197 0.712079 0.268366
0.375 0.25482 0.76029 0.271811
0.38 0.258197 0.829412 0.275499
0.385 0.261272 0.908392 0.279441
0.39 0.264051 0.981521 0.283598
0.395 0.266617 1.03181 0.287889
0.4 0.269129 1.04443 0.292212
0.405 0.27179 1.00965 0.296446
0.41 0.274798 0.925192 0.300439
0.415 0.278291 0.797519 0.304018
0.42 0.282296 0.641823 0.307011
0.425 0.28673 0.480187 0.309321
0.43 0.291447 0.338035 0.310979
0.435 0.296305 0.239435 0.312164
0.44 0.301203 0.201748 0.313166
0.445 0.306071 0.230722 0.31431
0.45 0.310818 0.319108 0.315878
0.455 0.315321 0.449852 0.318053
0.46 0.319448 0.599781 0.320875
0.465 0.323135 0.741743 0.324253
0.47 0.32644 0.848482 0.328004
0.475 0.329553 0.898748 0.331917
0.48 0.332734 0.881191 0.335774
0.485 0.336248 0.791521 0.339331
0.49 0.340313 0.62154 0.342243
0.495 0.345006 0.352107 0.343967
0.5 0.350006 0 0.343967
