0 0.00353553 0.785398 0.00353553
0.005 0.00721377 0.744175 0.00692236
0.01 0.0110041 0.710457 0.0101833
0.015 0.0148708 0.686699 0.0133532
0.02 0.0187856 0.671401 0.0164636
0.025 0.022728 0.662454 0.0195389
0.03 0.0266853 0.657596 0.022595
0.035 0.0306512 0.654793 0.0256399
0.04 0.0346217 0.653268 0.0286789
0.045 0.0385885 0.654493 0.0317227
0.05 0.0425325 0.661944 0.0347959
0.055 0.046422 0.679473 0.0379378
0.06 0.0502155 0.709486 0.041195
0.065 0.0538677 0.751827 0.0446099
0.07 0.0573392 0.80334 0.0482083
0.075 0.0606089 0.858012 0.051991
0.08 0.0636856 0.907975 0.0559323
0.085 0.0666131 0.94531 0.0599857
0.09 0.0694642 0.964028 0.0640932
0.095 0.072326 0.961417 0.0681932
0.1 0.0752812 0.938436 0.0722264
0.105 0.0783917 0.899391 0.0761411
0.11 0.0816865 0.851353 0.079902
0.115 0.085158 0.803337 0.0835004
0.12 0.0887654 0.764881 0.0869626
0.125 0.0924443 0.743971 0.0903487
0.13 0.0961196 0.745039 0.0937387
0.135 0.0997166 0.767842 0.0972116
0.14 0.103173 0.807516 0.100824
0.145 0.106451 0.855741 0.1046
0.15 0.109549 0.90275 0.108525
0.155 0.112499 0.939572 0.112561
0.16 0.115368 0.959752 0.116657
0.165 0.118235 0.96017 0.120753
0.17 0.12118 0.941055 0.124794
0.175 0.124266 0.905541 0.128728
0.18 0.127532 0.858935 0.132514
0.185 0.130987 0.807811 0.136127
0.19 0.134615 0.758981 0.139568
0.195 0.138379 0.7185 0.14286
0.2 0.142232 0.690906 0.146046
0.205 0.146124 0.678804 0.149185
0.21 0.150003 0.682786 0.15234
0.215 0.153822 0.701617 0.155567
0.22 0.157539 0.732613 0.158911
0.225 0.161121 0.772168 0.1624
0.23 0.164546 0.81631 0.166043
0.235 0.167804 0.861193 0.169836
0.24 0.170898 0.903467 0.173763
0.245 0.173845 0.940492 0.177803
0.25 0.17667 0.970451 0.181928
0.255 0.179403 0.992342 0.186115
0.26 0.18208 1.00588 0.190338
0.265 0.184734 1.01134 0.194576
0.27 0.187395 1.0094 0.198808
0.275 0.190093 1.00098 0.203018
0.28 0.192848 0.987221 0.207191
0.285 0.195677 0.969321 0.211313
0.29 0.198592 0.948518 0.215376
0.295 0.201597 0.92606 0.219372
0.3 0.204692 0.903226 0.223299
0.305 0.207872 0.881385 0.227157
0.31 0.211127 0.861984 0.230953
0.315 0.21444 0.846443 0.234697
0.32 0.217793 0.835929 0.238407
0.325 0.221163 0.831091 0.2421
0.33 0.224531 0.831811 0.245796
0.335 0.227879 0.837058 0.249509
0.34 0.231198 0.844953 0.253249
0.345 0.234486 0.853093 0.257016
0.35 0.237752 0.859104 0.260802
0.355 0.241009 0.861201 0.264595
0.36 0.244277 0.858568 0.26838
0.365 0.247571 0.851457 0.272141
0.37 0.250905 0.841044 0.275868
0.375 0.254283 0.829066 0.279554
0.38 0.257704 0.817125 0.2832
0.385 0.261167 0.805806 0.286807
0.39 0.264672 0.794071 0.290373
0.395 0.268228 0.779506 0.293888
0.4 0.271854 0.759376 0.29733
0.405 0.275574 0.731847 0.300671
0.41 0.279409 0.696713 0.30388
0.415 0.283372 0.655571 0.306928
0.42 0.287465 0.611769 0.309799
0.425 0.291674 0.570229 0.312499
0.43 0.295971 0.536734 0.315055
0.435 0.300319 0.516336 0.317524
0.44 0.30468 0.511381 0.319971
0.445 0.309018 0.520397 0.322457
0.45 0.31331 0.538573 0.325021
0.455 0.317548 0.559292 0.327674
0.46 0.321742 0.575714 0.330396
0.465 0.32592 0.581725 0.333144
0.47 0.330123 0.572169 0.335851
0.475 0.334405 0.542755 0.338433
0.48 0.338817 0.490005 0.340787
0.485 0.3434 0.411063 0.342785
0.49 0.348172 0.302853 0.344276
0.495 0.353106 0.163111 0.345088
0.5 0.358106 0 0.345088
