0 0.00353553 0.785398 0.00353553
0.005 0.00724385 0.73525 0.0068894
0.01 0.0110909 0.692869 0.0100831
0.015 0.0150419 0.659664 0.0131474
0.02 0.0190729 0.633102 0.0161056
0.025 0.0231684 0.610949 0.0189739
0.03 0.0273188 0.591556 0.0217621
0.035 0.031515 0.574916 0.0244809
0.04 0.0357409 0.563886 0.0271533
0.045 0.0399666 0.563956 0.029826
0.05 0.0441459 0.581122 0.0325708
0.055 0.0482167 0.6195 0.0354739
0.06 0.0521042 0.680114 0.0386184
0.065 0.0557271 0.760386 0.0420644
0.07 0.0590141 0.853415 0.045832
0.075 0.0619319 0.947711 0.0498924
0.08 0.0645115 1.02871 0.0541756
0.085 0.0668584 1.08219 0.0585905
0.09 0.0691356 1.09793 0.0630419
0.095 0.071527 1.0721 0.0674329
0.1 0.0741955 1.00783 0.0716613
0.105 0.0772455 0.914748 0.0756233
0.11 0.0807007 0.80785 0.0792373
0.115 0.084507 0.705543 0.0824796
0.12 0.0885574 0.626536 0.0854113
0.125 0.0927234 0.585898 0.088176
0.13 0.096874 0.591491 0.090964
0.135 0.100878 0.642132 0.0939586
0.14 0.10461 0.728056 0.0972857
0.145 0.107972 0.833344 0.100987
0.15 0.110924 0.939463 0.105023
0.155 0.113503 1.02886 0.109306
0.16 0.115825 1.08776 0.113734
0.165 0.118058 1.10792 0.118208
0.17 0.120381 1.08743 0.122635
0.175 0.122953 1.0305 0.126923
0.18 0.125877 0.946329 0.130979
0.185 0.129187 0.847292 0.134727
0.19 0.132856 0.746791 0.138123
0.195 0.136814 0.657369 0.141179
0.2 0.140971 0.589292 0.143957
0.205 0.145234 0.549633 0.146569
0.21 0.149518 0.541805 0.149148
0.215 0.15374 0.565482 0.151827
0.22 0.157818 0.616915 0.154719
0.225 0.161676 0.689592 0.157901
0.23 0.165247 0.775151 0.1614
0.235 0.168493 0.864417 0.165203
0.24 0.171407 0.948466 0.169266
0.245 0.174026 1.0196 0.173525
0.25 0.176417 1.07216 0.177917
0.255 0.178672 1.103 0.182379
0.26 0.180888 1.11162 0.186861
0.265 0.183156 1.09999 0.191317
0.27 0.185547 1.07205 0.195708
0.275 0.188108 1.03311 0.200003
0.28 0.190855 0.989106 0.204181
0.285 0.193781 0.94573 0.208235
0.29 0.196859 0.907686 0.212176
0.295 0.200052 0.878119 0.216023
0.3 0.20332 0.858385 0.219807
0.305 0.206627 0.848136 0.223557
0.31 0.209943 0.845613 0.227299
0.315 0.213251 0.84803 0.231049
0.32 0.216543 0.852029 0.234812
0.325 0.219827 0.854252 0.238583
0.33 0.223119 0.85201 0.242346
0.335 0.226442 0.843908 0.246082
0.34 0.229816 0.83016 0.249772
0.345 0.233254 0.812488 0.253402
0.35 0.23676 0.793713 0.256967
0.355 0.240324 0.777344 0.260474
0.36 0.243923 0.76728 0.263945
0.365 0.247522 0.767409 0.267416
0.37 0.251074 0.78077 0.270935
0.375 0.254527 0.808247 0.274551
0.38 0.257838 0.847263 0.278298
0.385 0.26098 0.891221 0.282187
0.39 0.263968 0.930182 0.286196
0.395 0.266866 0.952754 0.290271
0.4 0.269779 0.948685 0.294334
0.405 0.272843 0.911405 0.298286
0.41 0.27618 0.839901 0.302009
0.415 0.279874 0.739567 0.305379
0.42 0.283938 0.621853 0.308291
0.425 0.288319 0.502717 0.310701
0.43 0.292925 0.40008 0.312648
0.435 0.297654 0.330519 0.314271
0.44 0.302422 0.305655 0.315775
0.445 0.307154 0.329212 0.317392
0.45 0.311767 0.396015 0.31932
0.455 0.316171 0.493113 0.321687
0.46 0.320292 0.602105 0.324519
0.465 0.324109 0.702185 0.327749
0.47 0.327685 0.773767 0.331243
0.475 0.331164 0.80143 0.334835
0.48 0.334737 0.774646 0.338332
0.485 0.338606 0.685911 0.341499
0.49 0.342928 0.527126 0.344014
0.495 0.347716 0.291918 0.345453
0.5 0.352716 0 0.345453
