0 0.00353553 0.785398 0.00353553
0.005 0.00697705 0.811649 0.00716265
0.01 0.010373 0.824136 0.0108325
0.015 0.0137865 0.819358 0.014486
0.02 0.0172416 0.807897 0.0181002
0.025 0.0208842 0.754633 0.0215253
0.03 0.0247232 0.695383 0.0247287
0.035 0.0285621 0.695425 0.0279322
0.04 0.032331 0.717008 0.0312179
0.045 0.0360939 0.718817 0.0345104
0.05 0.0399007 0.705399 0.0377521
0.055 0.0436465 0.723986 0.0410639
0.06 0.047309 0.74883 0.0444679
0.065 0.0509396 0.758122 0.0479056
0.07 0.0545242 0.771438 0.0513915
0.075 0.0580328 0.792979 0.0549537
0.08 0.0615091 0.802006 0.0585475
0.085 0.0649621 0.808484 0.0621637
0.09 0.0683555 0.824821 0.0658358
0.095 0.0717284 0.830406 0.0695268
0.1 0.0751071 0.828832 0.0732126
0.105 0.0784491 0.838744 0.0769316
0.11 0.0817841 0.840617 0.0806568
0.115 0.0851505 0.832176 0.0843538
0.12 0.0885057 0.835183 0.0880609
0.125 0.0918645 0.834195 0.0917647
0.13 0.0952656 0.822744 0.0954298
0.135 0.0986741 0.820714 0.099088
0.14 0.102091 0.818369 0.102738
0.145 0.105547 0.807645 0.106351
0.15 0.109016 0.804003 0.109952
0.155 0.112491 0.802427 0.113547
0.16 0.115993 0.794865 0.117116
0.165 0.119503 0.792569 0.120677
0.17 0.123009 0.793679 0.124242
0.175 0.126526 0.790621 0.127796
0.18 0.130041 0.791351 0.131352
0.185 0.133538 0.796075 0.134925
0.19 0.13703 0.797724 0.138504
0.195 0.140507 0.80174 0.142097
0.2 0.143956 0.809749 0.145717
0.205 0.147384 0.815195 0.149357
0.21 0.150789 0.821694 0.153018
0.215 0.154157 0.831832 0.156714
0.22 0.157496 0.839565 0.160436
0.225 0.160806 0.847276 0.164183
0.23 0.164075 0.858227 0.167967
0.235 0.167311 0.866742 0.171778
0.24 0.170519 0.874358 0.175613
0.245 0.173685 0.884966 0.179483
0.25 0.176821 0.892993 0.183378
0.255 0.179932 0.89931 0.187292
0.26 0.183006 0.908596 0.191235
0.265 0.186054 0.915071 0.195198
0.27 0.189088 0.918943 0.199173
0.275 0.192093 0.926018 0.203169
0.28 0.195082 0.929992 0.207177
0.285 0.19807 0.930232 0.211186
0.29 0.201043 0.934201 0.215207
0.295 0.204013 0.934797 0.219229
0.3 0.207001 0.930177 0.223238
0.305 0.20999 0.930074 0.227246
0.31 0.212993 0.926581 0.231244
0.315 0.216037 0.916205 0.235211
0.32 0.219101 0.911115 0.239162
0.325 0.222196 0.903273 0.243088
0.33 0.225353 0.887552 0.246966
0.335 0.228549 0.877324 0.250811
0.34 0.23179 0.865725 0.254619
0.345 0.235101 0.846853 0.258365
0.35 0.238465 0.832998 0.262065
0.355 0.241878 0.819236 0.265718
0.36 0.245362 0.799874 0.269304
0.365 0.2489 0.784864 0.272838
0.37 0.252486 0.770957 0.276322
0.375 0.256134 0.753011 0.279741
0.38 0.25983 0.738906 0.283108
0.385 0.263568 0.726496 0.28643
0.39 0.267357 0.710954 0.289693
0.395 0.271184 0.698868 0.292909
0.4 0.275044 0.688889 0.296088
0.405 0.278945 0.67593 0.299216
0.41 0.282876 0.665978 0.302305
0.415 0.286831 0.658586 0.305365
0.42 0.290818 0.647686 0.308382
0.425 0.294831 0.639093 0.311364
0.43 0.29886 0.633781 0.314325
0.435 0.302919 0.623702 0.317245
0.44 0.307004 0.61468 0.320129
0.445 0.3111 0.610677 0.322996
0.45 0.315228 0.599455 0.325817
0.455 0.319395 0.585708 0.328581
0.46 0.32357 0.582617 0.331332
0.465 0.32777 0.573539 0.334045
0.47 0.332062 0.538513 0.336609
0.475 0.336508 0.475031 0.338896
0.48 0.341115 0.399319 0.34084
0.485 0.345823 0.343539 0.342524
0.49 0.350632 0.277533 0.343894
0.495 0.355567 0.161257 0.344697
0.5 0.360567 0 0.344697
