0 0.00353553 0.785398 0.00353553
0.005 0.00707206 0.785116 0.00707007
0.01 0.0106103 0.784648 0.010603
0.015 0.0141507 0.784001 0.0141335
0.02 0.0176941 0.783176 0.0176612
0.025 0.021241 0.782174 0.0211853
0.03 0.0247921 0.780995 0.0247053
0.035 0.0283479 0.77964 0.0282204
0.04 0.0319091 0.778108 0.03173
0.045 0.0354763 0.7764 0.0352336
0.05 0.0390501 0.774512 0.0387305
0.055 0.0426312 0.772439 0.0422199
0.06 0.0462201 0.770181 0.0457012
0.065 0.0498175 0.767749 0.0491738
0.07 0.0534239 0.765139 0.052637
0.075 0.05704 0.76234 0.0560901
0.08 0.0606664 0.759354 0.0595323
0.085 0.0643038 0.756179 0.0629631
0.09 0.0679526 0.752821 0.0663816
0.095 0.0716135 0.749285 0.0697871
0.1 0.0752869 0.745576 0.0731791
0.105 0.0789736 0.741682 0.0765568
0.11 0.082674 0.737616 0.0799194
0.115 0.0863886 0.733382 0.0832663
0.12 0.0901179 0.72897 0.0865968
0.125 0.0938624 0.724384 0.0899102
0.13 0.0976226 0.719632 0.0932057
0.135 0.101399 0.714711 0.0964827
0.14 0.105192 0.709626 0.0997405
0.145 0.109002 0.704376 0.102978
0.15 0.11283 0.698963 0.106195
0.155 0.116675 0.693376 0.109391
0.16 0.120539 0.687618 0.112565
0.165 0.124422 0.681695 0.115715
0.17 0.128323 0.675601 0.118842
0.175 0.132244 0.669339 0.121944
0.18 0.136185 0.662922 0.125021
0.185 0.140146 0.656349 0.128073
0.19 0.144128 0.649616 0.131097
0.195 0.14813 0.642732 0.134094
0.2 0.152154 0.635699 0.137063
0.205 0.156198 0.628509 0.140002
0.21 0.160264 0.621161 0.142912
0.215 0.164352 0.613657 0.145791
0.22 0.168462 0.606009 0.148639
0.225 0.172593 0.598217 0.151455
0.23 0.176747 0.590278 0.154238
0.235 0.180923 0.582194 0.156988
0.24 0.185122 0.573973 0.159702
0.245 0.189343 0.565616 0.162382
0.25 0.193587 0.55712 0.165026
0.255 0.197854 0.548485 0.167633
0.26 0.202143 0.53972 0.170202
0.265 0.206455 0.530823 0.172733
0.27 0.21079 0.521788 0.175226
0.275 0.215147 0.512617 0.177678
0.28 0.219527 0.503318 0.18009
0.285 0.22393 0.493898 0.18246
0.29 0.228354 0.484351 0.184788
0.295 0.232802 0.474672 0.187073
0.3 0.237271 0.46488 0.189315
0.305 0.241762 0.454974 0.191512
0.31 0.246276 0.444955 0.193664
0.315 0.25081 0.434826 0.19577
0.32 0.255366 0.424591 0.19783
0.325 0.259943 0.414251 0.199843
0.33 0.264541 0.403803 0.201807
0.335 0.26916 0.393227 0.203723
0.34 0.273798 0.382533 0.205589
0.345 0.278457 0.371742 0.207406
0.35 0.283135 0.360857 0.209171
0.355 0.287832 0.349881 0.210885
0.36 0.292548 0.338818 0.212547
0.365 0.297281 0.327668 0.214156
0.37 0.302033 0.316435 0.215712
0.375 0.306802 0.305125 0.217214
0.38 0.311588 0.293738 0.218662
0.385 0.31639 0.282273 0.220054
0.39 0.321208 0.270698 0.221391
0.395 0.326041 0.259048 0.222672
0.4 0.330889 0.247332 0.223896
0.405 0.335751 0.235556 0.225063
0.41 0.340627 0.223698 0.226172
0.415 0.345515 0.211771 0.227223
0.42 0.350415 0.199755 0.228215
0.425 0.355328 0.187673 0.229148
0.43 0.360251 0.175537 0.230022
0.435 0.365184 0.163302 0.230834
0.44 0.370127 0.151025 0.231587
0.445 0.375079 0.138708 0.232278
0.45 0.380039 0.126313 0.232908
0.455 0.385007 0.113853 0.233476
0.46 0.389981 0.101342 0.233982
0.465 0.394962 0.088752 0.234425
0.47 0.399947 0.0761351 0.234805
0.475 0.404937 0.0634992 0.235123
0.48 0.409931 0.0508475 0.235377
0.485 0.414927 0.0381829 0.235568
0.49 0.419925 0.0255089 0.235695
0.495 0.424925 0.0127723 0.235759
0.5 0.429925 0 0.235759
