0 0.00353553 0.785398 0.00353553
0.005 0.00705399 0.790217 0.00708806
0.01 0.0105421 0.798712 0.0106704
0.015 0.0140166 0.802537 0.014266
0.02 0.0175517 0.785503 0.0178019
0.025 0.0212241 0.745908 0.0211951
0.03 0.0250036 0.713766 0.0244685
0.035 0.0288328 0.698443 0.0276836
0.04 0.0326384 0.705754 0.0309267
0.045 0.0364097 0.716277 0.0342096
0.05 0.0401564 0.723734 0.0375205
0.055 0.0438815 0.730219 0.0408557
0.06 0.0475893 0.735412 0.0442101
0.065 0.051232 0.754602 0.0476351
0.07 0.054804 0.77503 0.0511338
0.075 0.0583544 0.781204 0.0546545
0.08 0.0618842 0.786995 0.0581957
0.085 0.0653616 0.801715 0.0617884
0.09 0.0687919 0.814731 0.0654261
0.095 0.0721993 0.821022 0.0690853
0.1 0.0755976 0.823496 0.072753
0.105 0.0789725 0.829874 0.0764422
0.11 0.0823048 0.841347 0.0801699
0.115 0.0856297 0.843316 0.0839042
0.12 0.0889795 0.836645 0.0876162
0.125 0.0923275 0.837114 0.0913297
0.13 0.0956583 0.841766 0.0950588
0.135 0.0990186 0.83381 0.0987613
0.14 0.102434 0.818798 0.102413
0.145 0.105863 0.815007 0.106052
0.15 0.109296 0.814078 0.109687
0.155 0.112776 0.800873 0.113277
0.16 0.116301 0.788439 0.116823
0.165 0.119823 0.789396 0.120373
0.17 0.123344 0.78953 0.123923
0.175 0.126895 0.780892 0.127442
0.18 0.130452 0.779379 0.130957
0.185 0.133974 0.789121 0.134505
0.19 0.137482 0.793126 0.138068
0.195 0.140994 0.792054 0.141627
0.2 0.144469 0.802398 0.145222
0.205 0.147891 0.816951 0.148868
0.21 0.151298 0.821097 0.152527
0.215 0.154683 0.827332 0.156208
0.22 0.158003 0.8444 0.159945
0.225 0.161284 0.85508 0.163719
0.23 0.164554 0.858106 0.167502
0.235 0.167775 0.870774 0.171326
0.24 0.17094 0.88527 0.175196
0.245 0.174094 0.888277 0.179076
0.25 0.177226 0.893739 0.182973
0.255 0.180306 0.907224 0.186912
0.26 0.183365 0.912586 0.190868
0.265 0.186426 0.911971 0.194821
0.27 0.189456 0.919658 0.198798
0.275 0.192456 0.927305 0.202798
0.28 0.195468 0.924273 0.206789
0.285 0.198484 0.923313 0.210777
0.29 0.201472 0.930238 0.214786
0.295 0.204466 0.928953 0.218791
0.3 0.207494 0.920167 0.222769
0.305 0.210518 0.92118 0.226751
0.31 0.213534 0.923374 0.230739
0.315 0.216594 0.912124 0.234693
0.32 0.219691 0.902808 0.238619
0.325 0.222782 0.904387 0.242549
0.33 0.2259 0.897587 0.246458
0.335 0.229088 0.879477 0.25031
0.34 0.232308 0.870872 0.254134
0.345 0.23554 0.8679 0.257949
0.35 0.238841 0.849715 0.261705
0.355 0.242229 0.826434 0.265382
0.36 0.245655 0.815927 0.269024
0.365 0.249125 0.803874 0.272624
0.37 0.25269 0.776857 0.27613
0.375 0.25634 0.752534 0.279547
0.38 0.260026 0.741965 0.282926
0.385 0.263764 0.726355 0.286247
0.39 0.26759 0.699252 0.289465
0.395 0.271469 0.682886 0.29262
0.4 0.275358 0.679604 0.295762
0.405 0.279289 0.666272 0.298853
0.41 0.283278 0.646974 0.301866
0.415 0.287276 0.644176 0.304869
0.42 0.291264 0.647759 0.307886
0.425 0.29528 0.637937 0.310864
0.43 0.299326 0.628141 0.313802
0.435 0.303356 0.633319 0.316761
0.44 0.30737 0.638861 0.319743
0.445 0.311405 0.631793 0.322696
0.45 0.315472 0.620681 0.325604
0.455 0.319553 0.616166 0.328493
0.46 0.323634 0.615884 0.331381
0.465 0.327762 0.599617 0.334203
0.47 0.332037 0.545222 0.336796
0.475 0.336508 0.464288 0.339035
0.48 0.341152 0.379448 0.340887
0.485 0.34592 0.305851 0.342393
0.49 0.350807 0.21261 0.343448
0.495 0.355785 0.0950387 0.343922
0.5 0.360785 0 0.343922
