0 0.00353553 0.785398 0.00353553
0.005 0.00722292 0.74147 0.0069124
0.01 0.0110391 0.70249 0.010143
0.015 0.0149542 0.671273 0.0132529
0.02 0.0189433 0.64714 0.0162675
0.025 0.0229921 0.627046 0.0192012
0.03 0.0270954 0.608229 0.0220583
0.035 0.0312494 0.590253 0.0248412
0.04 0.0354426 0.576025 0.0275646
0.045 0.0396489 0.571189 0.0302678
0.05 0.0438251 0.582211 0.0330172
0.055 0.0479112 0.61425 0.0358989
0.06 0.0518316 0.669565 0.0390021
0.065 0.0555029 0.746214 0.0423964
0.07 0.058851 0.837109 0.04611
0.075 0.0618388 0.930346 0.0501191
0.08 0.0644925 1.01131 0.0543568
0.085 0.0669107 1.066 0.0587331
0.09 0.0692483 1.08431 0.063153
0.095 0.0716823 1.06237 0.0675206
0.1 0.0743709 1.00306 0.0717362
0.105 0.0774172 0.915688 0.0757011
0.11 0.0808474 0.814759 0.0793389
0.115 0.0846125 0.718151 0.0826289
0.12 0.088611 0.643994 0.0856308
0.125 0.0927188 0.606646 0.0884814
0.13 0.096808 0.613149 0.0913586
0.135 0.100753 0.661682 0.0944309
0.14 0.104437 0.742396 0.0978111
0.145 0.107775 0.839943 0.101534
0.15 0.110736 0.936824 0.105563
0.155 0.113367 1.01676 0.109815
0.16 0.115779 1.06743 0.114194
0.165 0.118126 1.08204 0.118609
0.17 0.120571 1.05986 0.12297
0.175 0.12325 1.00555 0.127193
0.18 0.126247 0.927892 0.131195
0.185 0.129592 0.838072 0.134911
0.19 0.133257 0.747974 0.138312
0.195 0.13718 0.668604 0.141412
0.2 0.141282 0.608883 0.144271
0.205 0.145478 0.574845 0.14699
0.21 0.14969 0.569257 0.149685
0.215 0.15384 0.591633 0.152473
0.22 0.157855 0.638568 0.155454
0.225 0.161665 0.704325 0.158691
0.23 0.165214 0.781594 0.162213
0.235 0.168467 0.862361 0.16601
0.24 0.171421 0.938831 0.170045
0.245 0.174104 1.00427 0.174263
0.25 0.176576 1.05367 0.17861
0.255 0.178914 1.08419 0.183029
0.26 0.181204 1.0952 0.187474
0.265 0.183524 1.08819 0.191903
0.27 0.185941 1.06634 0.19628
0.275 0.188498 1.03403 0.200577
0.28 0.191215 0.996167 0.204774
0.285 0.194093 0.957562 0.208863
0.29 0.197113 0.922286 0.212848
0.295 0.200247 0.893239 0.216744
0.3 0.203464 0.871894 0.220571
0.305 0.206733 0.858282 0.224355
0.31 0.210028 0.851177 0.228115
0.315 0.213334 0.84843 0.231867
0.32 0.216644 0.847388 0.235614
0.325 0.219961 0.845362 0.239355
0.33 0.223298 0.840133 0.243079
0.335 0.226671 0.830476 0.24677
0.34 0.230094 0.816518 0.250414
0.345 0.233579 0.799683 0.254
0.35 0.237126 0.782255 0.257524
0.355 0.240726 0.766945 0.260994
0.36 0.244361 0.756851 0.264427
0.365 0.248 0.755599 0.267856
0.37 0.251601 0.766851 0.271325
0.375 0.255111 0.792574 0.274886
0.38 0.258482 0.830861 0.278578
0.385 0.261687 0.87501 0.282416
0.39 0.264737 0.914721 0.286378
0.395 0.267692 0.938618 0.290412
0.4 0.270653 0.936894 0.29444
0.405 0.273748 0.903398 0.298368
0.41 0.277096 0.836928 0.302081
0.415 0.280782 0.741964 0.305459
0.42 0.284826 0.628901 0.308401
0.425 0.289182 0.513154 0.310855
0.43 0.293762 0.412706 0.312861
0.435 0.298468 0.344542 0.314549
0.44 0.303213 0.320482 0.316125
0.445 0.307921 0.343455 0.317808
0.45 0.312513 0.40675 0.319786
0.455 0.316909 0.496878 0.32217
0.46 0.321045 0.596588 0.324979
0.465 0.324913 0.686421 0.328148
0.47 0.32858 0.747292 0.331546
0.475 0.332188 0.764686 0.335008
0.48 0.33591 0.731256 0.338347
0.485 0.339907 0.644484 0.341351
0.49 0.344298 0.498627 0.343742
0.495 0.349104 0.27971 0.345122
0.5 0.354104 0 0.345122
