0 0.00353553 0.785398 0.00353553
0.005 0.00715463 0.761475 0.00698548
0.01 0.0108247 0.746594 0.0103812
0.015 0.0144837 0.749828 0.0137888
0.02 0.0181438 0.749516 0.0171952
0.025 0.0218642 0.731629 0.0205356
0.03 0.0256573 0.70962 0.0237933
0.035 0.0294859 0.69864 0.0270092
0.04 0.0333203 0.696803 0.0302181
0.045 0.0370431 0.730921 0.0335558
0.05 0.0408177 0.715274 0.036835
0.055 0.0446062 0.711013 0.040098
0.06 0.0482361 0.758333 0.0435365
0.065 0.0518157 0.772866 0.0470275
0.07 0.0554036 0.77046 0.0505098
0.075 0.0588381 0.813589 0.0541436
0.08 0.0621824 0.838135 0.0578606
0.085 0.0655493 0.832023 0.061557
0.09 0.0687828 0.867536 0.0653707
0.095 0.0719106 0.894947 0.0692716
0.1 0.0751161 0.874863 0.0731089
0.105 0.0782395 0.896081 0.0770133
0.11 0.0812573 0.922837 0.0809999
0.115 0.0844075 0.8892 0.0848827
0.12 0.0875527 0.890472 0.0887696
0.125 0.0906105 0.912762 0.0927256
0.13 0.0938173 0.874521 0.0965617
0.135 0.0970899 0.857248 0.100342
0.14 0.100304 0.872705 0.104172
0.145 0.103646 0.838669 0.107891
0.15 0.107091 0.810668 0.111515
0.155 0.110498 0.821192 0.115175
0.16 0.113993 0.796876 0.118751
0.165 0.117592 0.767271 0.122221
0.17 0.121155 0.777552 0.125729
0.175 0.124758 0.766151 0.129196
0.18 0.128443 0.742107 0.132575
0.185 0.132079 0.756584 0.136007
0.19 0.135704 0.759655 0.139451
0.195 0.139378 0.745372 0.142842
0.2 0.142981 0.766263 0.146309
0.205 0.146523 0.783616 0.149838
0.21 0.150076 0.780373 0.153356
0.215 0.153534 0.807045 0.156967
0.22 0.156885 0.836321 0.160678
0.225 0.160212 0.842761 0.164411
0.23 0.163428 0.872163 0.168239
0.235 0.166502 0.908596 0.172182
0.24 0.169527 0.921023 0.176164
0.245 0.172441 0.94882 0.180227
0.25 0.175202 0.985725 0.184396
0.255 0.177909 0.998621 0.188599
0.26 0.180523 1.02059 0.192861
0.265 0.183008 1.05078 0.1972
0.27 0.185462 1.0577 0.201556
0.275 0.187859 1.07089 0.205945
0.28 0.190177 1.0887 0.210375
0.285 0.192518 1.08362 0.214793
0.29 0.194844 1.08682 0.219219
0.295 0.197157 1.08994 0.223652
0.3 0.199563 1.06873 0.228035
0.305 0.201998 1.06219 0.232402
0.31 0.204475 1.05242 0.236745
0.315 0.207117 1.01427 0.24099
0.32 0.209823 0.998847 0.245195
0.325 0.212604 0.981027 0.24935
0.33 0.215595 0.929522 0.253357
0.335 0.218679 0.906067 0.257292
0.34 0.221842 0.885813 0.261164
0.345 0.225223 0.828447 0.264849
0.35 0.228712 0.79842 0.26843
0.355 0.232264 0.780606 0.271948
0.36 0.236003 0.725991 0.275268
0.365 0.239853 0.692226 0.278459
0.37 0.243738 0.680896 0.281607
0.375 0.247759 0.636402 0.284578
0.38 0.251878 0.602665 0.287412
0.385 0.256003 0.600655 0.290238
0.39 0.260208 0.571644 0.292943
0.395 0.264493 0.541297 0.29552
0.4 0.268758 0.549123 0.298129
0.405 0.27305 0.538698 0.300694
0.41 0.277406 0.512961 0.303148
0.415 0.281727 0.527256 0.305664
0.42 0.286026 0.536089 0.308218
0.425 0.290382 0.512906 0.310671
0.43 0.294708 0.525224 0.313178
0.435 0.298969 0.550644 0.315795
0.44 0.303294 0.525986 0.318305
0.445 0.307624 0.523656 0.320805
0.45 0.311875 0.554287 0.323437
0.455 0.316201 0.525146 0.325944
0.46 0.3206 0.495286 0.32832
0.465 0.325005 0.493091 0.330687
0.47 0.329514 0.446766 0.332847
0.475 0.334163 0.377104 0.334688
0.48 0.338864 0.347359 0.33639
0.485 0.343666 0.282649 0.337785
0.49 0.348583 0.182234 0.338691
0.495 0.353565 0.0845888 0.339113
0.5 0.358565 0 0.339113
