0 0.00353553 0.785398 0.00353553
0.005 0.00816214 0.388912 0.00543144
0.01 0.011251 0.904896 0.00936325
0.015 0.0141429 0.954053 0.0134421
0.02 0.0177606 0.761873 0.0168935
0.025 0.0212182 0.807209 0.0205053
0.03 0.024586 0.831772 0.0242009
0.035 0.0275929 0.925585 0.0281958
0.04 0.0311561 0.777542 0.0317034
0.045 0.0338906 0.992125 0.0358894
0.05 0.0385847 0.35165 0.0376116
0.055 0.0432848 0.348084 0.0393171
0.06 0.0471312 0.693072 0.0425116
0.065 0.0514329 0.534888 0.0450603
0.07 0.0563545 0.177218 0.0459418
0.075 0.0612379 0.216448 0.0470156
0.08 0.0662361 0.0266938 0.047149
0.085 0.0709564 0.336092 0.0487981
0.09 0.0756143 0.37205 0.0506157
0.095 0.0797515 0.596261 0.0534234
0.1 0.0847167 0.117948 0.0540118
0.105 0.0889908 0.545623 0.0566066
0.11 0.092614 0.760279 0.0600522
0.115 0.0974109 0.28596 0.0614626
0.12 0.102106 0.351055 0.063182
0.125 0.10575 0.75415 0.0666054
0.13 0.108785 0.918471 0.0705787
0.135 0.112205 0.817667 0.0742265
0.14 0.115615 0.820268 0.0778832
0.145 0.119872 0.552047 0.0805053
0.15 0.124833 0.125582 0.0811316
0.155 0.129787 0.136489 0.0818119
0.16 0.132732 0.940959 0.0858525
0.165 0.137729 0.0304786 0.0860049
0.17 0.142709 0.0905413 0.086457
0.175 0.146524 0.702832 0.0896889
0.18 0.14987 0.837688 0.0934044
0.185 0.15289 0.922313 0.0973894
0.19 0.156935 0.628417 0.100329
0.195 0.161018 0.61523 0.103214
0.2 0.164069 0.914438 0.107176
0.205 0.166854 0.980067 0.111328
0.21 0.169708 0.963314 0.115434
0.215 0.173813 0.60751 0.118288
0.22 0.178165 0.514955 0.12075
0.225 0.183115 0.140532 0.121451
0.23 0.186512 0.823959 0.12512
0.235 0.190796 0.541649 0.127698
0.24 0.195239 0.476624 0.129991
0.245 0.200143 0.196009 0.130965
0.25 0.205096 0.13791 0.131653
0.255 0.209238 0.594572 0.134453
0.26 0.212925 0.741632 0.137831
0.265 0.21604 0.898189 0.141742
0.27 0.219223 0.880532 0.145597
0.275 0.224202 0.0926877 0.14606
0.28 0.228175 0.652338 0.149095
0.285 0.231662 0.799003 0.152679
0.29 0.23473 0.910355 0.156627
0.295 0.239182 0.472606 0.158903
0.3 0.243877 0.35105 0.160623
0.305 0.248873 0.0359373 0.160802
0.31 0.252974 0.609095 0.163663
0.315 0.257763 0.292009 0.165102
0.32 0.262752 0.0664159 0.165434
0.325 0.266577 0.699636 0.168654
0.33 0.2693 0.994842 0.172847
0.335 0.272392 0.904104 0.176777
0.34 0.276456 0.621949 0.17969
0.345 0.280516 0.623259 0.182608
0.35 0.284857 0.519334 0.18509
0.355 0.289154 0.536388 0.187645
0.36 0.293272 0.603326 0.190482
0.365 0.2977 0.482648 0.192802
0.37 0.302649 0.143898 0.193519
0.375 0.307614 0.118281 0.194109
0.38 0.311674 0.623181 0.197027
0.385 0.314509 0.967857 0.201146
0.39 0.318459 0.65993 0.204211
0.395 0.323435 0.099805 0.204709
0.4 0.328368 0.163866 0.205525
0.405 0.331859 0.79784 0.209104
0.41 0.335701 0.694377 0.212304
0.415 0.338788 0.905498 0.216237
0.42 0.342625 0.696029 0.219443
0.425 0.346821 0.57491 0.222162
0.43 0.34953 0.998186 0.226365
0.435 0.35423 0.348368 0.228071
0.44 0.358884 0.373913 0.229898
0.445 0.361959 0.90854 0.233841
0.45 0.365366 0.820974 0.2375
0.455 0.369109 0.724963 0.240815
0.46 0.37204 0.944478 0.244866
0.465 0.376584 0.430069 0.246951
0.47 0.381584 0.0169729 0.247036
0.475 0.386583 0.0108935 0.24709
0.48 0.391541 0.129705 0.247737
0.485 0.396541 0.0118146 0.247796
0.49 0.39959 0.914998 0.251759
0.495 0.403243 0.751655 0.255173
0.5 0.408243 0 0.255173
