0 0.00353553 0.785398 0.00353553
0.005 0.00720156 0.747773 0.00693557
0.01 0.0109705 0.716993 0.0102212
0.015 0.0148087 0.695651 0.0134256
0.02 0.0186882 0.682649 0.0165799
0.025 0.0225886 0.676007 0.0197083
0.03 0.0264969 0.673464 0.0228268
0.035 0.0304072 0.672828 0.0259428
0.04 0.0343175 0.672823 0.0290587
0.045 0.0382239 0.674088 0.0321797
0.05 0.0421137 0.67938 0.0353212
0.055 0.0459622 0.692435 0.0385133
0.06 0.0497343 0.71604 0.0417953
0.065 0.0533909 0.750541 0.0452055
0.07 0.0568979 0.79342 0.0487693
0.075 0.0602362 0.839752 0.0524916
0.08 0.0634098 0.883148 0.0563553
0.085 0.0664504 0.917094 0.0603245
0.09 0.0694135 0.936489 0.0643519
0.095 0.0723672 0.938836 0.0683863
0.1 0.0753779 0.924598 0.0723782
0.105 0.0784981 0.896892 0.0762852
0.11 0.0817565 0.861009 0.0800777
0.115 0.0851533 0.823895 0.0837466
0.12 0.0886613 0.793166 0.0873095
0.125 0.0922318 0.775455 0.0908097
0.13 0.095805 0.774698 0.0943072
0.135 0.0993203 0.791092 0.0978628
0.14 0.102728 0.820964 0.101522
0.145 0.105999 0.857617 0.105303
0.15 0.109134 0.893051 0.109198
0.155 0.112163 0.919976 0.113176
0.16 0.115139 0.933296 0.117194
0.165 0.118126 0.930719 0.121204
0.17 0.121184 0.912703 0.12516
0.175 0.124362 0.882056 0.12902
0.18 0.127686 0.843346 0.132755
0.185 0.131162 0.802096 0.136349
0.19 0.134773 0.763858 0.139807
0.195 0.138488 0.73337 0.143154
0.2 0.142267 0.713992 0.146429
0.205 0.146067 0.707447 0.149678
0.21 0.149846 0.713811 0.152952
0.215 0.153566 0.731696 0.156292
0.22 0.157195 0.758627 0.159732
0.225 0.160709 0.791534 0.163289
0.23 0.164093 0.827273 0.16697
0.235 0.167344 0.863018 0.170769
0.24 0.170466 0.896487 0.174674
0.245 0.173471 0.926004 0.17867
0.25 0.176378 0.950463 0.182739
0.255 0.179207 0.969245 0.186861
0.26 0.181984 0.98209 0.191019
0.265 0.184731 0.988995 0.195197
0.27 0.187474 0.990144 0.199377
0.275 0.190235 0.985901 0.203546
0.28 0.193033 0.976794 0.20769
0.285 0.195886 0.963503 0.211796
0.29 0.198808 0.946835 0.215853
0.295 0.201806 0.927737 0.219855
0.3 0.204885 0.907346 0.223794
0.305 0.208044 0.887049 0.22767
0.31 0.211274 0.868473 0.231487
0.315 0.214561 0.853328 0.235254
0.32 0.217887 0.84313 0.238988
0.325 0.221228 0.838836 0.242707
0.33 0.224564 0.840491 0.246432
0.335 0.227875 0.847007 0.250179
0.34 0.231151 0.85623 0.253956
0.345 0.234393 0.865357 0.257762
0.35 0.237611 0.871594 0.261589
0.355 0.240825 0.872788 0.26542
0.36 0.244057 0.867817 0.269234
0.365 0.247332 0.856717 0.273013
0.37 0.250667 0.84061 0.276738
0.375 0.254073 0.821426 0.280398
0.38 0.257552 0.801329 0.28399
0.385 0.261099 0.7819 0.287513
0.39 0.264712 0.76348 0.29097
0.395 0.268387 0.745086 0.29436
0.4 0.272129 0.725001 0.297676
0.405 0.275948 0.701649 0.300903
0.41 0.279854 0.674306 0.304025
0.415 0.283854 0.643491 0.307025
0.42 0.287949 0.611196 0.309894
0.425 0.292128 0.580921 0.312638
0.43 0.296373 0.557048 0.315282
0.435 0.300653 0.543273 0.317867
0.44 0.304939 0.540756 0.32044
0.445 0.309209 0.54727 0.323042
0.45 0.313451 0.557845 0.325689
0.455 0.31767 0.566406 0.328372
0.46 0.321886 0.567585 0.33106
0.465 0.326129 0.557692 0.333706
0.47 0.330432 0.534316 0.336252
0.475 0.334831 0.495284 0.338629
0.48 0.339358 0.438338 0.340751
0.485 0.344035 0.361466 0.342519
0.49 0.348864 0.262587 0.343817
0.495 0.353815 0.140076 0.344515
0.5 0.358815 0 0.344515
