0 0.00353553 0.785398 0.00353553
0.005 0.00719163 0.750688 0.00694624
0.01 0.010943 0.722328 0.0102519
0.015 0.0147572 0.703084 0.0134848
0.02 0.0186064 0.692232 0.0166761
0.025 0.0224697 0.687754 0.0198501
0.03 0.0263349 0.687189 0.0230219
0.035 0.030197 0.688136 0.0261974
0.04 0.0340562 0.689067 0.0293765
0.045 0.0379119 0.690181 0.0325599
0.05 0.0417562 0.693721 0.0357569
0.055 0.0455701 0.703216 0.0389903
0.06 0.0493236 0.721679 0.0422935
0.065 0.0529825 0.749853 0.0457011
0.07 0.0565169 0.785731 0.0492379
0.075 0.0599088 0.825236 0.0529114
0.08 0.063159 0.863157 0.0567109
0.085 0.0662901 0.894102 0.0606091
0.09 0.0693441 0.913718 0.064568
0.095 0.0723741 0.919783 0.0685454
0.1 0.075433 0.91249 0.0725005
0.105 0.0785644 0.894022 0.0763985
0.11 0.0817958 0.868099 0.080214
0.115 0.0851338 0.839802 0.0839366
0.12 0.0885626 0.815149 0.0875757
0.125 0.0920468 0.799824 0.0911619
0.13 0.0955393 0.797493 0.0947399
0.135 0.0989916 0.808685 0.0983568
0.14 0.102364 0.830622 0.102049
0.145 0.105634 0.85795 0.105831
0.15 0.108803 0.884206 0.109698
0.155 0.111897 0.903514 0.113626
0.16 0.114959 0.911806 0.117579
0.165 0.118038 0.907319 0.121518
0.17 0.121183 0.890598 0.125405
0.175 0.124429 0.864224 0.129208
0.18 0.127795 0.832253 0.132905
0.185 0.131281 0.799372 0.13649
0.19 0.13487 0.770022 0.139971
0.195 0.138536 0.747775 0.143371
0.2 0.142246 0.735013 0.146724
0.205 0.145962 0.732798 0.150069
0.21 0.149652 0.740854 0.153443
0.215 0.153284 0.757711 0.156879
0.22 0.156834 0.781073 0.1604
0.225 0.160288 0.80832 0.164015
0.23 0.163637 0.836989 0.167728
0.235 0.166879 0.865099 0.171534
0.24 0.170022 0.891238 0.175424
0.245 0.173073 0.91447 0.179385
0.25 0.176045 0.934199 0.183405
0.255 0.178953 0.950038 0.187473
0.26 0.181814 0.961704 0.191573
0.265 0.184645 0.968979 0.195695
0.27 0.187464 0.971739 0.199824
0.275 0.19029 0.97002 0.203949
0.28 0.193141 0.964047 0.208056
0.285 0.196033 0.954223 0.212136
0.29 0.198977 0.941112 0.216177
0.295 0.201984 0.925447 0.220171
0.3 0.20506 0.908201 0.224113
0.305 0.208205 0.890664 0.228001
0.31 0.211412 0.874429 0.231836
0.315 0.214669 0.861225 0.23563
0.32 0.21796 0.852595 0.239395
0.325 0.221261 0.849506 0.243149
0.33 0.224554 0.851973 0.246912
0.335 0.22782 0.858838 0.250698
0.34 0.231053 0.867864 0.254512
0.345 0.234253 0.876176 0.258354
0.35 0.237435 0.880912 0.262211
0.355 0.240622 0.879829 0.266064
0.36 0.243839 0.871723 0.269891
0.365 0.247114 0.856612 0.273669
0.37 0.250468 0.835691 0.277378
0.375 0.253911 0.811055 0.281003
0.38 0.257448 0.785184 0.284538
0.385 0.261071 0.760282 0.287983
0.39 0.264771 0.737666 0.291346
0.395 0.268538 0.717465 0.294633
0.4 0.272367 0.69873 0.29785
0.405 0.276255 0.679891 0.300993
0.41 0.280207 0.659401 0.304056
0.415 0.284228 0.636502 0.307028
0.42 0.28832 0.611971 0.309901
0.425 0.292479 0.588442 0.312676
0.43 0.296689 0.569763 0.315373
0.435 0.300928 0.559231 0.318026
0.44 0.30517 0.557611 0.320672
0.445 0.3094 0.562327 0.323338
0.45 0.313615 0.568187 0.326028
0.455 0.317827 0.569083 0.328722
0.46 0.322063 0.560146 0.331379
0.465 0.326353 0.539112 0.333946
0.47 0.330728 0.505618 0.336368
0.475 0.33521 0.459311 0.338584
0.48 0.339817 0.399069 0.340527
0.485 0.344557 0.323714 0.342117
0.49 0.349423 0.231959 0.343267
0.495 0.354386 0.12254 0.343878
0.5 0.359386 0 0.343878
