0 0.00353553 0.785398 0.00353553
0.005 0.00721322 0.744336 0.00692295
0.01 0.0110047 0.710108 0.0101825
0.015 0.0148751 0.685536 0.013348
0.02 0.0187957 0.669523 0.016451
0.025 0.0227476 0.659342 0.019514
0.03 0.0267223 0.651901 0.0225475
0.035 0.0307177 0.645018 0.0255536
0.04 0.0347319 0.638785 0.0285347
0.045 0.0387542 0.636011 0.0315046
0.05 0.0427607 0.641345 0.034496
0.055 0.046712 0.65955 0.0375598
0.06 0.0505565 0.693683 0.0407567
0.065 0.0542365 0.743658 0.0441416
0.07 0.0577005 0.805415 0.0477472
0.075 0.0609207 0.871026 0.0515721
0.08 0.0639091 0.930196 0.0555808
0.085 0.0667237 0.972896 0.0597134
0.09 0.0694589 0.991974 0.063899
0.095 0.0722247 0.984633 0.0680643
0.1 0.0751224 0.952642 0.0721391
0.105 0.0782233 0.901823 0.0760614
0.11 0.0815556 0.841335 0.079789
0.115 0.0851008 0.782651 0.0833148
0.12 0.0888013 0.737589 0.0866774
0.125 0.0925752 0.715471 0.0899572
0.13 0.096332 0.720669 0.0932567
0.135 0.0999848 0.751668 0.0966709
0.14 0.103462 0.801697 0.100264
0.145 0.106723 0.86045 0.104054
0.15 0.109766 0.916474 0.108022
0.155 0.112635 0.959607 0.112116
0.16 0.115409 0.982799 0.116277
0.165 0.118181 0.98294 0.120437
0.17 0.121046 0.960768 0.124536
0.175 0.124074 0.920199 0.128514
0.18 0.127308 0.867373 0.132327
0.185 0.130757 0.809589 0.135947
0.19 0.134401 0.754249 0.139371
0.195 0.1382 0.707902 0.142622
0.2 0.142102 0.675506 0.145749
0.205 0.146052 0.660002 0.148814
0.21 0.149995 0.662204 0.151889
0.215 0.15388 0.68099 0.155036
0.22 0.157659 0.713702 0.15831
0.225 0.161295 0.756645 0.161742
0.23 0.164759 0.805596 0.165348
0.235 0.168035 0.856279 0.169125
0.24 0.171124 0.904763 0.173057
0.245 0.174042 0.947779 0.177117
0.25 0.176815 0.982917 0.181278
0.255 0.179479 1.0087 0.185509
0.26 0.182077 1.02452 0.189781
0.265 0.184649 1.03055 0.194069
0.27 0.187233 1.02757 0.198349
0.275 0.189864 1.01681 0.202601
0.28 0.192566 0.999811 0.206808
0.285 0.195358 0.978246 0.210956
0.29 0.198251 0.953795 0.215034
0.295 0.201248 0.928086 0.219036
0.3 0.204346 0.902658 0.222961
0.305 0.207536 0.878964 0.226811
0.31 0.210804 0.85833 0.230595
0.315 0.214134 0.841869 0.234325
0.32 0.217508 0.830331 0.238015
0.325 0.220904 0.823934 0.241684
0.33 0.224307 0.822245 0.245348
0.335 0.227703 0.82418 0.249018
0.34 0.231084 0.828154 0.252701
0.345 0.23445 0.832307 0.256399
0.35 0.237807 0.834813 0.260104
0.355 0.241165 0.8343 0.263809
0.36 0.244538 0.830401 0.2675
0.365 0.247934 0.824174 0.27117
0.37 0.251352 0.817936 0.274818
0.375 0.254785 0.814197 0.278454
0.38 0.258217 0.814116 0.28209
0.385 0.261641 0.816439 0.285733
0.39 0.265061 0.817626 0.289381
0.395 0.268498 0.812997 0.293013
0.4 0.271988 0.798258 0.296593
0.405 0.275575 0.770712 0.300077
0.41 0.279301 0.729783 0.30341
0.415 0.283198 0.677257 0.306543
0.42 0.287274 0.617647 0.309439
0.425 0.291515 0.558237 0.312087
0.43 0.295883 0.508015 0.31452
0.435 0.300329 0.475496 0.316809
0.44 0.304796 0.465972 0.319055
0.445 0.309233 0.479177 0.32136
0.45 0.313598 0.509135 0.323797
0.455 0.31787 0.546626 0.326396
0.46 0.322047 0.581884 0.329144
0.465 0.326158 0.605652 0.331991
0.47 0.330257 0.609662 0.334854
0.475 0.334418 0.587778 0.337626
0.48 0.338714 0.536915 0.340184
0.485 0.343203 0.455989 0.342386
0.49 0.347913 0.342134 0.344063
0.495 0.352825 0.18792 0.344997
0.5 0.357825 0 0.344997
