0 0.00353553 0.785398 0.00353553
0.005 0.00715748 0.760648 0.00698249
0.01 0.0108405 0.742772 0.0103642
0.015 0.0145611 0.731562 0.0137043
0.02 0.0183063 0.724195 0.017017
0.025 0.0220708 0.718349 0.0203077
0.03 0.0258513 0.713446 0.0235799
0.035 0.0296363 0.7121 0.026847
0.04 0.033411 0.715226 0.030126
0.045 0.0371701 0.719965 0.0334228
0.05 0.0409159 0.723999 0.0367347
0.055 0.0446505 0.727398 0.0400593
0.06 0.0483651 0.733362 0.0434062
0.065 0.0520369 0.746085 0.0468
0.07 0.0556405 0.765942 0.0502661
0.075 0.0591624 0.789242 0.0538152
0.08 0.0626034 0.811798 0.0574428
0.085 0.0659727 0.831391 0.0611372
0.09 0.0692838 0.847 0.0648837
0.095 0.0725591 0.856548 0.0686616
0.1 0.0758292 0.857914 0.072444
0.105 0.0791222 0.851819 0.0762064
0.11 0.0824546 0.841343 0.0799341
0.115 0.0858309 0.829468 0.083622
0.12 0.0892465 0.818776 0.0872735
0.125 0.092684 0.81275 0.0909044
0.13 0.0961168 0.814061 0.0945398
0.135 0.0995261 0.820475 0.0981972
0.14 0.10291 0.827551 0.101879
0.145 0.10627 0.833712 0.105581
0.15 0.10961 0.839454 0.109302
0.155 0.112934 0.843407 0.113037
0.16 0.116262 0.842671 0.116769
0.165 0.119607 0.837791 0.120485
0.17 0.122976 0.831464 0.124179
0.175 0.126372 0.824002 0.127849
0.18 0.1298 0.815366 0.131488
0.185 0.133255 0.808141 0.135103
0.19 0.136722 0.804627 0.138706
0.195 0.140189 0.804469 0.142309
0.2 0.143648 0.806758 0.145919
0.205 0.147089 0.811908 0.149547
0.21 0.150502 0.8194 0.153201
0.215 0.153886 0.827556 0.156882
0.22 0.157236 0.836359 0.160593
0.225 0.160548 0.846814 0.164339
0.23 0.163818 0.858102 0.168122
0.235 0.167043 0.869593 0.171942
0.24 0.170222 0.881831 0.175802
0.245 0.173351 0.894517 0.179701
0.25 0.176436 0.906112 0.183637
0.255 0.179481 0.915865 0.187602
0.26 0.182494 0.924032 0.191592
0.265 0.185485 0.929546 0.195599
0.27 0.188469 0.931395 0.199611
0.275 0.191455 0.93063 0.203621
0.28 0.194452 0.928081 0.207624
0.285 0.197468 0.923245 0.211612
0.29 0.20051 0.916829 0.21558
0.295 0.203579 0.910024 0.219528
0.3 0.206676 0.902671 0.223453
0.305 0.209806 0.894534 0.227352
0.31 0.212963 0.88735 0.231229
0.315 0.21614 0.88233 0.23509
0.32 0.219331 0.878468 0.238939
0.325 0.222535 0.875305 0.242778
0.33 0.225743 0.874196 0.246613
0.335 0.22895 0.874606 0.250449
0.34 0.232159 0.873915 0.254284
0.345 0.23538 0.870785 0.258108
0.35 0.238622 0.865426 0.261915
0.355 0.241895 0.856944 0.265694
0.36 0.245218 0.844058 0.269431
0.365 0.248604 0.826621 0.273109
0.37 0.252068 0.805476 0.276715
0.375 0.25562 0.780921 0.280234
0.38 0.259264 0.754007 0.283657
0.385 0.262998 0.727783 0.286983
0.39 0.266806 0.70495 0.290223
0.395 0.270677 0.685258 0.293388
0.4 0.2746 0.668692 0.296487
0.405 0.27856 0.656719 0.29954
0.41 0.282541 0.649978 0.302566
0.415 0.286534 0.64575 0.305575
0.42 0.290547 0.639087 0.308557
0.425 0.294592 0.628397 0.311496
0.43 0.298677 0.61462 0.31438
0.435 0.30281 0.597858 0.317194
0.44 0.306994 0.579316 0.319931
0.445 0.311224 0.562438 0.322597
0.45 0.31549 0.548715 0.325205
0.455 0.319793 0.53407 0.327751
0.46 0.324152 0.512011 0.3302
0.465 0.328589 0.479002 0.332505
0.47 0.333125 0.434463 0.334609
0.475 0.33777 0.379161 0.33646
0.48 0.342524 0.314637 0.338007
0.485 0.347377 0.24299 0.33921
0.49 0.352309 0.165651 0.340035
0.495 0.357291 0.0839719 0.340454
0.5 0.362291 0 0.340454
