0 0.00353553 0.785398 0.00353553
0.005 0.00719604 0.749396 0.00694152
0.01 0.0109549 0.720057 0.0102387
0.015 0.0147787 0.700112 0.0134602
0.02 0.0186391 0.688698 0.0166378
0.025 0.0225154 0.683662 0.019796
0.03 0.0263965 0.682148 0.0229483
0.035 0.0302801 0.681357 0.0260976
0.04 0.0341685 0.679823 0.0292408
0.045 0.0380612 0.678461 0.0323788
0.05 0.0419474 0.680541 0.0355249
0.055 0.0458024 0.690399 0.0387091
0.06 0.0495894 0.711461 0.0419738
0.065 0.0532662 0.744589 0.0453622
0.07 0.0567946 0.78741 0.0489048
0.075 0.0601521 0.83459 0.0526099
0.08 0.0633421 0.87889 0.0564601
0.085 0.0663987 0.913074 0.060417
0.09 0.0693799 0.931985 0.064431
0.095 0.0723544 0.933652 0.06845
0.1 0.0753868 0.919157 0.0724255
0.105 0.0785264 0.891926 0.0763169
0.11 0.0817989 0.857282 0.0800972
0.115 0.0852019 0.822223 0.0837605
0.12 0.0887054 0.794401 0.0873277
0.125 0.0922595 0.78014 0.0908446
0.13 0.0958048 0.782643 0.0943704
0.135 0.0992839 0.801227 0.0979615
0.14 0.102653 0.831534 0.101656
0.145 0.10589 0.8666 0.105467
0.15 0.109003 0.898676 0.109379
0.155 0.112027 0.921172 0.113361
0.16 0.115017 0.929977 0.117369
0.165 0.118031 0.923821 0.121359
0.17 0.121123 0.903941 0.125287
0.175 0.124334 0.873513 0.12912
0.18 0.127682 0.837007 0.132834
0.185 0.131168 0.799432 0.136418
0.19 0.134773 0.76555 0.139883
0.195 0.138468 0.739243 0.143252
0.2 0.142216 0.72312 0.14656
0.205 0.145981 0.718355 0.149851
0.21 0.149724 0.724727 0.153166
0.215 0.153414 0.740861 0.15654
0.22 0.157022 0.764618 0.160002
0.225 0.160529 0.793521 0.163566
0.23 0.163921 0.825129 0.167239
0.235 0.167193 0.857287 0.171019
0.24 0.170347 0.888228 0.174899
0.245 0.17339 0.916562 0.178867
0.25 0.176334 0.941227 0.182908
0.255 0.179196 0.961418 0.187008
0.26 0.181995 0.976524 0.191151
0.265 0.184755 0.986098 0.19532
0.27 0.187499 0.989897 0.1995
0.275 0.190251 0.987931 0.203675
0.28 0.193034 0.98048 0.207828
0.285 0.195869 0.968082 0.211947
0.29 0.198771 0.951512 0.216019
0.295 0.201753 0.931793 0.220032
0.3 0.204821 0.910236 0.223981
0.305 0.207974 0.888482 0.227861
0.31 0.211204 0.868434 0.231678
0.315 0.214496 0.852037 0.235441
0.32 0.21783 0.840944 0.239167
0.325 0.221181 0.836133 0.242878
0.33 0.224528 0.837571 0.246593
0.335 0.22785 0.844012 0.250329
0.34 0.231139 0.853067 0.254096
0.345 0.234395 0.861644 0.25789
0.35 0.237631 0.866674 0.261701
0.355 0.240871 0.865889 0.26551
0.36 0.24414 0.858373 0.269293
0.365 0.247459 0.844707 0.273032
0.37 0.250846 0.826683 0.276711
0.375 0.254305 0.806687 0.280321
0.38 0.257835 0.786969 0.283862
0.385 0.261428 0.768972 0.287339
0.39 0.265077 0.752876 0.290758
0.395 0.268778 0.737507 0.29412
0.4 0.272534 0.720763 0.29742
0.405 0.276357 0.700455 0.300642
0.41 0.28026 0.675164 0.303767
0.415 0.284256 0.644856 0.306773
0.42 0.28835 0.611341 0.309643
0.425 0.292537 0.578435 0.312376
0.43 0.296796 0.55136 0.314996
0.435 0.301097 0.53514 0.317545
0.44 0.305405 0.532357 0.320083
0.445 0.30969 0.541256 0.322659
0.45 0.313938 0.555581 0.325296
0.455 0.318156 0.566958 0.327982
0.46 0.32237 0.56841 0.330673
0.465 0.326616 0.55622 0.333313
0.47 0.330933 0.529049 0.335837
0.475 0.335354 0.486011 0.338172
0.48 0.339907 0.426065 0.340239
0.485 0.344606 0.34859 0.341947
0.49 0.349447 0.252592 0.343196
0.495 0.354402 0.135072 0.343869
0.5 0.359402 0 0.343869
