0 0.00353553 0.785398 0.00353553
0.005 0.00712825 0.769091 0.00701294
0.01 0.0107624 0.757116 0.0104471
0.015 0.0144249 0.748788 0.0138508
0.02 0.0181197 0.739269 0.0172196
0.025 0.0218509 0.728406 0.020548
0.03 0.0256151 0.718437 0.023839
0.035 0.0294042 0.710819 0.0271013
0.04 0.0331931 0.710905 0.0303639
0.045 0.0369532 0.719662 0.0336596
0.05 0.0406885 0.727164 0.0369833
0.055 0.044432 0.724709 0.0402979
0.06 0.0481704 0.726228 0.0436182
0.065 0.0518374 0.747483 0.0470172
0.07 0.0553929 0.77975 0.0505327
0.075 0.0588797 0.799082 0.0541162
0.08 0.0623512 0.803358 0.0577147
0.085 0.0657839 0.81407 0.0613501
0.09 0.0691467 0.833137 0.0650504
0.095 0.0724808 0.840854 0.0687764
0.1 0.0758363 0.835107 0.0724833
0.105 0.079211 0.829906 0.0761726
0.11 0.0825674 0.834874 0.0798787
0.115 0.0859297 0.83327 0.0835793
0.12 0.0893485 0.817902 0.0872279
0.125 0.0927906 0.811491 0.0908545
0.13 0.0961961 0.821509 0.0945153
0.135 0.0995895 0.824854 0.0981876
0.14 0.103017 0.815525 0.101828
0.145 0.106446 0.815116 0.105467
0.15 0.10985 0.821989 0.10913
0.155 0.113265 0.818866 0.112781
0.16 0.116716 0.808974 0.116399
0.165 0.120166 0.809257 0.120018
0.17 0.123604 0.81268 0.123649
0.175 0.127063 0.806708 0.127259
0.18 0.130553 0.798458 0.13084
0.185 0.134039 0.799144 0.134424
0.19 0.137518 0.801352 0.138016
0.195 0.141004 0.799283 0.1416
0.2 0.144482 0.801448 0.145192
0.205 0.147928 0.810453 0.148815
0.21 0.151353 0.816345 0.152458
0.215 0.154756 0.822069 0.156121
0.22 0.158111 0.835298 0.159828
0.225 0.161416 0.848654 0.16358
0.23 0.164687 0.857557 0.167361
0.235 0.16791 0.870476 0.171185
0.24 0.171075 0.885238 0.175055
0.245 0.174204 0.894598 0.178955
0.25 0.177298 0.903668 0.182883
0.255 0.180345 0.915448 0.186847
0.26 0.183368 0.921589 0.19083
0.265 0.186381 0.923887 0.194819
0.27 0.189375 0.928871 0.198824
0.275 0.19236 0.931009 0.202835
0.28 0.195361 0.927193 0.206835
0.285 0.198372 0.924501 0.210827
0.29 0.201392 0.922255 0.214811
0.295 0.20444 0.915129 0.218775
0.3 0.207519 0.907428 0.222714
0.305 0.210613 0.903584 0.226642
0.31 0.213728 0.898415 0.230554
0.315 0.216882 0.888122 0.234433
0.32 0.22006 0.881911 0.238293
0.325 0.223239 0.881811 0.242152
0.33 0.22644 0.875923 0.245993
0.335 0.229687 0.864108 0.249796
0.34 0.232948 0.860213 0.253586
0.345 0.236222 0.857113 0.257365
0.35 0.23955 0.842521 0.261097
0.355 0.242933 0.827517 0.264778
0.36 0.246344 0.820013 0.268434
0.365 0.249816 0.803167 0.272032
0.37 0.253387 0.775433 0.275532
0.375 0.257022 0.756701 0.278965
0.38 0.260701 0.744036 0.282351
0.385 0.264462 0.719556 0.285646
0.39 0.268312 0.691835 0.288836
0.395 0.272199 0.680141 0.29198
0.4 0.276109 0.672912 0.295097
0.405 0.280081 0.652979 0.298134
0.41 0.284106 0.63515 0.301101
0.415 0.288122 0.638163 0.30408
0.42 0.292132 0.640035 0.307066
0.425 0.296195 0.622334 0.30998
0.43 0.300297 0.608734 0.312839
0.435 0.304382 0.614305 0.315721
0.44 0.30849 0.606596 0.318572
0.445 0.312711 0.565772 0.321252
0.45 0.317051 0.519555 0.323735
0.455 0.321484 0.481044 0.326048
0.46 0.326002 0.442873 0.328191
0.465 0.330575 0.416196 0.330212
0.47 0.335193 0.393167 0.332128
0.475 0.339883 0.354257 0.333862
0.48 0.344659 0.300198 0.335341
0.485 0.349525 0.232501 0.336493
0.49 0.354463 0.157269 0.337276
0.495 0.359448 0.0778589 0.337665
0.5 0.364448 0 0.337665
