0 0.00353553 0.785398 0.00353553
0.005 0.00712838 0.769052 0.00701281
0.01 0.0107687 0.755315 0.0104404
0.015 0.0144439 0.745073 0.0138305
0.02 0.0181479 0.736524 0.0171891
0.025 0.021881 0.727817 0.0205153
0.03 0.0256424 0.719294 0.0238096
0.035 0.0294221 0.713711 0.0270828
0.04 0.033209 0.711505 0.0303477
0.045 0.0369972 0.711094 0.033611
0.05 0.0407803 0.712681 0.0368803
0.055 0.0445409 0.719518 0.0401754
0.06 0.0482582 0.73256 0.0435193
0.065 0.0519145 0.750634 0.0469298
0.07 0.0554932 0.773113 0.0504216
0.075 0.0589967 0.79443 0.053989
0.08 0.0624435 0.810171 0.057611
0.085 0.0658431 0.823147 0.0612774
0.09 0.0691944 0.836239 0.0649881
0.095 0.0725105 0.8457 0.0687302
0.1 0.0758232 0.846583 0.0724754
0.105 0.0791539 0.841771 0.0762045
0.11 0.0824966 0.838563 0.0799229
0.115 0.0858534 0.834754 0.0836285
0.12 0.0892436 0.825683 0.0873036
0.125 0.0926685 0.816228 0.0909464
0.13 0.0960962 0.815441 0.0945866
0.135 0.0995164 0.817536 0.0982339
0.14 0.102958 0.81169 0.101861
0.145 0.106424 0.804913 0.105465
0.15 0.10988 0.807512 0.109078
0.155 0.113321 0.811733 0.112705
0.16 0.116785 0.805613 0.116312
0.165 0.12027 0.799381 0.119896
0.17 0.123747 0.802032 0.12349
0.175 0.127216 0.803865 0.12709
0.18 0.130707 0.798023 0.13067
0.185 0.134201 0.797153 0.134247
0.19 0.137669 0.804201 0.137848
0.195 0.14113 0.806287 0.141457
0.2 0.144598 0.804414 0.145059
0.205 0.148035 0.812787 0.14869
0.21 0.151425 0.825793 0.152366
0.215 0.154792 0.832019 0.156062
0.22 0.15813 0.839799 0.159785
0.225 0.161405 0.856682 0.163563
0.23 0.164633 0.868946 0.167381
0.235 0.167841 0.874117 0.171216
0.24 0.171004 0.885826 0.175088
0.245 0.174108 0.901034 0.179008
0.25 0.177189 0.906874 0.182946
0.255 0.180251 0.911882 0.186899
0.26 0.183268 0.923059 0.190887
0.265 0.186268 0.927116 0.194886
0.27 0.189289 0.922225 0.198871
0.275 0.192307 0.922603 0.202857
0.28 0.195318 0.924596 0.206848
0.285 0.198362 0.916351 0.210815
0.29 0.201435 0.90889 0.21476
0.295 0.204505 0.909656 0.218706
0.3 0.207597 0.90414 0.222635
0.305 0.210746 0.889312 0.226519
0.31 0.213916 0.884187 0.230386
0.315 0.217077 0.886532 0.23426
0.32 0.220262 0.879968 0.238114
0.325 0.223484 0.870754 0.241938
0.33 0.226692 0.874093 0.245773
0.335 0.229895 0.875687 0.249612
0.34 0.233143 0.86373 0.253414
0.345 0.236427 0.854102 0.257184
0.35 0.239703 0.856249 0.260961
0.355 0.243003 0.850196 0.264718
0.36 0.246388 0.82714 0.268398
0.365 0.249851 0.805667 0.272004
0.37 0.253361 0.792368 0.275564
0.375 0.256948 0.770896 0.279048
0.38 0.260639 0.740249 0.282421
0.385 0.264403 0.718673 0.285712
0.39 0.268213 0.704199 0.28895
0.395 0.272102 0.679913 0.292093
0.4 0.27608 0.650683 0.295122
0.405 0.2801 0.636844 0.298095
0.41 0.284124 0.635354 0.301062
0.415 0.288169 0.628351 0.304002
0.42 0.292241 0.619205 0.306903
0.425 0.29632 0.616558 0.309795
0.43 0.300418 0.609991 0.312659
0.435 0.304571 0.590863 0.315444
0.44 0.308778 0.570739 0.318146
0.445 0.313036 0.552018 0.320768
0.45 0.317351 0.529371 0.323293
0.455 0.321738 0.500347 0.325691
0.46 0.326208 0.46487 0.327933
0.465 0.330758 0.42732 0.330005
0.47 0.33538 0.391249 0.331912
0.475 0.340075 0.351475 0.333633
0.48 0.344855 0.297262 0.335098
0.485 0.349724 0.229676 0.336236
0.49 0.354665 0.153671 0.337001
0.495 0.359651 0.0759563 0.337381
0.5 0.364651 0 0.337381
