0 0.00353553 0.785398 0.00353553
0.005 0.00718543 0.752505 0.00695288
0.01 0.0109252 0.725817 0.0102716
0.015 0.0147221 0.708456 0.0135249
0.02 0.0185465 0.699929 0.0167457
0.025 0.0223775 0.697895 0.0199588
0.03 0.0262036 0.699391 0.0231775
0.035 0.0300226 0.701621 0.0264048
0.04 0.0338372 0.70298 0.0296373
0.045 0.0376494 0.703723 0.0328726
0.05 0.0414547 0.705864 0.036116
0.055 0.0452382 0.712548 0.0393849
0.06 0.0489751 0.726678 0.0427068
0.065 0.0526358 0.749332 0.0461126
0.07 0.0561934 0.779146 0.0496259
0.075 0.0596307 0.812808 0.053257
0.08 0.0629458 0.84595 0.057
0.085 0.0661546 0.874016 0.0608346
0.09 0.0692889 0.893277 0.0647302
0.095 0.0723894 0.901909 0.0686528
0.1 0.0754968 0.900172 0.07257
0.105 0.0786455 0.889572 0.076454
0.11 0.0818609 0.87228 0.080283
0.115 0.0851555 0.851431 0.0840441
0.12 0.0885244 0.831467 0.0877387
0.125 0.0919447 0.817492 0.0913859
0.13 0.0953797 0.813452 0.0950192
0.135 0.0987893 0.820408 0.0986763
0.14 0.102141 0.836191 0.102387
0.145 0.105417 0.856387 0.106164
0.15 0.108619 0.875803 0.110004
0.155 0.111767 0.889709 0.113889
0.16 0.114896 0.894666 0.117789
0.165 0.118046 0.889079 0.121671
0.17 0.121257 0.873564 0.125504
0.175 0.124554 0.850807 0.129264
0.18 0.127947 0.824707 0.132935
0.185 0.131434 0.799241 0.136519
0.19 0.134996 0.777721 0.140028
0.195 0.138612 0.762581 0.143482
0.2 0.142252 0.755365 0.146909
0.205 0.145887 0.756627 0.150342
0.21 0.149492 0.765821 0.153807
0.215 0.153041 0.781405 0.157329
0.22 0.15652 0.801265 0.16092
0.225 0.159919 0.823247 0.164587
0.23 0.163236 0.845573 0.168329
0.235 0.166471 0.867057 0.172141
0.24 0.16963 0.887008 0.176017
0.245 0.172718 0.904999 0.179949
0.25 0.175745 0.92069 0.183929
0.255 0.178719 0.933763 0.187948
0.26 0.181652 0.943874 0.191997
0.265 0.184558 0.950673 0.196066
0.27 0.18745 0.953911 0.200145
0.275 0.190344 0.95355 0.204222
0.28 0.193254 0.949741 0.208289
0.285 0.196191 0.942762 0.212334
0.29 0.199169 0.932991 0.216351
0.295 0.202194 0.920941 0.220332
0.3 0.205273 0.907357 0.224272
0.305 0.208407 0.893343 0.228168
0.31 0.211592 0.880346 0.232022
0.315 0.214816 0.869931 0.235844
0.32 0.218065 0.863434 0.239644
0.325 0.221321 0.86163 0.243439
0.33 0.224566 0.864433 0.247242
0.335 0.227788 0.870694 0.251066
0.34 0.23098 0.878292 0.254914
0.345 0.234148 0.884555 0.258783
0.35 0.237308 0.886814 0.262658
0.355 0.240482 0.882945 0.266521
0.36 0.243699 0.871829 0.270349
0.365 0.246986 0.853544 0.274117
0.37 0.250363 0.829253 0.277804
0.375 0.253843 0.800947 0.281394
0.38 0.257429 0.771151 0.284879
0.385 0.261113 0.742479 0.288259
0.39 0.264882 0.71703 0.291545
0.395 0.268719 0.695869 0.29475
0.4 0.272611 0.678776 0.297889
0.405 0.276548 0.664259 0.300972
0.41 0.280528 0.650017 0.303998
0.415 0.284556 0.633972 0.30696
0.42 0.288639 0.615558 0.309847
0.425 0.292775 0.596506 0.312655
0.43 0.296957 0.580324 0.315397
0.435 0.301165 0.570365 0.318097
0.44 0.305381 0.567554 0.320784
0.445 0.309592 0.569395 0.32348
0.45 0.3138 0.570832 0.326182
0.455 0.31802 0.566042 0.328863
0.46 0.322281 0.550472 0.331479
0.465 0.326614 0.522391 0.333973
0.47 0.331044 0.482389 0.336293
0.475 0.335586 0.431145 0.338382
0.48 0.340251 0.368392 0.340183
0.485 0.345036 0.293943 0.341632
0.49 0.349929 0.207554 0.342662
0.495 0.3549 0.108434 0.343203
0.5 0.3599 0 0.343203
