0 0.00353553 0.785398 0.00353553
0.005 0.00709996 0.777193 0.00704194
0.01 0.0106936 0.768812 0.0105183
0.015 0.0143549 0.749187 0.0139236
0.02 0.0181232 0.717165 0.0172098
0.025 0.0218767 0.721667 0.020513
0.03 0.0255881 0.734342 0.0238635
0.035 0.029396 0.705052 0.0271039
0.04 0.0332621 0.686878 0.0302745
0.045 0.0370279 0.717944 0.0335637
0.05 0.0407717 0.724626 0.036878
0.055 0.0445437 0.716044 0.04016
0.06 0.0482009 0.750368 0.0435695
0.065 0.051781 0.772729 0.04706
0.07 0.0553423 0.778072 0.0505695
0.075 0.058797 0.808 0.0541841
0.08 0.0621561 0.83413 0.0578876
0.085 0.0654879 0.8415 0.0616158
0.09 0.0687357 0.863777 0.0654173
0.095 0.0718924 0.887517 0.0692949
0.1 0.0750572 0.885425 0.0731658
0.105 0.0781844 0.895104 0.0770672
0.11 0.0812422 0.912755 0.0810231
0.115 0.0843562 0.898501 0.0849351
0.12 0.0874926 0.892736 0.088829
0.125 0.0905906 0.902551 0.0927536
0.13 0.0937742 0.880563 0.0966091
0.135 0.0970311 0.861408 0.100403
0.14 0.100276 0.864415 0.104206
0.145 0.103608 0.841582 0.107935
0.15 0.107037 0.815176 0.111574
0.155 0.110466 0.815113 0.115213
0.16 0.113957 0.797656 0.118792
0.165 0.117542 0.77141 0.122278
0.17 0.12112 0.773229 0.12577
0.175 0.124725 0.765617 0.129235
0.18 0.128398 0.745709 0.132627
0.185 0.132045 0.753535 0.136048
0.19 0.135674 0.75835 0.139487
0.195 0.139338 0.748498 0.14289
0.2 0.142948 0.764116 0.146349
0.205 0.146496 0.781896 0.149872
0.21 0.150039 0.78316 0.1534
0.215 0.153503 0.805517 0.157006
0.22 0.156861 0.834383 0.16071
0.225 0.160178 0.845357 0.164451
0.23 0.163399 0.871037 0.168276
0.235 0.166481 0.9065 0.172213
0.24 0.169496 0.923581 0.176202
0.245 0.172413 0.947941 0.180263
0.25 0.175184 0.983423 0.184425
0.255 0.17788 1.00131 0.188636
0.26 0.180497 1.01986 0.192896
0.265 0.182993 1.04813 0.197228
0.27 0.185434 1.06075 0.201592
0.275 0.187834 1.07025 0.205979
0.28 0.190166 1.08542 0.210401
0.285 0.192491 1.08729 0.214828
0.29 0.19482 1.08633 0.219253
0.295 0.197151 1.0856 0.223675
0.3 0.199538 1.0733 0.228069
0.305 0.201973 1.06208 0.232436
0.31 0.204476 1.0465 0.236765
0.315 0.207094 1.01974 0.241024
0.32 0.209797 0.999569 0.245231
0.325 0.212609 0.973436 0.249365
0.33 0.215578 0.935216 0.253388
0.335 0.218654 0.908026 0.25733
0.34 0.22185 0.877372 0.261175
0.345 0.225212 0.833297 0.264876
0.35 0.22869 0.801502 0.268468
0.355 0.232271 0.772436 0.271957
0.36 0.235999 0.729445 0.27529
0.365 0.239836 0.69602 0.278495
0.37 0.243744 0.673541 0.281614
0.375 0.247759 0.638475 0.284594
0.38 0.251866 0.606919 0.287446
0.385 0.256009 0.594172 0.290245
0.39 0.260212 0.57251 0.292954
0.395 0.264485 0.546017 0.29555
0.4 0.268765 0.543433 0.298135
0.405 0.273057 0.538493 0.3007
0.41 0.2774 0.518351 0.303177
0.415 0.281734 0.522311 0.305671
0.42 0.286035 0.534919 0.30822
0.425 0.290376 0.519311 0.310702
0.43 0.294713 0.521074 0.313191
0.435 0.298979 0.548699 0.315799
0.44 0.303283 0.533918 0.318343
0.445 0.30762 0.520701 0.320831
0.45 0.311876 0.55237 0.323454
0.455 0.316175 0.535914 0.326007
0.46 0.320574 0.495644 0.328385
0.465 0.324965 0.498529 0.330776
0.47 0.329407 0.477012 0.333072
0.475 0.334003 0.404597 0.33504
0.48 0.338732 0.330703 0.336663
0.485 0.343528 0.286761 0.338078
0.49 0.348452 0.174419 0.338945
0.495 0.353436 0.0803805 0.339347
0.5 0.358436 0 0.339347
