0 0.00353553 0.785398 0.00353553
0.005 0.00707195 0.785149 0.00707019
0.01 0.01061 0.784691 0.0106032
0.015 0.0141505 0.783998 0.0141338
0.02 0.0176939 0.78315 0.0176614
0.025 0.0212408 0.782185 0.0211855
0.03 0.0247918 0.781009 0.0247055
0.035 0.0283477 0.779619 0.0282206
0.04 0.031909 0.778102 0.0317302
0.045 0.0354761 0.776416 0.0352338
0.05 0.03905 0.7745 0.0387306
0.055 0.0426311 0.772427 0.04222
0.06 0.0462199 0.770195 0.0457014
0.065 0.0498173 0.767743 0.0491739
0.07 0.0534238 0.765124 0.0526371
0.075 0.0570399 0.762351 0.0560902
0.08 0.0606663 0.759355 0.0595325
0.085 0.0643037 0.756164 0.0629631
0.09 0.0679525 0.75283 0.0663817
0.095 0.0716133 0.74929 0.0697873
0.1 0.0752869 0.745562 0.0731792
0.105 0.0789735 0.741688 0.0765569
0.11 0.0826738 0.737624 0.0799195
0.115 0.0863885 0.733369 0.0832664
0.12 0.0901177 0.728974 0.0865969
0.125 0.0938623 0.724394 0.0899103
0.13 0.0976225 0.71962 0.0932058
0.135 0.101399 0.714713 0.0964828
0.14 0.105192 0.709637 0.0997406
0.145 0.109002 0.704367 0.102978
0.15 0.11283 0.698963 0.106196
0.155 0.116675 0.693389 0.109391
0.16 0.120539 0.68761 0.112565
0.165 0.124421 0.681692 0.115715
0.17 0.128323 0.675614 0.118842
0.175 0.132244 0.669334 0.121944
0.18 0.136185 0.662918 0.125022
0.185 0.140146 0.656362 0.128073
0.19 0.144128 0.649612 0.131097
0.195 0.14813 0.642726 0.134094
0.2 0.152153 0.635711 0.137063
0.205 0.156198 0.628508 0.140002
0.21 0.160264 0.621153 0.142912
0.215 0.164352 0.613669 0.145792
0.22 0.168461 0.606008 0.14864
0.225 0.172593 0.598208 0.151455
0.23 0.176747 0.590288 0.154238
0.235 0.180923 0.582195 0.156988
0.24 0.185122 0.573963 0.159703
0.245 0.189343 0.565625 0.162382
0.25 0.193587 0.557122 0.165026
0.255 0.197854 0.548473 0.167633
0.26 0.202143 0.539727 0.170202
0.265 0.206455 0.530827 0.172734
0.27 0.21079 0.521776 0.175226
0.275 0.215147 0.512622 0.177678
0.28 0.219527 0.503324 0.18009
0.285 0.223929 0.493885 0.18246
0.29 0.228354 0.484355 0.184788
0.295 0.232801 0.474679 0.187074
0.3 0.237271 0.464867 0.189315
0.305 0.241762 0.454976 0.191512
0.31 0.246275 0.444963 0.193664
0.315 0.25081 0.434813 0.195771
0.32 0.255366 0.424591 0.19783
0.325 0.259943 0.41426 0.199843
0.33 0.264541 0.403792 0.201807
0.335 0.269159 0.393225 0.203723
0.34 0.273798 0.382544 0.20559
0.345 0.278457 0.371731 0.207406
0.35 0.283135 0.360852 0.209171
0.355 0.287832 0.349893 0.210885
0.36 0.292547 0.338808 0.212547
0.365 0.297281 0.327661 0.214156
0.37 0.302033 0.316449 0.215712
0.375 0.306802 0.305118 0.217214
0.38 0.311588 0.293729 0.218662
0.385 0.31639 0.282287 0.220054
0.39 0.321208 0.270696 0.221391
0.395 0.326041 0.259035 0.222672
0.4 0.330889 0.247346 0.223896
0.405 0.335751 0.235558 0.225063
0.41 0.340626 0.223685 0.226172
0.415 0.345515 0.211783 0.227223
0.42 0.350415 0.199764 0.228216
0.425 0.355327 0.187657 0.229148
0.43 0.360251 0.175545 0.230022
0.435 0.365184 0.163321 0.230835
0.44 0.370127 0.151006 0.231587
0.445 0.375079 0.138708 0.232278
0.45 0.380039 0.126344 0.232908
0.455 0.385007 0.113839 0.233476
0.46 0.389981 0.101326 0.233982
0.465 0.394962 0.0887897 0.234425
0.47 0.399947 0.076132 0.234806
0.475 0.404937 0.0634569 0.235123
0.48 0.409931 0.0508697 0.235377
0.485 0.414927 0.0382197 0.235568
0.49 0.419925 0.0254575 0.235695
0.495 0.424925 0.0127075 0.235759
0.5 0.429925 0 0.235759
