0 0.00353553 0.785398 0.00353553
0.005 0.00721997 0.742343 0.00691561
0.01 0.0110262 0.705564 0.0101579
0.015 0.0149206 0.677931 0.0132938
0.02 0.0188753 0.658443 0.0163533
0.025 0.0228734 0.644115 0.0193557
0.03 0.026908 0.631879 0.022309
0.035 0.0309767 0.620255 0.0252153
0.04 0.0350733 0.610579 0.028082
0.045 0.0391802 0.606959 0.0309338
0.05 0.0432644 0.61488 0.0338181
0.055 0.047277 0.639282 0.0368012
0.06 0.0511559 0.682851 0.0399563
0.065 0.0548324 0.744691 0.043345
0.07 0.0582457 0.819411 0.0469987
0.075 0.0613642 0.897308 0.050907
0.08 0.0642066 0.966149 0.0550205
0.085 0.0668484 1.01412 0.0592656
0.09 0.0694106 1.03279 0.0635592
0.095 0.0720323 1.01886 0.0678168
0.1 0.0748395 0.974659 0.0719543
0.105 0.0779177 0.907591 0.0758944
0.11 0.0812949 0.829256 0.0795816
0.115 0.0849396 0.754003 0.0830044
0.12 0.0887753 0.696448 0.0862119
0.125 0.0927003 0.668085 0.0893093
0.13 0.0966059 0.674338 0.0924312
0.135 0.100387 0.713401 0.0957032
0.14 0.103952 0.77703 0.0992091
0.145 0.107241 0.852668 0.102974
0.15 0.110246 0.926245 0.106971
0.155 0.11301 0.985 0.111137
0.16 0.115628 1.01967 0.115397
0.165 0.118221 1.02566 0.119672
0.17 0.120909 1.00315 0.123888
0.175 0.123791 0.95643 0.127974
0.18 0.126928 0.892775 0.131868
0.185 0.130335 0.821135 0.135528
0.19 0.13399 0.750797 0.138939
0.195 0.137846 0.690198 0.142122
0.2 0.141838 0.645988 0.145132
0.205 0.145901 0.622436 0.148047
0.21 0.149967 0.621201 0.150957
0.215 0.153973 0.641445 0.153949
0.22 0.15786 0.680204 0.157094
0.225 0.161576 0.732925 0.160439
0.23 0.165081 0.79408 0.164005
0.235 0.168351 0.857811 0.167787
0.24 0.171386 0.918544 0.171761
0.245 0.174206 0.971538 0.17589
0.25 0.176852 1.01328 0.180132
0.255 0.179375 1.04171 0.184449
0.26 0.181836 1.05619 0.188801
0.265 0.184292 1.0574 0.193157
0.27 0.186793 1.04708 0.197486
0.275 0.189377 1.02769 0.201767
0.28 0.192069 1.00211 0.20598
0.285 0.194882 0.973215 0.210114
0.29 0.197817 0.943672 0.214162
0.295 0.200863 0.915657 0.218127
0.3 0.204007 0.890763 0.222015
0.305 0.207231 0.869967 0.225836
0.31 0.210517 0.85367 0.229605
0.315 0.213848 0.841759 0.233334
0.32 0.217209 0.833687 0.237036
0.325 0.220589 0.828553 0.240721
0.33 0.22398 0.825243 0.244394
0.335 0.227382 0.822642 0.248059
0.34 0.230794 0.819867 0.251714
0.345 0.234218 0.816371 0.255358
0.35 0.237658 0.811915 0.258986
0.355 0.241118 0.806642 0.262595
0.36 0.244597 0.801414 0.266187
0.365 0.248086 0.798206 0.269768
0.37 0.251571 0.799859 0.273354
0.375 0.255023 0.808714 0.276971
0.38 0.258417 0.824703 0.280643
0.385 0.261738 0.844298 0.28438
0.39 0.264996 0.861102 0.288173
0.395 0.268229 0.867656 0.291987
0.4 0.271501 0.857503 0.295768
0.405 0.274887 0.826707 0.299447
0.41 0.278461 0.774581 0.302944
0.415 0.282272 0.704061 0.30618
0.42 0.286335 0.622068 0.309094
0.425 0.290626 0.539225 0.311661
0.43 0.295087 0.468217 0.313918
0.435 0.299651 0.421038 0.315961
0.44 0.304245 0.405662 0.317934
0.445 0.308804 0.42313 0.319987
0.45 0.313268 0.467205 0.322239
0.455 0.31759 0.526991 0.324754
0.46 0.321746 0.589628 0.327534
0.465 0.325752 0.641454 0.330526
0.47 0.329672 0.669475 0.333629
0.475 0.33361 0.663977 0.33671
0.48 0.337679 0.620196 0.339616
0.485 0.341976 0.536569 0.342172
0.49 0.346564 0.408991 0.344161
0.495 0.351436 0.227137 0.345287
0.5 0.356436 0 0.345287
