0 0.00353553 0.785398 0.00353553
0.005 0.00722606 0.74054 0.00690897
0.01 0.0110383 0.703713 0.0101442
0.015 0.014935 0.677189 0.0132773
0.02 0.0188878 0.659074 0.0163392
0.025 0.022877 0.647089 0.0193535
0.03 0.0268905 0.638967 0.0223353
0.035 0.0309218 0.633007 0.0252932
0.04 0.0349641 0.62928 0.028236
0.045 0.0390031 0.630368 0.0311832
0.05 0.0430121 0.640506 0.0341712
0.055 0.0469509 0.663612 0.0372511
0.06 0.0507698 0.701667 0.0404785
0.065 0.0544149 0.7539 0.043901
0.07 0.0578397 0.816251 0.0475439
0.075 0.0610205 0.881288 0.0514017
0.08 0.0639721 0.939332 0.0554375
0.085 0.066754 0.980772 0.0595921
0.09 0.0694617 0.998532 0.0637955
0.095 0.0722066 0.989649 0.0679747
0.1 0.0750918 0.955702 0.0720583
0.105 0.0781902 0.902471 0.0759826
0.11 0.0815305 0.839199 0.0797031
0.115 0.0850941 0.777429 0.0832104
0.12 0.088823 0.72908 0.0865413
0.125 0.0926347 0.703866 0.0897771
0.13 0.0964366 0.706898 0.0930245
0.135 0.100138 0.737461 0.0963866
0.14 0.103659 0.789269 0.0999358
0.145 0.106952 0.852005 0.103699
0.15 0.110006 0.913702 0.107658
0.155 0.11286 0.96329 0.111763
0.16 0.115593 0.992583 0.11595
0.165 0.118305 0.997325 0.12015
0.17 0.121101 0.977357 0.124295
0.175 0.124066 0.936159 0.128322
0.18 0.127252 0.879988 0.132176
0.185 0.130674 0.81678 0.13582
0.19 0.134316 0.754917 0.139246
0.195 0.138134 0.702053 0.142475
0.2 0.142071 0.664166 0.145557
0.205 0.146066 0.644988 0.148563
0.21 0.150059 0.645818 0.151573
0.215 0.153992 0.665657 0.15466
0.22 0.157811 0.701589 0.157888
0.225 0.161472 0.749327 0.161293
0.23 0.164942 0.803847 0.164893
0.235 0.168204 0.860009 0.168683
0.24 0.17126 0.913098 0.17264
0.245 0.174131 0.959232 0.176733
0.25 0.176851 0.995646 0.180929
0.255 0.179464 1.0208 0.185192
0.26 0.18202 1.03433 0.189489
0.265 0.184564 1.03685 0.193793
0.27 0.18714 1.02975 0.198079
0.275 0.189778 1.01485 0.202326
0.28 0.192504 0.994269 0.206518
0.285 0.19533 0.970117 0.210643
0.29 0.198261 0.944362 0.214693
0.295 0.201295 0.918708 0.218667
0.3 0.204425 0.894564 0.222567
0.305 0.207637 0.873095 0.226399
0.31 0.210917 0.855251 0.230172
0.315 0.214248 0.841737 0.233901
0.32 0.217612 0.832916 0.237601
0.325 0.220991 0.828707 0.241286
0.33 0.224371 0.828532 0.244971
0.335 0.22774 0.831341 0.248665
0.34 0.231093 0.835705 0.252374
0.345 0.23443 0.840021 0.256097
0.35 0.237757 0.842846 0.25983
0.355 0.241082 0.843271 0.263564
0.36 0.244415 0.841233 0.267291
0.365 0.247761 0.837565 0.271006
0.37 0.251122 0.833749 0.274709
0.375 0.254491 0.831315 0.278403
0.38 0.257862 0.830978 0.282096
0.385 0.26123 0.831758 0.285791
0.39 0.264602 0.830623 0.289483
0.395 0.268002 0.823159 0.29315
0.4 0.271467 0.805084 0.296754
0.405 0.275043 0.773784 0.300248
0.41 0.278772 0.729186 0.303579
0.415 0.282679 0.673948 0.3067
0.42 0.286768 0.613257 0.309578
0.425 0.291019 0.554379 0.31221
0.43 0.295393 0.505633 0.314631
0.435 0.299841 0.474536 0.316916
0.44 0.304309 0.465489 0.31916
0.445 0.308748 0.478222 0.321461
0.45 0.313116 0.507912 0.323893
0.455 0.317388 0.546602 0.326492
0.46 0.321557 0.584839 0.329252
0.465 0.325647 0.613002 0.332129
0.47 0.329709 0.622396 0.335044
0.475 0.333819 0.606059 0.337892
0.48 0.338058 0.558952 0.340544
0.485 0.342499 0.477216 0.34284
0.49 0.347184 0.356581 0.344585
0.495 0.352091 0.193863 0.345549
0.5 0.357091 0 0.345549
