0 0.00353553 0.785398 0.00353553
0.005 0.00723654 0.737427 0.00689746
0.01 0.0110684 0.697629 0.0101095
0.015 0.0149938 0.667957 0.0132064
0.02 0.0189858 0.646164 0.016217
0.025 0.0230262 0.629902 0.0191624
0.03 0.0271041 0.617069 0.0220556
0.035 0.031212 0.606618 0.0249061
0.04 0.0353392 0.599825 0.0277285
0.045 0.0394642 0.6006 0.0305542
0.05 0.043551 0.613994 0.0334349
0.055 0.0475495 0.64399 0.0364369
0.06 0.051399 0.692116 0.0396277
0.065 0.0550341 0.756805 0.0430607
0.07 0.0583983 0.832767 0.0467597
0.075 0.061464 0.910767 0.0507096
0.08 0.0642536 0.978931 0.0548591
0.085 0.0668466 1.02558 0.0591342
0.09 0.0693678 1.04228 0.0634519
0.095 0.0719604 1.02569 0.0677273
0.1 0.0747532 0.978149 0.0718746
0.105 0.077833 0.907192 0.0758135
0.11 0.0812269 0.82469 0.0794852
0.115 0.0849014 0.745278 0.0828761
0.12 0.0887771 0.683866 0.0860351
0.125 0.0927501 0.652439 0.0890707
0.13 0.0967087 0.65717 0.0921251
0.135 0.100543 0.696978 0.0953346
0.14 0.104153 0.763932 0.0987934
0.145 0.107471 0.845214 0.102534
0.15 0.110476 0.926007 0.10653
0.155 0.113209 0.992483 0.110717
0.16 0.115766 1.03414 0.115014
0.165 0.118275 1.04512 0.119339
0.17 0.120872 1.02461 0.123612
0.175 0.123672 0.976468 0.127754
0.18 0.126747 0.90819 0.131696
0.185 0.130123 0.82956 0.135384
0.19 0.133778 0.75106 0.138796
0.195 0.137659 0.682413 0.14195
0.2 0.141694 0.631428 0.144901
0.205 0.145812 0.603272 0.147738
0.21 0.149938 0.600163 0.150562
0.215 0.154003 0.621418 0.153473
0.22 0.157942 0.663804 0.156553
0.225 0.161694 0.722124 0.159858
0.23 0.165213 0.789959 0.16341
0.235 0.168473 0.860464 0.167201
0.24 0.171474 0.927128 0.1712
0.245 0.174241 0.984439 0.175365
0.25 0.176822 1.02838 0.179647
0.255 0.179281 1.05669 0.184001
0.26 0.181686 1.06891 0.188384
0.265 0.184103 1.06618 0.192761
0.27 0.186587 1.05089 0.1971
0.275 0.189177 1.02626 0.201377
0.28 0.191896 0.99592 0.205574
0.285 0.19475 0.96343 0.209679
0.29 0.197731 0.931883 0.213693
0.295 0.200825 0.903617 0.217621
0.3 0.20401 0.880105 0.221475
0.305 0.207265 0.862001 0.225271
0.31 0.210568 0.849265 0.229025
0.315 0.2139 0.841282 0.232752
0.32 0.217249 0.836983 0.236465
0.325 0.220605 0.835002 0.240172
0.33 0.223965 0.833931 0.243875
0.335 0.227329 0.832588 0.247573
0.34 0.230703 0.830206 0.251263
0.345 0.23409 0.8265 0.254941
0.35 0.237495 0.821672 0.258603
0.355 0.240919 0.816481 0.262246
0.36 0.244358 0.812335 0.265876
0.365 0.247801 0.811215 0.269501
0.37 0.25123 0.815195 0.273141
0.375 0.254621 0.825534 0.276815
0.38 0.257952 0.841596 0.280544
0.385 0.261214 0.860081 0.284333
0.39 0.264419 0.875103 0.288171
0.395 0.267607 0.879388 0.292023
0.4 0.270845 0.866267 0.295833
0.405 0.274213 0.831623 0.299528
0.41 0.277785 0.775135 0.303027
0.415 0.281607 0.700683 0.306251
0.42 0.285688 0.616071 0.30914
0.425 0.289997 0.532123 0.311677
0.43 0.294474 0.461084 0.313901
0.435 0.299052 0.414206 0.315913
0.44 0.303659 0.398903 0.317856
0.445 0.308231 0.416582 0.319879
0.45 0.312707 0.462269 0.322109
0.455 0.317031 0.525889 0.324619
0.46 0.321174 0.594181 0.327418
0.465 0.325146 0.652743 0.330455
0.47 0.329008 0.688228 0.33363
0.475 0.332864 0.690114 0.336813
0.48 0.336841 0.651142 0.339844
0.485 0.341061 0.566023 0.342525
0.49 0.345608 0.428924 0.344605
0.495 0.35047 0.235367 0.345771
0.5 0.35547 0 0.345771
