0 0.00353553 0.785398 0.00353553
0.005 0.00718934 0.751361 0.0069487
0.01 0.010932 0.724941 0.0102642
0.015 0.0147281 0.708687 0.0135183
0.02 0.0185483 0.701253 0.0167442
0.025 0.022371 0.700475 0.0199671
0.03 0.026185 0.703157 0.0232003
0.035 0.0299903 0.705859 0.0264437
0.04 0.0337935 0.706495 0.0296896
0.045 0.0376009 0.705201 0.0329305
0.05 0.0414096 0.704808 0.0361699
0.055 0.0452025 0.709641 0.0394277
0.06 0.0489514 0.72307 0.0427362
0.065 0.052624 0.74585 0.0461292
0.07 0.0561921 0.776131 0.0496318
0.075 0.059639 0.810166 0.0532538
0.08 0.0629644 0.8432 0.0569877
0.085 0.0661876 0.870251 0.0608101
0.09 0.0693448 0.887372 0.0646872
0.095 0.0724791 0.893301 0.0685829
0.1 0.0756283 0.889433 0.0724665
0.105 0.0788219 0.877966 0.0763137
0.11 0.0820806 0.860919 0.0801059
0.115 0.0854139 0.841069 0.0838327
0.12 0.0888142 0.822958 0.0874985
0.125 0.0922548 0.811897 0.0911265
0.13 0.0956974 0.811369 0.0947526
0.135 0.0991032 0.821439 0.0984133
0.14 0.102444 0.839134 0.102134
0.145 0.105707 0.85974 0.105922
0.15 0.1089 0.878195 0.10977
0.155 0.112046 0.890189 0.113656
0.16 0.115182 0.892898 0.11755
0.165 0.118346 0.885465 0.121421
0.17 0.121573 0.869222 0.12524
0.175 0.124884 0.847298 0.128988
0.18 0.128282 0.823501 0.132656
0.185 0.131761 0.801334 0.136247
0.19 0.135303 0.783499 0.139776
0.195 0.138886 0.771755 0.143263
0.2 0.142486 0.766984 0.146733
0.205 0.146079 0.769174 0.15021
0.21 0.149642 0.777431 0.153718
0.215 0.15316 0.790348 0.157271
0.22 0.15662 0.806488 0.16088
0.225 0.160015 0.824573 0.164551
0.23 0.163339 0.84356 0.168286
0.235 0.166591 0.86273 0.172084
0.24 0.169771 0.88155 0.175943
0.245 0.172881 0.899457 0.179858
0.25 0.175926 0.915852 0.183823
0.255 0.178915 0.930175 0.187832
0.26 0.181856 0.941812 0.191875
0.265 0.184764 0.950074 0.195942
0.27 0.187655 0.954421 0.200022
0.275 0.190544 0.954629 0.204103
0.28 0.19345 0.950721 0.208172
0.285 0.196387 0.942984 0.212219
0.29 0.199368 0.932038 0.216233
0.295 0.202402 0.918703 0.220207
0.3 0.205495 0.903951 0.224136
0.305 0.208645 0.88907 0.228018
0.31 0.211848 0.87565 0.231858
0.315 0.21509 0.865208 0.235664
0.32 0.218356 0.858911 0.23945
0.325 0.221628 0.857475 0.243231
0.33 0.224887 0.86083 0.247023
0.335 0.22812 0.867643 0.250837
0.34 0.231324 0.875426 0.254676
0.345 0.234505 0.88126 0.258533
0.35 0.237681 0.882441 0.262395
0.355 0.240878 0.877001 0.266239
0.36 0.244124 0.864273 0.270042
0.365 0.247443 0.844913 0.273782
0.37 0.250853 0.820334 0.277439
0.375 0.254364 0.792376 0.280999
0.38 0.257976 0.763429 0.284456
0.385 0.261681 0.736209 0.287813
0.39 0.265464 0.712891 0.291083
0.395 0.269306 0.694284 0.294282
0.4 0.273195 0.679589 0.297425
0.405 0.277125 0.666621 0.300516
0.41 0.281098 0.652475 0.303552
0.415 0.285124 0.634807 0.306517
0.42 0.289212 0.613457 0.309396
0.425 0.293364 0.591038 0.312182
0.43 0.297569 0.571732 0.314887
0.435 0.301806 0.559531 0.317541
0.44 0.306051 0.556637 0.320183
0.445 0.310284 0.561555 0.322846
0.45 0.314499 0.56781 0.325534
0.455 0.318718 0.566335 0.328217
0.46 0.322979 0.55063 0.330833
0.465 0.327319 0.519615 0.333316
0.47 0.331763 0.476163 0.335608
0.475 0.336323 0.422828 0.33766
0.48 0.341003 0.359477 0.339418
0.485 0.345801 0.285266 0.340826
0.49 0.350701 0.200153 0.34182
0.495 0.355674 0.103927 0.342338
0.5 0.360674 0 0.342338
