0 0.00353553 0.785398 0.00353553
0.005 0.0072045 0.746909 0.0069324
0.01 0.0109791 0.715272 0.0102115
0.015 0.014825 0.693238 0.0134067
0.02 0.0187135 0.679788 0.0165498
0.025 0.0226248 0.672526 0.0196646
0.03 0.0265485 0.668495 0.0227637
0.035 0.0304827 0.665119 0.0258494
0.04 0.0344279 0.66156 0.0289212
0.045 0.0383793 0.659544 0.031985
0.05 0.0423202 0.662956 0.0350622
0.055 0.0462195 0.676354 0.038192
0.06 0.0500338 0.703066 0.0414248
0.065 0.0537139 0.743606 0.0448095
0.07 0.0572157 0.79491 0.0483785
0.075 0.0605138 0.850481 0.0521365
0.08 0.0636154 0.901648 0.0560582
0.085 0.0665648 0.939885 0.0600957
0.09 0.069436 0.95912 0.0641891
0.095 0.072316 0.956964 0.0682764
0.1 0.0752861 0.934744 0.0722986
0.105 0.0784061 0.89696 0.0762058
0.11 0.0817032 0.850731 0.0799646
0.115 0.0851683 0.805145 0.0835692
0.12 0.0887587 0.769738 0.087049
0.125 0.0924099 0.752125 0.0904649
0.13 0.096048 0.755973 0.0938949
0.135 0.0996019 0.780191 0.097412
0.14 0.103015 0.819315 0.101065
0.145 0.106259 0.864864 0.10487
0.15 0.109338 0.907415 0.10881
0.155 0.112292 0.938795 0.112844
0.16 0.115186 0.95362 0.116922
0.165 0.118095 0.949856 0.120988
0.17 0.121089 0.928577 0.124992
0.175 0.124224 0.893323 0.128888
0.18 0.127526 0.84931 0.132642
0.185 0.131 0.802566 0.136238
0.19 0.134628 0.75904 0.139679
0.195 0.138374 0.723818 0.14299
0.2 0.142197 0.700549 0.146214
0.205 0.146049 0.691165 0.149401
0.21 0.149887 0.695864 0.152606
0.215 0.153668 0.713349 0.155878
0.22 0.157356 0.741226 0.159254
0.225 0.160923 0.776469 0.162758
0.23 0.164349 0.815851 0.166399
0.235 0.167625 0.856288 0.170176
0.24 0.170753 0.895079 0.174077
0.245 0.173742 0.930039 0.178086
0.25 0.176611 0.959552 0.18218
0.255 0.179386 0.982548 0.18634
0.26 0.182094 0.998433 0.190543
0.265 0.184766 1.00701 0.194769
0.27 0.187431 1.00844 0.198999
0.275 0.19012 1.00319 0.203215
0.28 0.192855 0.99199 0.207401
0.285 0.195657 0.975777 0.211541
0.29 0.198543 0.955644 0.215625
0.295 0.201521 0.932835 0.219641
0.3 0.204594 0.90878 0.223585
0.305 0.20776 0.885108 0.227455
0.31 0.211009 0.863594 0.231256
0.315 0.214324 0.845982 0.234999
0.32 0.217684 0.833705 0.238701
0.325 0.221068 0.827563 0.242383
0.33 0.224451 0.82745 0.246064
0.335 0.227818 0.832228 0.249761
0.34 0.231156 0.83982 0.253484
0.345 0.234465 0.847559 0.257232
0.35 0.237754 0.852735 0.260997
0.355 0.241042 0.853256 0.264764
0.36 0.244348 0.848254 0.268515
0.365 0.247692 0.838395 0.272233
0.37 0.251082 0.825671 0.275908
0.375 0.25452 0.812587 0.279538
0.38 0.258 0.801022 0.283129
0.385 0.261515 0.791318 0.286685
0.39 0.265062 0.782057 0.290209
0.395 0.268649 0.770566 0.293691
0.4 0.272295 0.753904 0.297114
0.405 0.276021 0.729874 0.300448
0.41 0.279853 0.697645 0.30366
0.415 0.283808 0.658087 0.306718
0.42 0.287895 0.614113 0.309599
0.425 0.292102 0.570832 0.312301
0.43 0.296404 0.534817 0.314849
0.435 0.300762 0.512318 0.3173
0.44 0.305133 0.506868 0.319727
0.445 0.309479 0.517289 0.3222
0.45 0.313774 0.537594 0.32476
0.455 0.318012 0.559366 0.327414
0.46 0.322208 0.574756 0.330132
0.465 0.326397 0.577787 0.332863
0.47 0.330622 0.563993 0.335535
0.475 0.334936 0.530051 0.338063
0.48 0.339385 0.474011 0.340346
0.485 0.344 0.395062 0.34227
0.49 0.348789 0.291395 0.343706
0.495 0.353727 0.158034 0.344493
0.5 0.358727 0 0.344493
