0 0.00353553 0.785398 0.00353553
0.005 0.00713366 0.767535 0.00700735
0.01 0.010783 0.752669 0.0104253
0.015 0.0144704 0.741456 0.0138021
0.02 0.0181867 0.73287 0.0171471
0.025 0.0219248 0.726331 0.0204678
0.03 0.0256792 0.721399 0.02377
0.035 0.0294459 0.717665 0.0270581
0.04 0.0332211 0.715077 0.0303365
0.045 0.036999 0.714277 0.0336118
0.05 0.0407713 0.715944 0.0368935
0.055 0.0445299 0.720129 0.0401909
0.06 0.0482611 0.728403 0.0435193
0.065 0.0519403 0.743911 0.0469051
0.07 0.0555422 0.766437 0.050373
0.075 0.0590561 0.791493 0.05393
0.08 0.0624863 0.814756 0.0575678
0.085 0.0658465 0.833838 0.0612704
0.09 0.0691468 0.849917 0.0650265
0.095 0.0724024 0.86173 0.0688214
0.1 0.075647 0.864629 0.0726257
0.105 0.0789134 0.858899 0.0764113
0.11 0.0822144 0.849704 0.0801667
0.115 0.0855531 0.839624 0.0838887
0.12 0.0889317 0.828857 0.0875745
0.125 0.0923382 0.821271 0.0912345
0.13 0.095749 0.820065 0.0948905
0.135 0.0991515 0.822353 0.0985542
0.14 0.102547 0.824219 0.102224
0.145 0.105934 0.826739 0.105903
0.15 0.109301 0.83178 0.109599
0.155 0.112655 0.835698 0.113307
0.16 0.116013 0.834386 0.117012
0.165 0.119392 0.828659 0.120697
0.17 0.122795 0.822239 0.12436
0.175 0.126219 0.816556 0.128004
0.18 0.129666 0.81013 0.131626
0.185 0.133134 0.804307 0.135228
0.19 0.136607 0.802918 0.138825
0.195 0.140071 0.805509 0.142431
0.2 0.143516 0.810525 0.146054
0.205 0.146936 0.817564 0.149701
0.21 0.150324 0.826336 0.153379
0.215 0.153676 0.836157 0.157089
0.22 0.156987 0.846873 0.160835
0.225 0.160261 0.856889 0.164614
0.23 0.163499 0.866424 0.168424
0.235 0.166699 0.876335 0.172266
0.24 0.169864 0.885445 0.176137
0.245 0.172994 0.89418 0.180036
0.25 0.176088 0.903715 0.183964
0.255 0.179145 0.912894 0.18792
0.26 0.182179 0.91887 0.191895
0.265 0.185199 0.922337 0.19588
0.27 0.188212 0.924032 0.19987
0.275 0.191229 0.922881 0.203857
0.28 0.194262 0.918965 0.207832
0.285 0.197311 0.915143 0.211795
0.29 0.200375 0.911134 0.215746
0.295 0.203461 0.905521 0.21968
0.3 0.206574 0.898932 0.223593
0.305 0.209709 0.892915 0.227487
0.31 0.212865 0.887741 0.231366
0.315 0.216034 0.884438 0.235234
0.32 0.219208 0.883123 0.239097
0.325 0.222385 0.882117 0.242958
0.33 0.225569 0.880505 0.246813
0.335 0.228757 0.879512 0.250665
0.34 0.231946 0.879062 0.254516
0.345 0.235145 0.876643 0.258359
0.35 0.23837 0.869566 0.262179
0.355 0.241634 0.859712 0.265967
0.36 0.244944 0.84715 0.269714
0.365 0.248316 0.830683 0.273406
0.37 0.251773 0.807537 0.277019
0.375 0.255325 0.780644 0.280538
0.38 0.258969 0.754279 0.283962
0.385 0.262692 0.730797 0.287299
0.39 0.266491 0.707886 0.29055
0.395 0.270366 0.683998 0.29371
0.4 0.274311 0.661634 0.296782
0.405 0.278302 0.646309 0.299793
0.41 0.282314 0.639546 0.302777
0.415 0.286333 0.637231 0.305752
0.42 0.290363 0.633527 0.308712
0.425 0.294414 0.626098 0.311642
0.43 0.298496 0.615596 0.314529
0.435 0.302613 0.603516 0.317367
0.44 0.306771 0.589007 0.320144
0.445 0.31098 0.570175 0.322843
0.45 0.315243 0.54959 0.325455
0.455 0.319562 0.528144 0.327975
0.46 0.323942 0.503333 0.330386
0.465 0.328395 0.472002 0.33266
0.47 0.332941 0.429687 0.334743
0.475 0.337594 0.374481 0.336572
0.48 0.342357 0.309429 0.338094
0.485 0.347216 0.237621 0.339271
0.49 0.352151 0.161164 0.340073
0.495 0.357135 0.0816373 0.340481
0.5 0.362135 0 0.340481
