0 0.00353553 0.785398 0.00353553
0.005 0.00718003 0.754084 0.00695864
0.01 0.0109093 0.728991 0.0102892
0.015 0.0147009 0.710038 0.0135485
0.02 0.0185195 0.701749 0.0167763
0.025 0.0223223 0.706626 0.0200227
0.03 0.0261027 0.7135 0.0232951
0.035 0.0298817 0.713927 0.0265691
0.04 0.0336649 0.712614 0.0298382
0.045 0.0374518 0.711507 0.0331031
0.05 0.0412359 0.712379 0.0363713
0.055 0.0450059 0.716655 0.0396556
0.06 0.048746 0.725736 0.042974
0.065 0.0524303 0.74238 0.0463542
0.07 0.0560298 0.767139 0.0498246
0.075 0.0595258 0.796504 0.0533992
0.08 0.0629162 0.825668 0.0570742
0.085 0.0662125 0.850948 0.0608337
0.09 0.0694399 0.869157 0.0646527
0.095 0.072634 0.877835 0.0684995
0.1 0.0758309 0.877093 0.0723439
0.105 0.0790614 0.868344 0.0761602
0.11 0.0823492 0.853202 0.0799271
0.115 0.0857051 0.835014 0.0836337
0.12 0.0891207 0.81877 0.0872852
0.125 0.0925699 0.809528 0.090905
0.13 0.0960179 0.809861 0.094526
0.135 0.0994337 0.818708 0.0981773
0.14 0.102799 0.832583 0.101876
0.145 0.106108 0.847393 0.105623
0.15 0.109371 0.859747 0.109412
0.155 0.112606 0.867135 0.113224
0.16 0.115838 0.868015 0.117039
0.165 0.119092 0.862124 0.120836
0.17 0.122391 0.850341 0.124593
0.175 0.125749 0.834505 0.128298
0.18 0.129168 0.817703 0.131946
0.185 0.132639 0.803397 0.135544
0.19 0.136146 0.793702 0.139109
0.195 0.139668 0.789151 0.142658
0.2 0.143188 0.789687 0.146209
0.205 0.14669 0.794789 0.149777
0.21 0.150163 0.80311 0.153375
0.215 0.153598 0.813382 0.157008
0.22 0.15699 0.825209 0.160681
0.225 0.160333 0.838342 0.164399
0.23 0.163625 0.852228 0.168163
0.235 0.166862 0.866602 0.171973
0.24 0.170042 0.881381 0.175831
0.245 0.173166 0.895943 0.179735
0.25 0.176237 0.9094 0.183681
0.255 0.179262 0.921226 0.187663
0.26 0.182247 0.930865 0.191674
0.265 0.185207 0.937401 0.195704
0.27 0.188154 0.940396 0.199743
0.275 0.191103 0.94011 0.203781
0.28 0.194065 0.936695 0.207809
0.285 0.197053 0.930346 0.211818
0.29 0.200074 0.921852 0.215802
0.295 0.203135 0.911966 0.219755
0.3 0.206239 0.901089 0.223675
0.305 0.209386 0.89008 0.227561
0.31 0.21257 0.880414 0.231416
0.315 0.215782 0.873136 0.235247
0.32 0.219011 0.868667 0.239065
0.325 0.222245 0.867496 0.242878
0.33 0.225471 0.869628 0.246699
0.335 0.228681 0.873582 0.250532
0.34 0.231877 0.877328 0.254377
0.345 0.235065 0.879338 0.258229
0.35 0.238259 0.877885 0.262076
0.355 0.24148 0.870904 0.2659
0.36 0.244752 0.857507 0.269681
0.365 0.248095 0.838354 0.273399
0.37 0.251527 0.814371 0.277035
0.375 0.255058 0.786565 0.280575
0.38 0.258692 0.757257 0.28401
0.385 0.262419 0.729691 0.287343
0.39 0.266223 0.705992 0.290587
0.395 0.27009 0.686728 0.293757
0.4 0.274003 0.671953 0.29687
0.405 0.27795 0.660991 0.299939
0.41 0.281926 0.65135 0.30297
0.415 0.285938 0.639719 0.305955
0.42 0.289993 0.62485 0.30888
0.425 0.294096 0.60819 0.311737
0.43 0.298245 0.592017 0.314527
0.435 0.302432 0.578612 0.317261
0.44 0.30664 0.570458 0.319962
0.445 0.310854 0.568246 0.322652
0.45 0.315072 0.566751 0.325337
0.455 0.319317 0.556813 0.327979
0.46 0.323622 0.533389 0.330521
0.465 0.328015 0.497958 0.33291
0.47 0.33251 0.453641 0.335101
0.475 0.337115 0.399927 0.337048
0.48 0.341838 0.33446 0.338689
0.485 0.346672 0.258086 0.339965
0.49 0.351596 0.174878 0.340835
0.495 0.356577 0.088261 0.341276
0.5 0.361577 0 0.341276
