0 0.00353553 0.785398 0.00353553
0.005 0.00715938 0.760098 0.0069805
0.01 0.0108497 0.740598 0.0103541
0.015 0.0145802 0.728598 0.0136833
0.02 0.0183309 0.722524 0.0169897
0.025 0.0220903 0.719909 0.0202862
0.03 0.0258538 0.718627 0.023578
0.035 0.0296203 0.717726 0.0268664
0.04 0.0333856 0.718097 0.0301561
0.045 0.0371424 0.720673 0.0334556
0.05 0.0408847 0.725062 0.0367715
0.055 0.0446085 0.730644 0.0401082
0.06 0.0483079 0.737888 0.0434719
0.065 0.0519689 0.749253 0.0468773
0.07 0.0555694 0.766852 0.0503467
0.075 0.0590875 0.790304 0.0538995
0.08 0.0625105 0.816757 0.0575442
0.085 0.0658413 0.841753 0.0612732
0.09 0.069099 0.861169 0.0650663
0.095 0.0723123 0.872843 0.0688971
0.1 0.0755112 0.87657 0.0727398
0.105 0.0787269 0.872203 0.0765685
0.11 0.0819889 0.860067 0.080358
0.115 0.0853122 0.843759 0.0840937
0.12 0.0886917 0.828596 0.0877786
0.125 0.0921073 0.818782 0.0914302
0.13 0.0955312 0.816498 0.095074
0.135 0.0989376 0.821268 0.098734
0.14 0.10231 0.830598 0.102426
0.145 0.105641 0.841632 0.106154
0.15 0.108934 0.851903 0.109917
0.155 0.1122 0.858822 0.113702
0.16 0.115463 0.859791 0.117491
0.165 0.118747 0.854421 0.121262
0.17 0.122067 0.844506 0.125
0.175 0.125435 0.831761 0.128696
0.18 0.128854 0.81788 0.132344
0.185 0.132317 0.805631 0.13595
0.19 0.135809 0.797651 0.139529
0.195 0.139311 0.794886 0.143098
0.2 0.142805 0.796997 0.146674
0.205 0.146277 0.803342 0.150273
0.21 0.149715 0.812574 0.153903
0.215 0.153115 0.822967 0.157569
0.22 0.156476 0.83381 0.161271
0.225 0.159793 0.84523 0.165012
0.23 0.163067 0.857042 0.168791
0.235 0.166295 0.868806 0.172609
0.24 0.169479 0.880477 0.176464
0.245 0.172618 0.89214 0.180357
0.25 0.175713 0.903271 0.184283
0.255 0.17877 0.913142 0.18824
0.26 0.181794 0.921298 0.192222
0.265 0.184794 0.927234 0.196222
0.27 0.187781 0.930411 0.200232
0.275 0.190767 0.930886 0.204242
0.28 0.19376 0.929145 0.208248
0.285 0.196767 0.925465 0.212242
0.29 0.199796 0.920074 0.216221
0.295 0.20285 0.913581 0.220179
0.3 0.205933 0.906425 0.224116
0.305 0.209045 0.898885 0.228029
0.31 0.212185 0.891866 0.23192
0.315 0.215346 0.886462 0.235794
0.32 0.218521 0.882913 0.239657
0.325 0.221703 0.880921 0.243514
0.33 0.224887 0.880337 0.247369
0.335 0.22807 0.880725 0.251225
0.34 0.231253 0.880812 0.255081
0.345 0.234443 0.878961 0.258931
0.35 0.237651 0.873994 0.262766
0.355 0.240894 0.865219 0.266572
0.36 0.244186 0.851956 0.270335
0.365 0.247547 0.833808 0.274037
0.37 0.25099 0.811202 0.277663
0.375 0.254526 0.785241 0.281198
0.38 0.258159 0.757511 0.284633
0.385 0.261884 0.730192 0.287968
0.39 0.265691 0.705335 0.29121
0.395 0.269566 0.684056 0.29437
0.4 0.273494 0.667087 0.297463
0.405 0.277459 0.6552 0.30051
0.41 0.281445 0.648088 0.303528
0.415 0.285445 0.643406 0.306528
0.42 0.289462 0.637871 0.309505
0.425 0.293504 0.629381 0.312448
0.43 0.29758 0.617768 0.315344
0.435 0.301696 0.603527 0.318182
0.44 0.30586 0.586934 0.320951
0.445 0.310072 0.569119 0.323646
0.45 0.31433 0.55159 0.326266
0.455 0.318636 0.533075 0.328807
0.46 0.323002 0.509312 0.331245
0.465 0.327444 0.476869 0.33354
0.47 0.331978 0.434959 0.335646
0.475 0.336614 0.384055 0.33752
0.48 0.341354 0.324236 0.339113
0.485 0.346191 0.255465 0.340376
0.49 0.351112 0.178411 0.341264
0.495 0.35609 0.0926804 0.341726
0.5 0.36109 0 0.341726
