0 1
0.01 0.905337419
0.02 0.8207307548
0.03 0.745318223
0.04 0.6783200488
0.05 0.6190306629
0.06 0.5668116395
0.07 0.5210853074
0.08 0.4813289679
0.09 0.4470696636
0.1 0.417879445
0.11 0.3933710875
0.12 0.3731942157
0.13 0.3570317967
0.14 0.3445969676
0.15 0.3356301637
0.16 0.3298965214
0.17 0.3271835273
0.18 0.3272988913
0.19 0.3300686222
0.2 0.3353352861
0.21 0.3429564309
0.22 0.3528031609
0.23 0.3647588461
0.24 0.3787179556
0.25 0.3945850008
0.26 0.4122735802
0.27 0.4317055146
0.28 0.4528100644
0.29 0.4755232217
0.3 0.4997870699
0.31 0.5255492039
0.32 0.5527622053
0.33 0.5813831687
0.34 0.6113732711
0.35 0.6426973845
0.36 0.6753237235
0.37 0.7092235274
0.38 0.7443707727
0.39 0.7807419123
0.4 0.8183156397
0.41 0.8570726761
0.42 0.8969955775
0.43 0.9380685596
0.44 0.9802773405
0.45 1.023608997
0.46 1.068051836
0.47 1.113595278
0.48 1.160229747
0.49 1.207946583
0.5 1.256737947
0.51 1.306596747
0.52 1.357516565
0.53 1.409491594
0.54 1.462516581
0.55 1.516586772
0.56 1.571697864
0.57 1.627845966
0.58 1.685027555
0.59 1.743239445
0.6 1.802478752
0.61 1.862742868
0.62 1.924029431
0.63 1.986336305
0.64 2.049661557
0.65 2.114003439
0.66 2.179360368
0.67 2.245730912
0.68 2.313113775
0.69 2.381507786
0.7 2.450911882
0.71 2.521325105
0.72 2.592746586
0.73 2.665175539
0.74 2.738611253
0.75 2.813053084
0.76 2.888500451
0.77 2.964952827
0.78 3.042409735
0.79 3.120870744
0.8 3.200335463
0.81 3.280803539
0.82 3.362274654
0.83 3.444748517
0.84 3.528224867
0.85 3.612703468
0.86 3.698184106
0.87 3.784666586
0.88 3.872150733
0.89 3.960636389
0.9 4.05012341
0.91 4.140611666
0.92 4.232101039
0.93 4.324591424
0.94 4.418082724
0.95 4.512574852
0.96 4.608067729
0.97 4.704561284
0.98 4.802055452
0.99 4.900550175
1 5.0000454
1.01 5.10054108
1.02 5.20203717
1.03 5.304533633
1.04 5.408030432
1.05 5.512527536
1.06 5.618024916
1.07 5.724522545
1.08 5.8320204
1.09 5.940518458
1.1 6.050016702
1.11 6.160515112
1.12 6.272013674
1.13 6.384512373
1.14 6.498011195
1.15 6.61251013
1.16 6.728009166
1.17 6.844508294
1.18 6.962007505
1.19 7.08050679
1.2 7.200006144
1.21 7.32050556
1.22 7.44200503
1.23 7.564504552
1.24 7.688004119
1.25 7.812503727
1.26 7.938003372
1.27 8.064503051
1.28 8.192002761
1.29 8.320502498
1.3 8.45000226
1.31 8.580502045
1.32 8.712001851
1.33 8.844501674
1.34 8.978001515
1.35 9.112501371
1.36 9.24800124
1.37 9.384501122
1.38 9.522001016
1.39 9.660500919
1.4 9.800000832
1.41 9.940500752
1.42 10.08200068
1.43 10.22450062
1.44 10.36800056
1.45 10.5125005
1.46 10.65800046
1.47 10.80450041
1.48 10.95200037
1.49 11.10050034
1.5 11.25000031
1.51 11.40050028
1.52 11.55200025
1.53 11.70450023
1.54 11.85800021
1.55 12.01250019
1.56 12.16800017
1.57 12.32450015
1.58 12.48200014
1.59 12.64050012
1.6 12.80000011
1.61 12.9605001
1.62 13.12200009
1.63 13.28450008
1.64 13.44800008
1.65 13.61250007
1.66 13.77800006
1.67 13.94450006
1.68 14.11200005
1.69 14.28050005
1.7 14.45000004
1.71 14.62050004
1.72 14.79200003
1.73 14.96450003
1.74 15.13800003
1.75 15.31250003
1.76 15.48800002
1.77 15.66450002
1.78 15.84200002
1.79 16.02050002
1.8 16.20000002
1.81 16.38050001
1.82 16.56200001
1.83 16.74450001
1.84 16.92800001
1.85 17.11250001
1.86 17.29800001
1.87 17.48450001
1.88 17.67200001
1.89 17.86050001
1.9 18.05000001
1.91 18.24050001
1.92 18.432
1.93 18.6245
1.94 18.818
1.95 19.0125
1.96 19.208
1.97 19.4045
1.98 19.602
1.99 19.8005
2 20
2.01 20.2005
2.02 20.402
2.03 20.6045
2.04 20.808
2.05 21.0125
2.06 21.218
2.07 21.4245
2.08 21.632
2.09 21.8405
2.1 22.05
2.11 22.2605
2.12 22.472
2.13 22.6845
2.14 22.898
2.15 23.1125
2.16 23.328
2.17 23.5445
2.18 23.762
2.19 23.9805
2.2 24.2
2.21 24.4205
2.22 24.642
2.23 24.8645
2.24 25.088
2.25 25.3125
2.26 25.538
2.27 25.7645
2.28 25.992
2.29 26.2205
2.3 26.45
2.31 26.6805
2.32 26.912
2.33 27.1445
2.34 27.378
2.35 27.6125
2.36 27.848
2.37 28.0845
2.38 28.322
2.39 28.5605
2.4 28.8
2.41 29.0405
2.42 29.282
2.43 29.5245
2.44 29.768
2.45 30.0125
2.46 30.258
2.47 30.5045
2.48 30.752
2.49 31.0005
2.5 31.25
2.51 31.5005
2.52 31.752
2.53 32.0045
2.54 32.258
2.55 32.5125
2.56 32.768
2.57 33.0245
2.58 33.282
2.59 33.5405
2.6 33.8
2.61 34.0605
2.62 34.322
2.63 34.5845
2.64 34.848
2.65 35.1125
2.66 35.378
2.67 35.6445
2.68 35.912
2.69 36.1805
2.7 36.45
2.71 36.7205
2.72 36.992
2.73 37.2645
2.74 37.538
2.75 37.8125
2.76 38.088
2.77 38.3645
2.78 38.642
2.79 38.9205
2.8 39.2
2.81 39.4805
2.82 39.762
2.83 40.0445
2.84 40.328
2.85 40.6125
2.86 40.898
2.87 41.1845
2.88 41.472
2.89 41.7605
2.9 42.05
2.91 42.3405
2.92 42.632
2.93 42.9245
2.94 43.218
2.95 43.5125
2.96 43.808
2.97 44.1045
2.98 44.402
2.99 44.7005
3 45
3.01 45.3005
3.02 45.602
3.03 45.9045
3.04 46.208
3.05 46.5125
3.06 46.818
3.07 47.1245
3.08 47.432
3.09 47.7405
3.1 48.05
3.11 48.3605
3.12 48.672
3.13 48.9845
3.14 49.298
3.15 49.6125
3.16 49.928
3.17 50.2445
3.18 50.562
3.19 50.8805
3.2 51.2
3.21 51.5205
3.22 51.842
3.23 52.1645
3.24 52.488
3.25 52.8125
3.26 53.138
3.27 53.4645
3.28 53.792
3.29 54.1205
3.3 54.45
3.31 54.7805
3.32 55.112
3.33 55.4445
3.34 55.778
3.35 56.1125
3.36 56.448
3.37 56.7845
3.38 57.122
3.39 57.4605
3.4 57.8
3.41 58.1405
3.42 58.482
3.43 58.8245
3.44 59.168
3.45 59.5125
3.46 59.858
3.47 60.2045
3.48 60.552
3.49 60.9005
3.5 61.25
3.51 61.6005
3.52 61.952
3.53 62.3045
3.54 62.658
3.55 63.0125
3.56 63.368
3.57 63.7245
3.58 64.082
3.59 64.4405
3.6 64.8
3.61 65.1605
3.62 65.522
3.63 65.8845
3.64 66.248
3.65 66.6125
3.66 66.978
3.67 67.3445
3.68 67.712
3.69 68.0805
3.7 68.45
3.71 68.8205
3.72 69.192
3.73 69.5645
3.74 69.938
3.75 70.3125
3.76 70.688
3.77 71.0645
3.78 71.442
3.79 71.8205
3.8 72.2
3.81 72.5805
3.82 72.962
3.83 73.3445
3.84 73.728
3.85 74.1125
3.86 74.498
3.87 74.8845
3.88 75.272
3.89 75.6605
3.9 76.05
3.91 76.4405
3.92 76.832
3.93 77.2245
3.94 77.618
3.95 78.0125
3.96 78.408
3.97 78.8045
3.98 79.202
3.99 79.6005
4 80
4.01 80.4005
4.02 80.802
4.03 81.2045
4.04 81.608
4.05 82.0125
4.06 82.418
4.07 82.8245
4.08 83.232
4.09 83.6405
4.1 84.05
4.11 84.4605
4.12 84.872
4.13 85.2845
4.14 85.698
4.15 86.1125
4.16 86.528
4.17 86.9445
4.18 87.362
4.19 87.7805
4.2 88.2
4.21 88.6205
4.22 89.042
4.23 89.4645
4.24 89.888
4.25 90.3125
4.26 90.738
4.27 91.1645
4.28 91.592
4.29 92.0205
4.3 92.45
4.31 92.8805
4.32 93.312
4.33 93.7445
4.34 94.178
4.35 94.6125
4.36 95.048
4.37 95.4845
4.38 95.922
4.39 96.3605
4.4 96.8
4.41 97.2405
4.42 97.682
4.43 98.1245
4.44 98.568
4.45 99.0125
4.46 99.458
4.47 99.9045
4.48 100.352
4.49 100.8005
4.5 101.25
4.51 101.7005
4.52 102.152
4.53 102.6045
4.54 103.058
4.55 103.5125
4.56 103.968
4.57 104.4245
4.58 104.882
4.59 105.3405
4.6 105.8
4.61 106.2605
4.62 106.722
4.63 107.1845
4.64 107.648
4.65 108.1125
4.66 108.578
4.67 109.0445
4.68 109.512
4.69 109.9805
4.7 110.45
4.71 110.9205
4.72 111.392
4.73 111.8645
4.74 112.338
4.75 112.8125
4.76 113.288
4.77 113.7645
4.78 114.242
4.79 114.7205
4.8 115.2
4.81 115.6805
4.82 116.162
4.83 116.6445
4.84 117.128
4.85 117.6125
4.86 118.098
4.87 118.5845
4.88 119.072
4.89 119.5605
4.9 120.05
4.91 120.5405
4.92 121.032
4.93 121.5245
4.94 122.018
4.95 122.5125
4.96 123.008
4.97 123.5045
4.98 124.002
4.99 124.5005
5 125
5.01 125.5005
5.02 126.002
5.03 126.5045
5.04 127.008
5.05 127.5125
5.06 128.018
5.07 128.5245
5.08 129.032
5.09 129.5405
5.1 130.05
5.11 130.5605
5.12 131.072
5.13 131.5845
5.14 132.098
5.15 132.6125
5.16 133.128
5.17 133.6445
5.18 134.162
5.19 134.6805
5.2 135.2
5.21 135.7205
5.22 136.242
5.23 136.7645
5.24 137.288
5.25 137.8125
5.26 138.338
5.27 138.8645
5.28 139.392
5.29 139.9205
5.3 140.45
5.31 140.9805
5.32 141.512
5.33 142.0445
5.34 142.578
5.35 143.1125
5.36 143.648
5.37 144.1845
5.38 144.722
5.39 145.2605
5.4 145.8
5.41 146.3405
5.42 146.882
5.43 147.4245
5.44 147.968
5.45 148.5125
5.46 149.058
5.47 149.6045
5.48 150.152
5.49 150.7005
5.5 151.25
5.51 151.8005
5.52 152.352
5.53 152.9045
5.54 153.458
5.55 154.0125
5.56 154.568
5.57 155.1245
5.58 155.682
5.59 156.2405
5.6 156.8
5.61 157.3605
5.62 157.922
5.63 158.4845
5.64 159.048
5.65 159.6125
5.66 160.178
5.67 160.7445
5.68 161.312
5.69 161.8805
5.7 162.45
5.71 163.0205
5.72 163.592
5.73 164.1645
5.74 164.738
5.75 165.3125
5.76 165.888
5.77 166.4645
5.78 167.042
5.79 167.6205
5.8 168.2
5.81 168.7805
5.82 169.362
5.83 169.9445
5.84 170.528
5.85 171.1125
5.86 171.698
5.87 172.2845
5.88 172.872
5.89 173.4605
5.9 174.05
5.91 174.6405
5.92 175.232
5.93 175.8245
5.94 176.418
5.95 177.0125
5.96 177.608
5.97 178.2045
5.98 178.802
5.99 179.4005
6 180
6.01 180.6005
6.02 181.202
6.03 181.8045
6.04 182.408
6.05 183.0125
6.06 183.618
6.07 184.2245
6.08 184.832
6.09 185.4405
6.1 186.05
6.11 186.6605
6.12 187.272
6.13 187.8845
6.14 188.498
6.15 189.1125
6.16 189.728
6.17 190.3445
6.18 190.962
6.19 191.5805
6.2 192.2
6.21 192.8205
6.22 193.442
6.23 194.0645
6.24 194.688
6.25 195.3125
6.26 195.938
6.27 196.5645
6.28 197.192
6.29 197.8205
6.3 198.45
6.31 199.0805
6.32 199.712
6.33 200.3445
6.34 200.978
6.35 201.6125
6.36 202.248
6.37 202.8845
6.38 203.522
6.39 204.1605
6.4 204.8
6.41 205.4405
6.42 206.082
6.43 206.7245
6.44 207.368
6.45 208.0125
6.46 208.658
6.47 209.3045
6.48 209.952
6.49 210.6005
6.5 211.25
6.51 211.9005
6.52 212.552
6.53 213.2045
6.54 213.858
6.55 214.5125
6.56 215.168
6.57 215.8245
6.58 216.482
6.59 217.1405
6.6 217.8
6.61 218.4605
6.62 219.122
6.63 219.7845
6.64 220.448
6.65 221.1125
6.66 221.778
6.67 222.4445
6.68 223.112
6.69 223.7805
6.7 224.45
6.71 225.1205
6.72 225.792
6.73 226.4645
6.74 227.138
6.75 227.8125
6.76 228.488
6.77 229.1645
6.78 229.842
6.79 230.5205
6.8 231.2
6.81 231.8805
6.82 232.562
6.83 233.2445
6.84 233.928
6.85 234.6125
6.86 235.298
6.87 235.9845
6.88 236.672
6.89 237.3605
6.9 238.05
6.91 238.7405
6.92 239.432
6.93 240.1245
6.94 240.818
6.95 241.5125
6.96 242.208
6.97 242.9045
6.98 243.602
6.99 244.3005
7 245
7.01 245.7005
7.02 246.402
7.03 247.1045
7.04 247.808
7.05 248.5125
7.06 249.218
7.07 249.9245
7.08 250.632
7.09 251.3405
7.1 252.05
7.11 252.7605
7.12 253.472
7.13 254.1845
7.14 254.898
7.15 255.6125
7.16 256.328
7.17 257.0445
7.18 257.762
7.19 258.4805
7.2 259.2
7.21 259.9205
7.22 260.642
7.23 261.3645
7.24 262.088
7.25 262.8125
7.26 263.538
7.27 264.2645
7.28 264.992
7.29 265.7205
7.3 266.45
7.31 267.1805
7.32 267.912
7.33 268.6445
7.34 269.378
7.35 270.1125
7.36 270.848
7.37 271.5845
7.38 272.322
7.39 273.0605
7.4 273.8
7.41 274.5405
7.42 275.282
7.43 276.0245
7.44 276.768
7.45 277.5125
7.46 278.258
7.47 279.0045
7.48 279.752
7.49 280.5005
7.5 281.25
7.51 282.0005
7.52 282.752
7.53 283.5045
7.54 284.258
7.55 285.0125
7.56 285.768
7.57 286.5245
7.58 287.282
7.59 288.0405
7.6 288.8
7.61 289.5605
7.62 290.322
7.63 291.0845
7.64 291.848
7.65 292.6125
7.66 293.378
7.67 294.1445
7.68 294.912
7.69 295.6805
7.7 296.45
7.71 297.2205
7.72 297.992
7.73 298.7645
7.74 299.538
7.75 300.3125
7.76 301.088
7.77 301.8645
7.78 302.642
7.79 303.4205
7.8 304.2
7.81 304.9805
7.82 305.762
7.83 306.5445
7.84 307.328
7.85 308.1125
7.86 308.898
7.87 309.6845
7.88 310.472
7.89 311.2605
7.9 312.05
7.91 312.8405
7.92 313.632
7.93 314.4245
7.94 315.218
7.95 316.0125
7.96 316.808
7.97 317.6045
7.98 318.402
7.99 319.2005
8 320
