0 0
0.1 0.15
0.2 0.4
0.3 0.75
0.4 1.2
0.5 1.75
0.6 2.4
0.7 3.15
0.8 4
0.9 4.95
1 6
1.1 7.15
1.2 8.4
1.3 9.75
1.4 11.2
1.5 12.75
1.6 14.4
1.7 16.15
1.8 18
1.9 19.95
2 22
2.1 24.15
2.2 26.4
2.3 28.75
2.4 31.2
2.5 33.75
2.6 36.4
2.7 39.15
2.8 42
2.9 44.95
3 48
3.1 51.15
3.2 54.4
3.3 57.75
3.4 61.2
3.5 64.75
3.6 68.4
3.7 72.15
3.8 76
3.9 79.95
4 84
4.1 88.15
4.2 92.4
4.3 96.75
4.4 101.2
4.5 105.75
4.6 110.4
4.7 115.15
4.8 120
4.9 124.95
5 130
5.1 135.15
5.2 140.4
5.3 145.75
5.4 151.2
5.5 156.75
5.6 162.4
5.7 168.15
5.8 174
5.9 179.95
6 186
6.1 192.15
6.2 198.4
6.3 204.75
6.4 211.2
6.5 217.75
6.6 224.4
6.7 231.15
6.8 238
6.9 244.95
7 252
7.1 259.15
7.2 266.4
7.3 273.75
7.4 281.2
7.5 288.75
7.6 296.4
7.7 304.15
7.8 312
7.9 319.95
8 328
