0 0.9
0.01 0.81105
0.02 0.732145
0.03 0.6623805
0.04 0.60094245
0.05 0.547098205
0.06 0.5001883845
0.07 0.4596195461
0.08 0.4248575914
0.09 0.3954218323
0.1 0.3708796491
0.11 0.3508416842
0.12 0.3349575157
0.13 0.3229117642
0.14 0.3144205878
0.15 0.309228529
0.16 0.3071056761
0.17 0.3078451085
0.18 0.3112605976
0.19 0.3171845379
0.2 0.3254660841
0.21 0.3359694757
0.22 0.3485725281
0.23 0.3631652753
0.24 0.3796487478
0.25 0.397933873
0.26 0.4179404857
0.27 0.4395964371
0.28 0.4628367934
0.29 0.4876031141
0.3 0.5138428027
0.31 0.5415085224
0.32 0.5705576702
0.33 0.6009519031
0.34 0.6326567128
0.35 0.6656410415
0.36 0.6998769374
0.37 0.7353392436
0.38 0.7720053193
0.39 0.8098547874
0.4 0.8488693086
0.41 0.8890323778
0.42 0.93032914
0.43 0.972746226
0.44 1.016271603
0.45 1.060894443
0.46 1.106604999
0.47 1.153394499
0.48 1.201255049
0.49 1.250179544
0.5 1.30016159
0.51 1.351195431
0.52 1.403275888
0.53 1.456398299
0.54 1.510558469
0.55 1.565752622
0.56 1.62197736
0.57 1.679229624
0.58 1.737506662
0.59 1.796805995
0.6 1.857125396
0.61 1.918462856
0.62 1.980816571
0.63 2.044184914
0.64 2.108566422
0.65 2.17395978
0.66 2.240363802
0.67 2.307777422
0.68 2.37619968
0.69 2.445629712
0.7 2.51606674
0.71 2.587510066
0.72 2.65995906
0.73 2.733413154
0.74 2.807871838
0.75 2.883334655
0.76 2.959801189
0.77 3.03727107
0.78 3.115743963
0.79 3.195219567
0.8 3.27569761
0.81 3.357177849
0.82 3.439660064
0.83 3.523144058
0.84 3.607629652
0.85 3.693116687
0.86 3.779605018
0.87 3.867094516
0.88 3.955585065
0.89 4.045076558
0.9 4.135568902
0.91 4.227062012
0.92 4.319555811
0.93 4.41305023
0.94 4.507545207
0.95 4.603040686
0.96 4.699536618
0.97 4.797032956
0.98 4.89552966
0.99 4.995026694
1 5.095524025
1.01 5.197021622
1.02 5.29951946
1.03 5.403017514
1.04 5.507515763
1.05 5.613014186
1.06 5.719512768
1.07 5.827011491
1.08 5.935510342
1.09 6.045009308
1.1 6.155508377
1.11 6.267007539
1.12 6.379506785
1.13 6.493006107
1.14 6.607505496
1.15 6.723004946
1.16 6.839504452
1.17 6.957004007
1.18 7.075503606
1.19 7.195003245
1.2 7.315502921
1.21 7.437002629
1.22 7.559502366
1.23 7.683002129
1.24 7.807501916
1.25 7.933001725
1.26 8.059501552
1.27 8.187001397
1.28 8.315501257
1.29 8.445001132
1.3 8.575501018
1.31 8.707000917
1.32 8.839500825
1.33 8.973000742
1.34 9.107500668
1.35 9.243000601
1.36 9.379500541
1.37 9.517000487
1.38 9.655500438
1.39 9.795000395
1.4 9.935500355
1.41 10.07700032
1.42 10.21950029
1.43 10.36300026
1.44 10.50750023
1.45 10.65300021
1.46 10.79950019
1.47 10.94700017
1.48 11.09550015
1.49 11.24500014
1.5 11.39550012
1.51 11.54700011
1.52 11.6995001
1.53 11.85300009
1.54 12.00750008
1.55 12.16300007
1.56 12.31950007
1.57 12.47700006
1.58 12.63550005
1.59 12.79500005
1.6 12.95550004
1.61 13.11700004
1.62 13.27950003
1.63 13.44300003
1.64 13.60750003
1.65 13.77300003
1.66 13.93950002
1.67 14.10700002
1.68 14.27550002
1.69 14.44500002
1.7 14.61550002
1.71 14.78700001
1.72 14.95950001
1.73 15.13300001
1.74 15.30750001
1.75 15.48300001
1.76 15.65950001
1.77 15.83700001
1.78 16.01550001
1.79 16.19500001
1.8 16.37550001
1.81 16.557
1.82 16.7395
1.83 16.923
1.84 17.1075
1.85 17.293
1.86 17.4795
1.87 17.667
1.88 17.8555
1.89 18.045
1.9 18.2355
1.91 18.427
1.92 18.6195
1.93 18.813
1.94 19.0075
1.95 19.203
1.96 19.3995
1.97 19.597
1.98 19.7955
1.99 19.995
2 20.1955
2.01 20.397
2.02 20.5995
2.03 20.803
2.04 21.0075
2.05 21.213
2.06 21.4195
2.07 21.627
2.08 21.8355
2.09 22.045
2.1 22.2555
2.11 22.467
2.12 22.6795
2.13 22.893
2.14 23.1075
2.15 23.323
2.16 23.5395
2.17 23.757
2.18 23.9755
2.19 24.195
2.2 24.4155
2.21 24.637
2.22 24.8595
2.23 25.083
2.24 25.3075
2.25 25.533
2.26 25.7595
2.27 25.987
2.28 26.2155
2.29 26.445
2.3 26.6755
2.31 26.907
2.32 27.1395
2.33 27.373
2.34 27.6075
2.35 27.843
2.36 28.0795
2.37 28.317
2.38 28.5555
2.39 28.795
2.4 29.0355
2.41 29.277
2.42 29.5195
2.43 29.763
2.44 30.0075
2.45 30.253
2.46 30.4995
2.47 30.747
2.48 30.9955
2.49 31.245
2.5 31.4955
2.51 31.747
2.52 31.9995
2.53 32.253
2.54 32.5075
2.55 32.763
2.56 33.0195
2.57 33.277
2.58 33.5355
2.59 33.795
2.6 34.0555
2.61 34.317
2.62 34.5795
2.63 34.843
2.64 35.1075
2.65 35.373
2.66 35.6395
2.67 35.907
2.68 36.1755
2.69 36.445
2.7 36.7155
2.71 36.987
2.72 37.2595
2.73 37.533
2.74 37.8075
2.75 38.083
2.76 38.3595
2.77 38.637
2.78 38.9155
2.79 39.195
2.8 39.4755
2.81 39.757
2.82 40.0395
2.83 40.323
2.84 40.6075
2.85 40.893
2.86 41.1795
2.87 41.467
2.88 41.7555
2.89 42.045
2.9 42.3355
2.91 42.627
2.92 42.9195
2.93 43.213
2.94 43.5075
2.95 43.803
2.96 44.0995
2.97 44.397
2.98 44.6955
2.99 44.995
3 45.2955
3.01 45.597
3.02 45.8995
3.03 46.203
3.04 46.5075
3.05 46.813
3.06 47.1195
3.07 47.427
3.08 47.7355
3.09 48.045
3.1 48.3555
3.11 48.667
3.12 48.9795
3.13 49.293
3.14 49.6075
3.15 49.923
3.16 50.2395
3.17 50.557
3.18 50.8755
3.19 51.195
3.2 51.5155
3.21 51.837
3.22 52.1595
3.23 52.483
3.24 52.8075
3.25 53.133
3.26 53.4595
3.27 53.787
3.28 54.1155
3.29 54.445
3.3 54.7755
3.31 55.107
3.32 55.4395
3.33 55.773
3.34 56.1075
3.35 56.443
3.36 56.7795
3.37 57.117
3.38 57.4555
3.39 57.795
3.4 58.1355
3.41 58.477
3.42 58.8195
3.43 59.163
3.44 59.5075
3.45 59.853
3.46 60.1995
3.47 60.547
3.48 60.8955
3.49 61.245
3.5 61.5955
3.51 61.947
3.52 62.2995
3.53 62.653
3.54 63.0075
3.55 63.363
3.56 63.7195
3.57 64.077
3.58 64.4355
3.59 64.795
3.6 65.1555
3.61 65.517
3.62 65.8795
3.63 66.243
3.64 66.6075
3.65 66.973
3.66 67.3395
3.67 67.707
3.68 68.0755
3.69 68.445
3.7 68.8155
3.71 69.187
3.72 69.5595
3.73 69.933
3.74 70.3075
3.75 70.683
3.76 71.0595
3.77 71.437
3.78 71.8155
3.79 72.195
3.8 72.5755
3.81 72.957
3.82 73.3395
3.83 73.723
3.84 74.1075
3.85 74.493
3.86 74.8795
3.87 75.267
3.88 75.6555
3.89 76.045
3.9 76.4355
3.91 76.827
3.92 77.2195
3.93 77.613
3.94 78.0075
3.95 78.403
3.96 78.7995
3.97 79.197
3.98 79.5955
3.99 79.995
4 80.3955
4.01 80.797
4.02 81.1995
4.03 81.603
4.04 82.0075
4.05 82.413
4.06 82.8195
4.07 83.227
4.08 83.6355
4.09 84.045
4.1 84.4555
4.11 84.867
4.12 85.2795
4.13 85.693
4.14 86.1075
4.15 86.523
4.16 86.9395
4.17 87.357
4.18 87.7755
4.19 88.195
4.2 88.6155
4.21 89.037
4.22 89.4595
4.23 89.883
4.24 90.3075
4.25 90.733
4.26 91.1595
4.27 91.587
4.28 92.0155
4.29 92.445
4.3 92.8755
4.31 93.307
4.32 93.7395
4.33 94.173
4.34 94.6075
4.35 95.043
4.36 95.4795
4.37 95.917
4.38 96.3555
4.39 96.795
4.4 97.2355
4.41 97.677
4.42 98.1195
4.43 98.563
4.44 99.0075
4.45 99.453
4.46 99.8995
4.47 100.347
4.48 100.7955
4.49 101.245
4.5 101.6955
4.51 102.147
4.52 102.5995
4.53 103.053
4.54 103.5075
4.55 103.963
4.56 104.4195
4.57 104.877
4.58 105.3355
4.59 105.795
4.6 106.2555
4.61 106.717
4.62 107.1795
4.63 107.643
4.64 108.1075
4.65 108.573
4.66 109.0395
4.67 109.507
4.68 109.9755
4.69 110.445
4.7 110.9155
4.71 111.387
4.72 111.8595
4.73 112.333
4.74 112.8075
4.75 113.283
4.76 113.7595
4.77 114.237
4.78 114.7155
4.79 115.195
4.8 115.6755
4.81 116.157
4.82 116.6395
4.83 117.123
4.84 117.6075
4.85 118.093
4.86 118.5795
4.87 119.067
4.88 119.5555
4.89 120.045
4.9 120.5355
4.91 121.027
4.92 121.5195
4.93 122.013
4.94 122.5075
4.95 123.003
4.96 123.4995
4.97 123.997
4.98 124.4955
4.99 124.995
5 125.4955
5.01 125.997
5.02 126.4995
5.03 127.003
5.04 127.5075
5.05 128.013
5.06 128.5195
5.07 129.027
5.08 129.5355
5.09 130.045
5.1 130.5555
5.11 131.067
5.12 131.5795
5.13 132.093
5.14 132.6075
5.15 133.123
5.16 133.6395
5.17 134.157
5.18 134.6755
5.19 135.195
5.2 135.7155
5.21 136.237
5.22 136.7595
5.23 137.283
5.24 137.8075
5.25 138.333
5.26 138.8595
5.27 139.387
5.28 139.9155
5.29 140.445
5.3 140.9755
5.31 141.507
5.32 142.0395
5.33 142.573
5.34 143.1075
5.35 143.643
5.36 144.1795
5.37 144.717
5.38 145.2555
5.39 145.795
5.4 146.3355
5.41 146.877
5.42 147.4195
5.43 147.963
5.44 148.5075
5.45 149.053
5.46 149.5995
5.47 150.147
5.48 150.6955
5.49 151.245
5.5 151.7955
5.51 152.347
5.52 152.8995
5.53 153.453
5.54 154.0075
5.55 154.563
5.56 155.1195
5.57 155.677
5.58 156.2355
5.59 156.795
5.6 157.3555
5.61 157.917
5.62 158.4795
5.63 159.043
5.64 159.6075
5.65 160.173
5.66 160.7395
5.67 161.307
5.68 161.8755
5.69 162.445
5.7 163.0155
5.71 163.587
5.72 164.1595
5.73 164.733
5.74 165.3075
5.75 165.883
5.76 166.4595
5.77 167.037
5.78 167.6155
5.79 168.195
5.8 168.7755
5.81 169.357
5.82 169.9395
5.83 170.523
5.84 171.1075
5.85 171.693
5.86 172.2795
5.87 172.867
5.88 173.4555
5.89 174.045
5.9 174.6355
5.91 175.227
5.92 175.8195
5.93 176.413
5.94 177.0075
5.95 177.603
5.96 178.1995
5.97 178.797
5.98 179.3955
5.99 179.995
6 180.5955
6.01 181.197
6.02 181.7995
6.03 182.403
6.04 183.0075
6.05 183.613
6.06 184.2195
6.07 184.827
6.08 185.4355
6.09 186.045
6.1 186.6555
6.11 187.267
6.12 187.8795
6.13 188.493
6.14 189.1075
6.15 189.723
6.16 190.3395
6.17 190.957
6.18 191.5755
6.19 192.195
6.2 192.8155
6.21 193.437
6.22 194.0595
6.23 194.683
6.24 195.3075
6.25 195.933
6.26 196.5595
6.27 197.187
6.28 197.8155
6.29 198.445
6.3 199.0755
6.31 199.707
6.32 200.3395
6.33 200.973
6.34 201.6075
6.35 202.243
6.36 202.8795
6.37 203.517
6.38 204.1555
6.39 204.795
6.4 205.4355
6.41 206.077
6.42 206.7195
6.43 207.363
6.44 208.0075
6.45 208.653
6.46 209.2995
6.47 209.947
6.48 210.5955
6.49 211.245
6.5 211.8955
6.51 212.547
6.52 213.1995
6.53 213.853
6.54 214.5075
6.55 215.163
6.56 215.8195
6.57 216.477
6.58 217.1355
6.59 217.795
6.6 218.4555
6.61 219.117
6.62 219.7795
6.63 220.443
6.64 221.1075
6.65 221.773
6.66 222.4395
6.67 223.107
6.68 223.7755
6.69 224.445
6.7 225.1155
6.71 225.787
6.72 226.4595
6.73 227.133
6.74 227.8075
6.75 228.483
6.76 229.1595
6.77 229.837
6.78 230.5155
6.79 231.195
6.8 231.8755
6.81 232.557
6.82 233.2395
6.83 233.923
6.84 234.6075
6.85 235.293
6.86 235.9795
6.87 236.667
6.88 237.3555
6.89 238.045
6.9 238.7355
6.91 239.427
6.92 240.1195
6.93 240.813
6.94 241.5075
6.95 242.203
6.96 242.8995
6.97 243.597
6.98 244.2955
6.99 244.995
7 245.6955
7.01 246.397
7.02 247.0995
7.03 247.803
7.04 248.5075
7.05 249.213
7.06 249.9195
7.07 250.627
7.08 251.3355
7.09 252.045
7.1 252.7555
7.11 253.467
7.12 254.1795
7.13 254.893
7.14 255.6075
7.15 256.323
7.16 257.0395
7.17 257.757
7.18 258.4755
7.19 259.195
7.2 259.9155
7.21 260.637
7.22 261.3595
7.23 262.083
7.24 262.8075
7.25 263.533
7.26 264.2595
7.27 264.987
7.28 265.7155
7.29 266.445
7.3 267.1755
7.31 267.907
7.32 268.6395
7.33 269.373
7.34 270.1075
7.35 270.843
7.36 271.5795
7.37 272.317
7.38 273.0555
7.39 273.795
7.4 274.5355
7.41 275.277
7.42 276.0195
7.43 276.763
7.44 277.5075
7.45 278.253
7.46 278.9995
7.47 279.747
7.48 280.4955
7.49 281.245
7.5 281.9955
7.51 282.747
7.52 283.4995
7.53 284.253
7.54 285.0075
7.55 285.763
7.56 286.5195
7.57 287.277
7.58 288.0355
7.59 288.795
7.6 289.5555
7.61 290.317
7.62 291.0795
7.63 291.843
7.64 292.6075
7.65 293.373
7.66 294.1395
7.67 294.907
7.68 295.6755
7.69 296.445
7.7 297.2155
7.71 297.987
7.72 298.7595
7.73 299.533
7.74 300.3075
7.75 301.083
7.76 301.8595
7.77 302.637
7.78 303.4155
7.79 304.195
7.8 304.9755
7.81 305.757
7.82 306.5395
7.83 307.323
7.84 308.1075
7.85 308.893
7.86 309.6795
7.87 310.467
7.88 311.2555
7.89 312.045
7.9 312.8355
7.91 313.627
7.92 314.4195
7.93 315.213
7.94 316.0075
7.95 316.803
7.96 317.5995
7.97 318.397
7.98 319.1955
7.99 319.995
8 320.7955
