0 2.15
0.215 1.93406
0.43 0.649813
0.645 3.44582
0.86 0.255137
1.075 4.99657
1.29 0.0488495
1.505 6.74724
1.72 0.074423
1.935 8.76433
2.15 0.406398
2.365 11.1338
2.58 1.14359
2.795 13.9692
3.01 2.41667
3.225 17.4209
3.44 4.39847
3.655 21.6877
3.87 7.31756
4.085 27.0323
4.3 11.4762
4.515 33.8024
4.73 17.2742
4.945 42.4578
5.16 25.2401
5.375 53.6063
5.59 36.0732
5.805 68.052
6.02 50.6982
6.235 86.8584
6.45 70.3378
6.665 111.432
6.88 96.6094
7.095 143.632
7.31 131.652
7.525 185.918
7.74 178.293
7.955 241.544
