0 -1.15
0.215 2.28166875
0.43 0.2882559375
0.645 5.527524422
0.86 3.443046915
1.075 10.7747148
1.29 8.271652982
1.505 18.07236782
1.72 14.71757701
1.935 27.48545519
2.15 22.70610153
2.365 39.09990199
2.58 32.13841271
2.795 53.02934413
3.01 42.88382925
3.225 69.42406512
3.44 54.76952511
3.655 88.48281487
3.87 67.5669379
4.085 110.4684402
4.3 80.97379381
4.515 135.7285559
4.73 94.59033576
4.945 164.7228826
5.16 107.887885
5.375 198.059401
5.59 120.1672638
5.805 236.5421654
6.02 130.5038098
6.235 281.2345374
6.45 137.6746569
6.665 333.5428133
6.88 140.0625647
7.095 395.3268193
7.31 135.5287328
7.525 469.046176
7.74 121.2445976
7.955 557.9537315
