0 0.1
0.01 0.09428741898
0.02 0.08858575479
0.03 0.08293772301
0.04 0.07737759884
0.05 0.07193245789
0.06 0.06662325504
0.07 0.06146576138
0.08 0.05647137644
0.09 0.05164783127
0.1 0.04699979595
0.11 0.04252940337
0.12 0.03823669995
0.13 0.03412003257
0.14 0.0301763798
0.15 0.02640163467
0.16 0.0227908453
0.17 0.01933841883
0.18 0.01603829371
0.19 0.01288408433
0.2 0.009869201993
0.21 0.006986955276
0.22 0.004230632812
0.23 0.001593570845
0.24 0.0009307921942
0.25 0.003348872214
0.26 0.005666905452
0.27 0.00789092248
0.28 0.010026729
0.29 0.01207989234
0.3 0.01405573273
0.31 0.01595931854
0.32 0.01779546481
0.33 0.01956873446
0.34 0.02128344168
0.35 0.02294365701
0.36 0.02455321391
0.37 0.02611571622
0.38 0.02763454654
0.39 0.02911287508
0.4 0.03055366896
0.41 0.03195970165
0.42 0.0333335625
0.43 0.03467766636
0.44 0.03599426292
0.45 0.03728544599
0.46 0.03855316251
0.47 0.03979922132
0.48 0.04102530152
0.49 0.04223296063
0.5 0.04342364232
0.51 0.04459868382
0.52 0.04575932292
0.53 0.04690670469
0.54 0.04804188779
0.55 0.04916585041
0.56 0.05027949595
0.57 0.05138365823
0.58 0.05247910657
0.59 0.05356655036
0.6 0.05464664348
0.61 0.05571998837
0.62 0.05678713984
0.63 0.05784860865
0.64 0.05890486481
0.65 0.05995634068
0.66 0.06100343385
0.67 0.06204650979
0.68 0.06308590438
0.69 0.06412192614
0.7 0.06515485845
0.71 0.06618496145
0.72 0.06721247392
0.73 0.06823761498
0.74 0.06926058562
0.75 0.07028157017
0.76 0.07130073765
0.77 0.07231824299
0.78 0.07333422818
0.79 0.0743488233
0.8 0.07536214753
0.81 0.07637431
0.82 0.07738541066
0.83 0.07839554098
0.84 0.0794047847
0.85 0.08041321845
0.86 0.08142091234
0.87 0.08242793051
0.88 0.08343433162
0.89 0.0844401693
0.9 0.0854454926
0.91 0.08645034635
0.92 0.08745477154
0.93 0.08845880562
0.94 0.0894624828
0.95 0.09046583435
0.96 0.09146888882
0.97 0.09247167231
0.98 0.09347420862
0.99 0.09447651952
1 0.09547862485
1.01 0.09648054275
1.02 0.09748228975
1.03 0.09848388097
1.04 0.09948533018
1.05 0.1004866499
1.06 0.1014878517
1.07 0.102488946
1.08 0.1034899424
1.09 0.1044908495
1.1 0.1054916752
1.11 0.1064924269
1.12 0.1074931111
1.13 0.1084937339
1.14 0.1094943006
1.15 0.1104948164
1.16 0.1114952858
1.17 0.1124957128
1.18 0.1134961014
1.19 0.114496455
1.2 0.1154967766
1.21 0.1164970693
1.22 0.1174973354
1.23 0.1184975776
1.24 0.1194977978
1.25 0.1204979981
1.26 0.1214981802
1.27 0.1224983459
1.28 0.1234984966
1.29 0.1244986335
1.3 0.1254987581
1.31 0.1264988714
1.32 0.1274989743
1.33 0.1284990679
1.34 0.1294991531
1.35 0.1304992304
1.36 0.1314993007
1.37 0.1324993647
1.38 0.1334994228
1.39 0.1344994756
1.4 0.1354995236
1.41 0.1364995672
1.42 0.1374996068
1.43 0.1384996429
1.44 0.1394996756
1.45 0.1404997053
1.46 0.1414997324
1.47 0.1424997569
1.48 0.1434997792
1.49 0.1444997995
1.5 0.1454998179
1.51 0.1464998346
1.52 0.1474998498
1.53 0.1484998636
1.54 0.1494998762
1.55 0.1504998876
1.56 0.1514998979
1.57 0.1524999073
1.58 0.1534999158
1.59 0.1544999236
1.6 0.1554999306
1.61 0.156499937
1.62 0.1574999428
1.63 0.1584999481
1.64 0.1594999529
1.65 0.1604999572
1.66 0.1614999612
1.67 0.1624999648
1.68 0.163499968
1.69 0.164499971
1.7 0.1654999737
1.71 0.1664999761
1.72 0.1674999783
1.73 0.1684999803
1.74 0.1694999821
1.75 0.1704999838
1.76 0.1714999853
1.77 0.1724999866
1.78 0.1734999879
1.79 0.174499989
1.8 0.17549999
1.81 0.1764999909
1.82 0.1774999918
1.83 0.1784999925
1.84 0.1794999932
1.85 0.1804999939
1.86 0.1814999944
1.87 0.1824999949
1.88 0.1834999954
1.89 0.1844999958
1.9 0.1854999962
1.91 0.1864999966
1.92 0.1874999969
1.93 0.1884999972
1.94 0.1894999974
1.95 0.1904999977
1.96 0.1914999979
1.97 0.1924999981
1.98 0.1934999983
1.99 0.1944999984
2 0.1954999986
2.01 0.1964999987
2.02 0.1974999988
2.03 0.1984999989
2.04 0.199499999
2.05 0.2004999991
2.06 0.2014999992
2.07 0.2024999993
2.08 0.2034999993
2.09 0.2044999994
2.1 0.2054999995
2.11 0.2064999995
2.12 0.2074999996
2.13 0.2084999996
2.14 0.2094999996
2.15 0.2104999997
2.16 0.2114999997
2.17 0.2124999997
2.18 0.2134999998
2.19 0.2144999998
2.2 0.2154999998
2.21 0.2164999998
2.22 0.2174999998
2.23 0.2184999998
2.24 0.2194999999
2.25 0.2204999999
2.26 0.2214999999
2.27 0.2224999999
2.28 0.2234999999
2.29 0.2244999999
2.3 0.2254999999
2.31 0.2264999999
2.32 0.2274999999
2.33 0.2284999999
2.34 0.2294999999
2.35 0.2305
2.36 0.2315
2.37 0.2325
2.38 0.2335
2.39 0.2345
2.4 0.2355
2.41 0.2365
2.42 0.2375
2.43 0.2385
2.44 0.2395
2.45 0.2405
2.46 0.2415
2.47 0.2425
2.48 0.2435
2.49 0.2445
2.5 0.2455
2.51 0.2465
2.52 0.2475
2.53 0.2485
2.54 0.2495
2.55 0.2505
2.56 0.2515
2.57 0.2525
2.58 0.2535
2.59 0.2545
2.6 0.2555
2.61 0.2565
2.62 0.2575
2.63 0.2585
2.64 0.2595
2.65 0.2605
2.66 0.2615
2.67 0.2625
2.68 0.2635
2.69 0.2645
2.7 0.2655
2.71 0.2665
2.72 0.2675
2.73 0.2685
2.74 0.2695
2.75 0.2705
2.76 0.2715
2.77 0.2725
2.78 0.2735
2.79 0.2745
2.8 0.2755
2.81 0.2765
2.82 0.2775
2.83 0.2785
2.84 0.2795
2.85 0.2805
2.86 0.2815
2.87 0.2825
2.88 0.2835
2.89 0.2845
2.9 0.2855
2.91 0.2865
2.92 0.2875
2.93 0.2885
2.94 0.2895
2.95 0.2905
2.96 0.2915
2.97 0.2925
2.98 0.2935
2.99 0.2945
3 0.2955
3.01 0.2965
3.02 0.2975
3.03 0.2985
3.04 0.2995
3.05 0.3005
3.06 0.3015
3.07 0.3025
3.08 0.3035
3.09 0.3045
3.1 0.3055
3.11 0.3065
3.12 0.3075
3.13 0.3085
3.14 0.3095
3.15 0.3105
3.16 0.3115
3.17 0.3125
3.18 0.3135
3.19 0.3145
3.2 0.3155
3.21 0.3165
3.22 0.3175
3.23 0.3185
3.24 0.3195
3.25 0.3205
3.26 0.3215
3.27 0.3225
3.28 0.3235
3.29 0.3245
3.3 0.3255
3.31 0.3265
3.32 0.3275
3.33 0.3285
3.34 0.3295
3.35 0.3305
3.36 0.3315
3.37 0.3325
3.38 0.3335
3.39 0.3345
3.4 0.3355
3.41 0.3365
3.42 0.3375
3.43 0.3385
3.44 0.3395
3.45 0.3405
3.46 0.3415
3.47 0.3425
3.48 0.3435
3.49 0.3445
3.5 0.3455
3.51 0.3465
3.52 0.3475
3.53 0.3485
3.54 0.3495
3.55 0.3505
3.56 0.3515
3.57 0.3525
3.58 0.3535
3.59 0.3545
3.6 0.3555
3.61 0.3565
3.62 0.3575
3.63 0.3585
3.64 0.3595
3.65 0.3605
3.66 0.3615
3.67 0.3625
3.68 0.3635
3.69 0.3645
3.7 0.3655
3.71 0.3665
3.72 0.3675
3.73 0.3685
3.74 0.3695
3.75 0.3705
3.76 0.3715
3.77 0.3725
3.78 0.3735
3.79 0.3745
3.8 0.3755
3.81 0.3765
3.82 0.3775
3.83 0.3785
3.84 0.3795
3.85 0.3805
3.86 0.3815
3.87 0.3825
3.88 0.3835
3.89 0.3845
3.9 0.3855
3.91 0.3865
3.92 0.3875
3.93 0.3885
3.94 0.3895
3.95 0.3905
3.96 0.3915
3.97 0.3925
3.98 0.3935
3.99 0.3945
4 0.3955
4.01 0.3965
4.02 0.3975
4.03 0.3985
4.04 0.3995
4.05 0.4005
4.06 0.4015
4.07 0.4025
4.08 0.4035
4.09 0.4045
4.1 0.4055
4.11 0.4065
4.12 0.4075
4.13 0.4085
4.14 0.4095
4.15 0.4105
4.16 0.4115
4.17 0.4125
4.18 0.4135
4.19 0.4145
4.2 0.4155
4.21 0.4165
4.22 0.4175
4.23 0.4185
4.24 0.4195
4.25 0.4205
4.26 0.4215
4.27 0.4225
4.28 0.4235
4.29 0.4245
4.3 0.4255
4.31 0.4265
4.32 0.4275
4.33 0.4285
4.34 0.4295
4.35 0.4305
4.36 0.4315
4.37 0.4325
4.38 0.4335
4.39 0.4345
4.4 0.4355
4.41 0.4365
4.42 0.4375
4.43 0.4385
4.44 0.4395
4.45 0.4405
4.46 0.4415
4.47 0.4425
4.48 0.4435
4.49 0.4445
4.5 0.4455
4.51 0.4465
4.52 0.4475
4.53 0.4485
4.54 0.4495
4.55 0.4505
4.56 0.4515
4.57 0.4525
4.58 0.4535
4.59 0.4545
4.6 0.4555
4.61 0.4565
4.62 0.4575
4.63 0.4585
4.64 0.4595
4.65 0.4605
4.66 0.4615
4.67 0.4625
4.68 0.4635
4.69 0.4645
4.7 0.4655
4.71 0.4665
4.72 0.4675
4.73 0.4685
4.74 0.4695
4.75 0.4705
4.76 0.4715
4.77 0.4725
4.78 0.4735
4.79 0.4745
4.8 0.4755
4.81 0.4765
4.82 0.4775
4.83 0.4785
4.84 0.4795
4.85 0.4805
4.86 0.4815
4.87 0.4825
4.88 0.4835
4.89 0.4845
4.9 0.4855
4.91 0.4865
4.92 0.4875
4.93 0.4885
4.94 0.4895
4.95 0.4905
4.96 0.4915
4.97 0.4925
4.98 0.4935
4.99 0.4945
5 0.4955
5.01 0.4965
5.02 0.4975
5.03 0.4985
5.04 0.4995
5.05 0.5005
5.06 0.5015
5.07 0.5025
5.08 0.5035
5.09 0.5045
5.1 0.5055
5.11 0.5065
5.12 0.5075
5.13 0.5085
5.14 0.5095
5.15 0.5105
5.16 0.5115
5.17 0.5125
5.18 0.5135
5.19 0.5145
5.2 0.5155
5.21 0.5165
5.22 0.5175
5.23 0.5185
5.24 0.5195
5.25 0.5205
5.26 0.5215
5.27 0.5225
5.28 0.5235
5.29 0.5245
5.3 0.5255
5.31 0.5265
5.32 0.5275
5.33 0.5285
5.34 0.5295
5.35 0.5305
5.36 0.5315
5.37 0.5325
5.38 0.5335
5.39 0.5345
5.4 0.5355
5.41 0.5365
5.42 0.5375
5.43 0.5385
5.44 0.5395
5.45 0.5405
5.46 0.5415
5.47 0.5425
5.48 0.5435
5.49 0.5445
5.5 0.5455
5.51 0.5465
5.52 0.5475
5.53 0.5485
5.54 0.5495
5.55 0.5505
5.56 0.5515
5.57 0.5525
5.58 0.5535
5.59 0.5545
5.6 0.5555
5.61 0.5565
5.62 0.5575
5.63 0.5585
5.64 0.5595
5.65 0.5605
5.66 0.5615
5.67 0.5625
5.68 0.5635
5.69 0.5645
5.7 0.5655
5.71 0.5665
5.72 0.5675
5.73 0.5685
5.74 0.5695
5.75 0.5705
5.76 0.5715
5.77 0.5725
5.78 0.5735
5.79 0.5745
5.8 0.5755
5.81 0.5765
5.82 0.5775
5.83 0.5785
5.84 0.5795
5.85 0.5805
5.86 0.5815
5.87 0.5825
5.88 0.5835
5.89 0.5845
5.9 0.5855
5.91 0.5865
5.92 0.5875
5.93 0.5885
5.94 0.5895
5.95 0.5905
5.96 0.5915
5.97 0.5925
5.98 0.5935
5.99 0.5945
6 0.5955
6.01 0.5965
6.02 0.5975
6.03 0.5985
6.04 0.5995
6.05 0.6005
6.06 0.6015
6.07 0.6025
6.08 0.6035
6.09 0.6045
6.1 0.6055
6.11 0.6065
6.12 0.6075
6.13 0.6085
6.14 0.6095
6.15 0.6105
6.16 0.6115
6.17 0.6125
6.18 0.6135
6.19 0.6145
6.2 0.6155
6.21 0.6165
6.22 0.6175
6.23 0.6185
6.24 0.6195
6.25 0.6205
6.26 0.6215
6.27 0.6225
6.28 0.6235
6.29 0.6245
6.3 0.6255
6.31 0.6265
6.32 0.6275
6.33 0.6285
6.34 0.6295
6.35 0.6305
6.36 0.6315
6.37 0.6325
6.38 0.6335
6.39 0.6345
6.4 0.6355
6.41 0.6365
6.42 0.6375
6.43 0.6385
6.44 0.6395
6.45 0.6405
6.46 0.6415
6.47 0.6425
6.48 0.6435
6.49 0.6445
6.5 0.6455
6.51 0.6465
6.52 0.6475
6.53 0.6485
6.54 0.6495
6.55 0.6505
6.56 0.6515
6.57 0.6525
6.58 0.6535
6.59 0.6545
6.6 0.6555
6.61 0.6565
6.62 0.6575
6.63 0.6585
6.64 0.6595
6.65 0.6605
6.66 0.6615
6.67 0.6625
6.68 0.6635
6.69 0.6645
6.7 0.6655
6.71 0.6665
6.72 0.6675
6.73 0.6685
6.74 0.6695
6.75 0.6705
6.76 0.6715
6.77 0.6725
6.78 0.6735
6.79 0.6745
6.8 0.6755
6.81 0.6765
6.82 0.6775
6.83 0.6785
6.84 0.6795
6.85 0.6805
6.86 0.6815
6.87 0.6825
6.88 0.6835
6.89 0.6845
6.9 0.6855
6.91 0.6865
6.92 0.6875
6.93 0.6885
6.94 0.6895
6.95 0.6905
6.96 0.6915
6.97 0.6925
6.98 0.6935
6.99 0.6945
7 0.6955
7.01 0.6965
7.02 0.6975
7.03 0.6985
7.04 0.6995
7.05 0.7005
7.06 0.7015
7.07 0.7025
7.08 0.7035
7.09 0.7045
7.1 0.7055
7.11 0.7065
7.12 0.7075
7.13 0.7085
7.14 0.7095
7.15 0.7105
7.16 0.7115
7.17 0.7125
7.18 0.7135
7.19 0.7145
7.2 0.7155
7.21 0.7165
7.22 0.7175
7.23 0.7185
7.24 0.7195
7.25 0.7205
7.26 0.7215
7.27 0.7225
7.28 0.7235
7.29 0.7245
7.3 0.7255
7.31 0.7265
7.32 0.7275
7.33 0.7285
7.34 0.7295
7.35 0.7305
7.36 0.7315
7.37 0.7325
7.38 0.7335
7.39 0.7345
7.4 0.7355
7.41 0.7365
7.42 0.7375
7.43 0.7385
7.44 0.7395
7.45 0.7405
7.46 0.7415
7.47 0.7425
7.48 0.7435
7.49 0.7445
7.5 0.7455
7.51 0.7465
7.52 0.7475
7.53 0.7485
7.54 0.7495
7.55 0.7505
7.56 0.7515
7.57 0.7525
7.58 0.7535
7.59 0.7545
7.6 0.7555
7.61 0.7565
7.62 0.7575
7.63 0.7585
7.64 0.7595
7.65 0.7605
7.66 0.7615
7.67 0.7625
7.68 0.7635
7.69 0.7645
7.7 0.7655
7.71 0.7665
7.72 0.7675
7.73 0.7685
7.74 0.7695
7.75 0.7705
7.76 0.7715
7.77 0.7725
7.78 0.7735
7.79 0.7745
7.8 0.7755
7.81 0.7765
7.82 0.7775
7.83 0.7785
7.84 0.7795
7.85 0.7805
7.86 0.7815
7.87 0.7825
7.88 0.7835
7.89 0.7845
7.9 0.7855
7.91 0.7865
7.92 0.7875
7.93 0.7885
7.94 0.7895
7.95 0.7905
7.96 0.7915
7.97 0.7925
7.98 0.7935
7.99 0.7945
8 0.7955
