0 1
0.1 0.267879445
0.2 0.06466471393
0.3 0.2502129301
0.4 0.3816843603
0.5 0.4932620526
0.6 0.5975212477
0.7 0.699088118
0.8 0.7996645373
0.9 0.8998765902
1 0.9999546001
1.1 1.099983298
1.2 1.199993856
1.3 1.29999774
1.4 1.399999168
1.5 1.499999694
1.6 1.599999887
1.7 1.699999959
1.8 1.799999985
1.9 1.899999994
2 1.999999998
2.1 2.099999999
2.2 2.2
2.3 2.3
2.4 2.4
2.5 2.5
2.6 2.6
2.7 2.7
2.8 2.8
2.9 2.9
3 3
3.1 3.1
3.2 3.2
3.3 3.3
3.4 3.4
3.5 3.5
3.6 3.6
3.7 3.7
3.8 3.8
3.9 3.9
4 4
4.1 4.1
4.2 4.2
4.3 4.3
4.4 4.4
4.5 4.5
4.6 4.6
4.7 4.7
4.8 4.8
4.9 4.9
5 5
5.1 5.1
5.2 5.2
5.3 5.3
5.4 5.4
5.5 5.5
5.6 5.6
5.7 5.7
5.8 5.8
5.9 5.9
6 6
6.1 6.1
6.2 6.2
6.3 6.3
6.4 6.4
6.5 6.5
6.6 6.6
6.7 6.7
6.8 6.8
6.9 6.9
7 7
7.1 7.1
7.2 7.2
7.3 7.3
7.4 7.4
7.5 7.5
7.6 7.6
7.7 7.7
7.8 7.8
7.9 7.9
8 8
