0 1
0.1 0.417879445
0.2 0.3353352861
0.3 0.4997870699
0.4 0.8183156397
0.5 1.256737947
0.6 1.802478752
0.7 2.450911882
0.8 3.200335463
0.9 4.05012341
1 5.0000454
1.1 6.050016702
1.2 7.200006144
1.3 8.45000226
1.4 9.800000832
1.5 11.25000031
1.6 12.80000011
1.7 14.45000004
1.8 16.20000002
1.9 18.05000001
2 20
2.1 22.05
2.2 24.2
2.3 26.45
2.4 28.8
2.5 31.25
2.6 33.8
2.7 36.45
2.8 39.2
2.9 42.05
3 45
3.1 48.05
3.2 51.2
3.3 54.45
3.4 57.8
3.5 61.25
3.6 64.8
3.7 68.45
3.8 72.2
3.9 76.05
4 80
4.1 84.05
4.2 88.2
4.3 92.45
4.4 96.8
4.5 101.25
4.6 105.8
4.7 110.45
4.8 115.2
4.9 120.05
5 125
5.1 130.05
5.2 135.2
5.3 140.45
5.4 145.8
5.5 151.25
5.6 156.8
5.7 162.45
5.8 168.2
5.9 174.05
6 180
6.1 186.05
6.2 192.2
6.3 198.45
6.4 204.8
6.5 211.25
6.6 217.8
6.7 224.45
6.8 231.2
6.9 238.05
7 245
7.1 252.05
7.2 259.2
7.3 266.45
7.4 273.8
7.5 281.25
7.6 288.8
7.7 296.45
7.8 304.2
7.9 312.05
8 320
