0 1
0.215 0.3476091604
0.43 0.9380685596
0.645 2.081705522
0.86 3.698184106
1.075 5.778146445
1.29 8.320502498
1.505 11.32512529
1.72 14.79200003
1.935 18.721125
2.15 23.1125
2.365 27.966125
2.58 33.282
2.795 39.060125
3.01 45.3005
3.225 52.003125
3.44 59.168
3.655 66.795125
3.87 74.8845
4.085 83.436125
4.3 92.45
4.515 101.926125
4.73 111.8645
4.945 122.265125
5.16 133.128
5.375 144.453125
5.59 156.2405
5.805 168.490125
6.02 181.202
6.235 194.376125
6.45 208.0125
6.665 222.111125
6.88 236.672
7.095 251.695125
7.31 267.1805
7.525 283.128125
7.74 299.538
7.955 316.410125
