0 0 0 0
0.1 -0.0743292 -0.0749999 0.000670702
0.2 -0.148657 -0.149998 0.00134075
0.3 -0.222978 -0.224988 0.00200976
0.4 -0.297273 -0.299951 0.00267749
0.5 -0.371516 -0.374859 0.0033438
0.6 -0.445664 -0.449672 0.00400865
0.7 -0.519664 -0.524336 0.00467203
0.8 -0.593452 -0.598786 0.005334
0.9 -0.666953 -0.672948 0.00599462
1 -0.740084 -0.746738 0.00665397
1.1 -0.812757 -0.820069 0.00731213
1.2 -0.884876 -0.892845 0.00796917
1.3 -0.956346 -0.964971 0.00862518
1.4 -1.02707 -1.03635 0.00928019
1.5 -1.09695 -1.10688 0.00993427
1.6 -1.16588 -1.17647 0.0105874
1.7 -1.23379 -1.24503 0.0112397
1.8 -1.30057 -1.31246 0.0118911
1.9 -1.36615 -1.37869 0.0125416
2 -1.43045 -1.44364 0.0131911
2.1 -1.4934 -1.50724 0.0138397
2.2 -1.55493 -1.56942 0.0144873
2.3 -1.61499 -1.63013 0.0151338
2.4 -1.67353 -1.68931 0.0157791
2.5 -1.7305 -1.74692 0.0164232
2.6 -1.78587 -1.80293 0.0170661
2.7 -1.83961 -1.85731 0.0177075
2.8 -1.89169 -1.91004 0.0183475
2.9 -1.94211 -1.9611 0.0189859
3 -1.99086 -2.01048 0.0196226
3.1 -2.03793 -2.05818 0.0202576
3.2 -2.08332 -2.10421 0.0208906
3.3 -2.12704 -2.14857 0.0215217
3.4 -2.16911 -2.19127 0.0221508
3.5 -2.20955 -2.23233 0.0227776
3.6 -2.24837 -2.27177 0.0234022
3.7 -2.28559 -2.30962 0.0240244
3.8 -2.32126 -2.3459 0.0246441
3.9 -2.35539 -2.38065 0.0252613
4 -2.38802 -2.4139 0.0258758
4.1 -2.4192 -2.44568 0.0264875
4.2 -2.44894 -2.47604 0.0270963
4.3 -2.4773 -2.50501 0.0277022
4.4 -2.50432 -2.53263 0.0283051
4.5 -2.53003 -2.55894 0.0289049
4.6 -2.55448 -2.58398 0.0295014
4.7 -2.57771 -2.60781 0.0300946
4.8 -2.59977 -2.63045 0.0306845
4.9 -2.62069 -2.65196 0.031271
5 -2.64051 -2.67237 0.0318539
5.1 -2.65929 -2.69172 0.0324332
5.2 -2.67706 -2.71007 0.0330088
5.3 -2.69387 -2.72745 0.0335807
5.4 -2.70975 -2.7439 0.0341487
5.5 -2.72474 -2.75946 0.0347129
5.6 -2.73889 -2.77416 0.0352731
5.7 -2.75223 -2.78806 0.0358294
5.8 -2.7648 -2.80118 0.0363815
5.9 -2.77664 -2.81357 0.0369295
6 -2.78777 -2.82525 0.0374732
6.1 -2.79825 -2.83626 0.0380127
6.2 -2.80809 -2.84663 0.0385479
6.3 -2.81733 -2.8564 0.0390787
6.4 -2.82599 -2.8656 0.0396051
6.5 -2.83412 -2.87425 0.0401269
6.6 -2.84174 -2.88239 0.0406442
6.7 -2.84888 -2.89003 0.0411569
6.8 -2.85555 -2.89722 0.0416649
6.9 -2.86179 -2.90396 0.0421682
7 -2.86763 -2.91029 0.0426668
7.1 -2.87307 -2.91623 0.0431605
7.2 -2.87816 -2.92181 0.0436493
7.3 -2.8829 -2.92703 0.0441332
7.4 -2.88731 -2.93192 0.0446121
7.5 -2.89142 -2.93651 0.0450861
7.6 -2.89525 -2.9408 0.0455549
7.7 -2.8988 -2.94482 0.0460186
7.8 -2.9021 -2.94858 0.0464771
7.9 -2.90516 -2.9521 0.0469305
8 -2.908 -2.95538 0.0473785
8.1 -2.91064 -2.95846 0.0478213
8.2 -2.91307 -2.96133 0.0482587
8.3 -2.91532 -2.96401 0.0486907
8.4 -2.9174 -2.96652 0.0491173
8.5 -2.91932 -2.96885 0.0495384
8.6 -2.92108 -2.97104 0.0499539
8.7 -2.92271 -2.97307 0.0503639
8.8 -2.9242 -2.97497 0.0507683
8.9 -2.92557 -2.97674 0.051167
9 -2.92683 -2.97839 0.05156
9.1 -2.92798 -2.97992 0.0519473
9.2 -2.92903 -2.98136 0.0523288
9.3 -2.92999 -2.98269 0.0527045
9.4 -2.93086 -2.98393 0.0530743
9.5 -2.93165 -2.98509 0.0534382
9.6 -2.93237 -2.98616 0.0537962
9.7 -2.93301 -2.98716 0.0541483
9.8 -2.9336 -2.98809 0.0544943
9.9 -2.93412 -2.98896 0.0548343
10 -2.93459 -2.98976 0.0551683
10.1 -2.93501 -2.99051 0.0554961
10.2 -2.93539 -2.9912 0.0558178
10.3 -2.93572 -2.99185 0.0561333
10.4 -2.93601 -2.99245 0.0564426
10.5 -2.93626 -2.99301 0.0567456
10.6 -2.93648 -2.99352 0.0570424
10.7 -2.93667 -2.994 0.0573329
10.8 -2.93683 -2.99445 0.057617
10.9 -2.93696 -2.99486 0.0578948
11 -2.93708 -2.99524 0.0581662
11.1 -2.93717 -2.9956 0.0584312
11.2 -2.93724 -2.99593 0.0586897
11.3 -2.93729 -2.99623 0.0589417
11.4 -2.93733 -2.99651 0.0591873
11.5 -2.93735 -2.99678 0.0594263
11.6 -2.93736 -2.99702 0.0596588
11.7 -2.93736 -2.99724 0.0598847
11.8 -2.93735 -2.99745 0.060104
11.9 -2.93733 -2.99765 0.0603166
12 -2.9373 -2.99782 0.0605227
12.1 -2.93727 -2.99799 0.060722
12.2 -2.93723 -2.99814 0.0609147
12.3 -2.93718 -2.99829 0.0611007
12.4 -2.93714 -2.99842 0.0612799
12.5 -2.93709 -2.99854 0.0614524
12.6 -2.93703 -2.99865 0.0616182
12.7 -2.93698 -2.99875 0.0617771
12.8 -2.93692 -2.99885 0.0619293
12.9 -2.93686 -2.99894 0.0620747
13 -2.93681 -2.99902 0.0622132
13.1 -2.93675 -2.9991 0.0623449
13.2 -2.9367 -2.99917 0.0624697
13.3 -2.93664 -2.99923 0.0625877
13.4 -2.93659 -2.99929 0.0626988
13.5 -2.93654 -2.99935 0.062803
13.6 -2.9365 -2.9994 0.0629003
13.7 -2.93645 -2.99944 0.0629906
13.8 -2.93641 -2.99949 0.0630741
13.9 -2.93638 -2.99953 0.0631506
14 -2.93634 -2.99956 0.0632203
14.1 -2.93632 -2.9996 0.0632829
14.2 -2.93629 -2.99963 0.0633386
14.3 -2.93627 -2.99966 0.0633874
14.4 -2.93626 -2.99969 0.0634292
14.5 -2.93625 -2.99971 0.0634641
14.6 -2.93624 -2.99973 0.0634919
14.7 -2.93624 -2.99975 0.0635128
14.8 -2.93625 -2.99977 0.0635268
14.9 -2.93626 -2.99979 0.0635338
15 -2.93627 -2.99981 0.0635338
15.1 -2.9363 -2.99982 0.0635268
15.2 -2.93632 -2.99984 0.0635129
15.3 -2.93636 -2.99985 0.063492
15.4 -2.9364 -2.99986 0.0634642
15.5 -2.93644 -2.99987 0.0634294
15.6 -2.9365 -2.99988 0.0633876
15.7 -2.93655 -2.99989 0.0633389
15.8 -2.93662 -2.9999 0.0632832
15.9 -2.93669 -2.99991 0.0632207
16 -2.93677 -2.99992 0.0631512
16.1 -2.93685 -2.99992 0.0630747
16.2 -2.93694 -2.99993 0.0629914
16.3 -2.93703 -2.99993 0.0629012
16.4 -2.93714 -2.99994 0.0628041
16.5 -2.93724 -2.99994 0.0627001
16.6 -2.93736 -2.99995 0.0625892
16.7 -2.93748 -2.99995 0.0624715
16.8 -2.93761 -2.99996 0.0623469
16.9 -2.93775 -2.99996 0.0622156
17 -2.93789 -2.99996 0.0620774
17.1 -2.93803 -2.99997 0.0619324
17.2 -2.93819 -2.99997 0.0617807
17.3 -2.93835 -2.99997 0.0616222
17.4 -2.93852 -2.99997 0.0614569
17.5 -2.93869 -2.99998 0.061285
17.6 -2.93887 -2.99998 0.0611063
17.7 -2.93906 -2.99998 0.0609209
17.8 -2.93925 -2.99998 0.0607289
17.9 -2.93945 -2.99998 0.0605303
18 -2.93966 -2.99998 0.060325
18.1 -2.93987 -2.99999 0.0601131
18.2 -2.94009 -2.99999 0.0598947
18.3 -2.94032 -2.99999 0.0596697
18.4 -2.94055 -2.99999 0.0594383
18.5 -2.94079 -2.99999 0.0592003
18.6 -2.94103 -2.99999 0.0589558
18.7 -2.94129 -2.99999 0.0587049
18.8 -2.94154 -2.99999 0.0584476
18.9 -2.94181 -2.99999 0.058184
19 -2.94208 -2.99999 0.0579139
19.1 -2.94236 -2.99999 0.0576376
19.2 -2.94264 -2.99999 0.057355
19.3 -2.94293 -2.99999 0.0570661
19.4 -2.94322 -3 0.0567709
19.5 -2.94353 -3 0.0564696
19.6 -2.94383 -3 0.0561621
19.7 -2.94415 -3 0.0558485
19.8 -2.94447 -3 0.0555288
19.9 -2.94479 -3 0.0552031
20 -2.94513 -3 0.0548713
20.1 -2.94546 -3 0.0545336
20.2 -2.94581 -3 0.0541899
20.3 -2.94616 -3 0.0538403
20.4 -2.94651 -3 0.0534849
20.5 -2.94687 -3 0.0531236
20.6 -2.94724 -3 0.0527565
20.7 -2.94761 -3 0.0523837
20.8 -2.94799 -3 0.0520052
20.9 -2.94838 -3 0.051621
21 -2.94877 -3 0.0512312
21.1 -2.94916 -3 0.0508358
21.2 -2.94956 -3 0.0504349
21.3 -2.94997 -3 0.0500285
21.4 -2.95038 -3 0.0496167
21.5 -2.9508 -3 0.0491995
21.6 -2.95122 -3 0.0487769
21.7 -2.95165 -3 0.048349
21.8 -2.95208 -3 0.0479159
21.9 -2.95252 -3 0.0474775
22 -2.95297 -3 0.047034
22.1 -2.95341 -3 0.0465854
22.2 -2.95387 -3 0.0461317
22.3 -2.95433 -3 0.0456731
22.4 -2.95479 -3 0.0452094
22.5 -2.95526 -3 0.0447409
22.6 -2.95573 -3 0.0442675
22.7 -2.95621 -3 0.0437893
22.8 -2.95669 -3 0.0433063
22.9 -2.95718 -3 0.0428187
23 -2.95767 -3 0.0423264
23.1 -2.95817 -3 0.0418295
23.2 -2.95867 -3 0.0413281
23.3 -2.95918 -3 0.0408222
23.4 -2.95969 -3 0.0403119
23.5 -2.9602 -3 0.0397973
23.6 -2.96072 -3 0.0392783
23.7 -2.96124 -3 0.0387551
23.8 -2.96177 -3 0.0382276
23.9 -2.9623 -3 0.0376961
24 -2.96284 -3 0.0371605
24.1 -2.96338 -3 0.0366208
24.2 -2.96392 -3 0.0360772
24.3 -2.96447 -3 0.0355297
24.4 -2.96502 -3 0.0349784
24.5 -2.96558 -3 0.0344233
24.6 -2.96614 -3 0.0338644
24.7 -2.9667 -3 0.033302
24.8 -2.96726 -3 0.0327359
24.9 -2.96783 -3 0.0321663
25 -2.96841 -3 0.0315933
25.1 -2.96898 -3 0.0310168
25.2 -2.96956 -3 0.030437
25.3 -2.97015 -3 0.0298539
25.4 -2.97073 -3 0.0292676
25.5 -2.97132 -3 0.0286782
25.6 -2.97191 -3 0.0280857
25.7 -2.97251 -3 0.0274902
25.8 -2.97311 -3 0.0268917
25.9 -2.97371 -3 0.0262904
26 -2.97431 -3 0.0256862
26.1 -2.97492 -3 0.0250793
26.2 -2.97553 -3 0.0244696
26.3 -2.97614 -3 0.0238574
26.4 -2.97676 -3 0.0232427
26.5 -2.97737 -3 0.0226254
26.6 -2.97799 -3 0.0220057
26.7 -2.97862 -3 0.0213837
26.8 -2.97924 -3 0.0207594
26.9 -2.97987 -3 0.0201329
27 -2.9805 -3 0.0195043
27.1 -2.98113 -3 0.0188736
27.2 -2.98176 -3 0.0182409
27.3 -2.98239 -3 0.0176063
27.4 -2.98303 -3 0.0169698
27.5 -2.98367 -3 0.0163315
27.6 -2.98431 -3 0.0156915
27.7 -2.98495 -3 0.0150498
27.8 -2.98559 -3 0.0144066
27.9 -2.98624 -3 0.0137618
28 -2.98688 -3 0.0131156
28.1 -2.98753 -3 0.0124681
28.2 -2.98818 -3 0.0118192
28.3 -2.98883 -3 0.0111691
28.4 -2.98948 -3 0.0105179
28.5 -2.99013 -3 0.0098656
28.6 -2.99079 -3 0.00921227
28.7 -2.99144 -3 0.00855801
28.8 -2.9921 -3 0.00790289
28.9 -2.99275 -3 0.00724696
29 -2.99341 -3 0.00659032
29.1 -2.99407 -3 0.00593302
29.2 -2.99472 -3 0.00527515
29.3 -2.99538 -3 0.00461677
29.4 -2.99604 -3 0.00395795
29.5 -2.9967 -3 0.00329878
29.6 -2.99736 -3 0.00263931
29.7 -2.99802 -3 0.00197963
29.8 -2.99868 -3 0.0013198
29.9 -2.99934 -3 0.0006599
30 -3 -3 3.85581e-10
