0 0 0 0
0.1 -0.0749999 -0.0749999 6.50521e-19
0.2 -0.149999 -0.149998 5.03461e-07
0.3 -0.224989 -0.224988 1.82756e-06
0.4 -0.299955 -0.299951 4.14115e-06
0.5 -0.374867 -0.374859 7.50223e-06
0.6 -0.449684 -0.449672 1.18881e-05
0.7 -0.524353 -0.524336 1.72195e-05
0.8 -0.598809 -0.598786 2.33793e-05
0.9 -0.672978 -0.672948 3.02277e-05
1 -0.746776 -0.746738 3.76134e-05
1.1 -0.820114 -0.820069 4.53825e-05
1.2 -0.892899 -0.892845 5.33845e-05
1.3 -0.965033 -0.964971 6.14773e-05
1.4 -1.03642 -1.03635 6.95299e-05
1.5 -1.10696 -1.10688 7.74247e-05
1.6 -1.17656 -1.17647 8.50586e-05
1.7 -1.24512 -1.24503 9.2343e-05
1.8 -1.31256 -1.31246 9.92041e-05
1.9 -1.3788 -1.37869 0.000105582
2 -1.44376 -1.44364 0.000111431
2.1 -1.50736 -1.50724 0.000116716
2.2 -1.56954 -1.56942 0.000121414
2.3 -1.63025 -1.63013 0.000125514
2.4 -1.68944 -1.68931 0.000129011
2.5 -1.74705 -1.74692 0.00013191
2.6 -1.80307 -1.80293 0.000134221
2.7 -1.85745 -1.85731 0.000135961
2.8 -1.91018 -1.91004 0.000137151
2.9 -1.96124 -1.9611 0.000137816
3 -2.01062 -2.01048 0.000137984
3.1 -2.05832 -2.05818 0.000137685
3.2 -2.10435 -2.10421 0.000136952
3.3 -2.1487 -2.14857 0.000135816
3.4 -2.1914 -2.19127 0.000134311
3.5 -2.23246 -2.23233 0.000132471
3.6 -2.2719 -2.27177 0.000130328
3.7 -2.30975 -2.30962 0.000127914
3.8 -2.34603 -2.3459 0.000125261
3.9 -2.38077 -2.38065 0.0001224
4 -2.41402 -2.4139 0.000119358
4.1 -2.4458 -2.44568 0.000116163
4.2 -2.47615 -2.47604 0.000112841
4.3 -2.50512 -2.50501 0.000109418
4.4 -2.53273 -2.53263 0.000105914
4.5 -2.55904 -2.55894 0.000102352
4.6 -2.58408 -2.58398 9.87508e-05
4.7 -2.6079 -2.60781 9.51283e-05
4.8 -2.63054 -2.63045 9.15009e-05
4.9 -2.65204 -2.65196 8.78833e-05
5 -2.67245 -2.67237 8.42889e-05
5.1 -2.69181 -2.69172 8.07295e-05
5.2 -2.71015 -2.71007 7.72158e-05
5.3 -2.72752 -2.72745 7.37569e-05
5.4 -2.74397 -2.7439 7.03612e-05
5.5 -2.75952 -2.75946 6.70355e-05
5.6 -2.77423 -2.77416 6.3786e-05
5.7 -2.78812 -2.78806 6.06174e-05
5.8 -2.80124 -2.80118 5.75341e-05
5.9 -2.81362 -2.81357 5.45393e-05
6 -2.8253 -2.82525 5.16355e-05
6.1 -2.83631 -2.83626 4.88247e-05
6.2 -2.84668 -2.84663 4.61081e-05
6.3 -2.85645 -2.8564 4.34863e-05
6.4 -2.86564 -2.8656 4.09596e-05
6.5 -2.87429 -2.87425 3.85278e-05
6.6 -2.88242 -2.88239 3.619e-05
6.7 -2.89007 -2.89003 3.39454e-05
6.8 -2.89725 -2.89722 3.17926e-05
6.9 -2.90399 -2.90396 2.97301e-05
7 -2.91032 -2.91029 2.7756e-05
7.1 -2.91626 -2.91623 2.58684e-05
7.2 -2.92183 -2.92181 2.4065e-05
7.3 -2.92705 -2.92703 2.23436e-05
7.4 -2.93194 -2.93192 2.07017e-05
7.5 -2.93653 -2.93651 1.9137e-05
7.6 -2.94082 -2.9408 1.76467e-05
7.7 -2.94484 -2.94482 1.62284e-05
7.8 -2.94859 -2.94858 1.48795e-05
7.9 -2.95211 -2.9521 1.35973e-05
8 -2.9554 -2.95538 1.23791e-05
8.1 -2.95847 -2.95846 1.12225e-05
8.2 -2.96134 -2.96133 1.01248e-05
8.3 -2.96402 -2.96401 9.08351e-06
8.4 -2.96652 -2.96652 8.09612e-06
8.5 -2.96886 -2.96885 7.16021e-06
8.6 -2.97104 -2.97104 6.27339e-06
8.7 -2.97308 -2.97307 5.43334e-06
8.8 -2.97497 -2.97497 4.63782e-06
8.9 -2.97674 -2.97674 3.88464e-06
9 -2.97839 -2.97839 3.17168e-06
9.1 -2.97993 -2.97992 2.49691e-06
9.2 -2.98136 -2.98136 1.85835e-06
9.3 -2.98269 -2.98269 1.2541e-06
9.4 -2.98393 -2.98393 6.82359e-07
9.5 -2.98509 -2.98509 1.41365e-07
9.6 -2.98616 -2.98616 -3.70554e-07
9.7 -2.98716 -2.98716 -8.55e-07
9.8 -2.98809 -2.98809 -1.3135e-06
9.9 -2.98896 -2.98896 -1.74753e-06
10 -2.98976 -2.98976 -2.15847e-06
10.1 -2.99051 -2.99051 -2.54766e-06
10.2 -2.9912 -2.9912 -2.91635e-06
10.3 -2.99185 -2.99185 -3.26575e-06
10.4 -2.99245 -2.99245 -3.597e-06
10.5 -2.993 -2.99301 -3.91119e-06
10.6 -2.99352 -2.99352 -4.20933e-06
10.7 -2.994 -2.994 -4.49241e-06
10.8 -2.99444 -2.99445 -4.76135e-06
10.9 -2.99485 -2.99486 -5.017e-06
11 -2.99524 -2.99524 -5.26021e-06
11.1 -2.99559 -2.9956 -5.49174e-06
11.2 -2.99592 -2.99593 -5.71233e-06
11.3 -2.99623 -2.99623 -5.92267e-06
11.4 -2.99651 -2.99651 -6.12341e-06
11.5 -2.99677 -2.99678 -6.31516e-06
11.6 -2.99701 -2.99702 -6.49852e-06
11.7 -2.99724 -2.99724 -6.67401e-06
11.8 -2.99745 -2.99745 -6.84215e-06
11.9 -2.99764 -2.99765 -7.00343e-06
12 -2.99782 -2.99782 -7.15829e-06
12.1 -2.99798 -2.99799 -7.30716e-06
12.2 -2.99814 -2.99814 -7.45044e-06
12.3 -2.99828 -2.99829 -7.58849e-06
12.4 -2.99841 -2.99842 -7.72168e-06
12.5 -2.99853 -2.99854 -7.85032e-06
12.6 -2.99864 -2.99865 -7.97473e-06
12.7 -2.99875 -2.99875 -8.0952e-06
12.8 -2.99884 -2.99885 -8.21198e-06
12.9 -2.99893 -2.99894 -8.32535e-06
13 -2.99901 -2.99902 -8.43552e-06
13.1 -2.99909 -2.9991 -8.54272e-06
13.2 -2.99916 -2.99917 -8.64716e-06
13.3 -2.99922 -2.99923 -8.74902e-06
13.4 -2.99928 -2.99929 -8.8485e-06
13.5 -2.99934 -2.99935 -8.94575e-06
13.6 -2.99939 -2.9994 -9.04093e-06
13.7 -2.99943 -2.99944 -9.13419e-06
13.8 -2.99948 -2.99949 -9.22566e-06
13.9 -2.99952 -2.99953 -9.31548e-06
14 -2.99955 -2.99956 -9.40375e-06
14.1 -2.99959 -2.9996 -9.49059e-06
14.2 -2.99962 -2.99963 -9.57611e-06
14.3 -2.99965 -2.99966 -9.66039e-06
14.4 -2.99968 -2.99969 -9.74352e-06
14.5 -2.9997 -2.99971 -9.8256e-06
14.6 -2.99972 -2.99973 -9.90669e-06
14.7 -2.99974 -2.99975 -9.98686e-06
14.8 -2.99976 -2.99977 -1.00662e-05
14.9 -2.99978 -2.99979 -1.01447e-05
15 -2.9998 -2.99981 -1.02226e-05
15.1 -2.99981 -2.99982 -1.02997e-05
15.2 -2.99983 -2.99984 -1.03762e-05
15.3 -2.99984 -2.99985 -1.04522e-05
15.4 -2.99985 -2.99986 -1.05276e-05
15.5 -2.99986 -2.99987 -1.06025e-05
15.6 -2.99987 -2.99988 -1.06769e-05
15.7 -2.99988 -2.99989 -1.07509e-05
15.8 -2.99989 -2.9999 -1.08246e-05
15.9 -2.9999 -2.99991 -1.08978e-05
16 -2.99991 -2.99992 -1.09708e-05
16.1 -2.99991 -2.99992 -1.10434e-05
16.2 -2.99992 -2.99993 -1.11157e-05
16.3 -2.99992 -2.99993 -1.11878e-05
16.4 -2.99993 -2.99994 -1.12596e-05
16.5 -2.99993 -2.99994 -1.13312e-05
16.6 -2.99994 -2.99995 -1.14026e-05
16.7 -2.99994 -2.99995 -1.14738e-05
16.8 -2.99995 -2.99996 -1.15448e-05
16.9 -2.99995 -2.99996 -1.16156e-05
17 -2.99995 -2.99996 -1.16863e-05
17.1 -2.99996 -2.99997 -1.17568e-05
17.2 -2.99996 -2.99997 -1.18273e-05
17.3 -2.99996 -2.99997 -1.18975e-05
17.4 -2.99996 -2.99997 -1.19677e-05
17.5 -2.99996 -2.99998 -1.20378e-05
17.6 -2.99997 -2.99998 -1.21078e-05
17.7 -2.99997 -2.99998 -1.21777e-05
17.8 -2.99997 -2.99998 -1.22475e-05
17.9 -2.99997 -2.99998 -1.23173e-05
18 -2.99997 -2.99998 -1.23869e-05
18.1 -2.99997 -2.99999 -1.24565e-05
18.2 -2.99997 -2.99999 -1.25261e-05
18.3 -2.99998 -2.99999 -1.25956e-05
18.4 -2.99998 -2.99999 -1.2665e-05
18.5 -2.99998 -2.99999 -1.27344e-05
18.6 -2.99998 -2.99999 -1.28038e-05
18.7 -2.99998 -2.99999 -1.28731e-05
18.8 -2.99998 -2.99999 -1.29424e-05
18.9 -2.99998 -2.99999 -1.30117e-05
19 -2.99998 -2.99999 -1.30809e-05
19.1 -2.99998 -2.99999 -1.31501e-05
19.2 -2.99998 -2.99999 -1.32192e-05
19.3 -2.99998 -2.99999 -1.32884e-05
19.4 -2.99998 -3 -1.33575e-05
19.5 -2.99998 -3 -1.34266e-05
19.6 -2.99998 -3 -1.34957e-05
19.7 -2.99998 -3 -1.35648e-05
19.8 -2.99998 -3 -1.36338e-05
19.9 -2.99998 -3 -1.37028e-05
20 -2.99998 -3 -1.37719e-05
20.1 -2.99998 -3 -1.38409e-05
20.2 -2.99998 -3 -1.39099e-05
20.3 -2.99998 -3 -1.39789e-05
20.4 -2.99998 -3 -1.40478e-05
20.5 -2.99998 -3 -1.41168e-05
20.6 -2.99998 -3 -1.41858e-05
20.7 -2.99998 -3 -1.42547e-05
20.8 -2.99998 -3 -1.43237e-05
20.9 -2.99998 -3 -1.43926e-05
21 -2.99998 -3 -1.44616e-05
21.1 -2.99998 -3 -1.45305e-05
21.2 -2.99998 -3 -1.45994e-05
21.3 -2.99998 -3 -1.46683e-05
21.4 -2.99998 -3 -1.47372e-05
21.5 -2.99998 -3 -1.48062e-05
21.6 -2.99998 -3 -1.48751e-05
21.7 -2.99998 -3 -1.4944e-05
21.8 -2.99998 -3 -1.50129e-05
21.9 -2.99998 -3 -1.50818e-05
22 -2.99998 -3 -1.51507e-05
22.1 -2.99998 -3 -1.52196e-05
22.2 -2.99998 -3 -1.52885e-05
22.3 -2.99998 -3 -1.53574e-05
22.4 -2.99998 -3 -1.54263e-05
22.5 -2.99998 -3 -1.54951e-05
22.6 -2.99998 -3 -1.5564e-05
22.7 -2.99998 -3 -1.56329e-05
22.8 -2.99998 -3 -1.57018e-05
22.9 -2.99998 -3 -1.57707e-05
23 -2.99998 -3 -1.58396e-05
23.1 -2.99998 -3 -1.59084e-05
23.2 -2.99998 -3 -1.59773e-05
23.3 -2.99998 -3 -1.60462e-05
23.4 -2.99998 -3 -1.61151e-05
23.5 -2.99998 -3 -1.6184e-05
23.6 -2.99998 -3 -1.62528e-05
23.7 -2.99998 -3 -1.63217e-05
23.8 -2.99998 -3 -1.63906e-05
23.9 -2.99998 -3 -1.64595e-05
24 -2.99998 -3 -1.65283e-05
24.1 -2.99998 -3 -1.65972e-05
24.2 -2.99998 -3 -1.66661e-05
24.3 -2.99998 -3 -1.6735e-05
24.4 -2.99998 -3 -1.68038e-05
24.5 -2.99998 -3 -1.68727e-05
24.6 -2.99998 -3 -1.69416e-05
24.7 -2.99998 -3 -1.70105e-05
24.8 -2.99998 -3 -1.70793e-05
24.9 -2.99998 -3 -1.71482e-05
25 -2.99998 -3 -1.72171e-05
25.1 -2.99998 -3 -1.72859e-05
25.2 -2.99998 -3 -1.73548e-05
25.3 -2.99998 -3 -1.74237e-05
25.4 -2.99998 -3 -1.74926e-05
25.5 -2.99998 -3 -1.75614e-05
25.6 -2.99998 -3 -1.76303e-05
25.7 -2.99998 -3 -1.76992e-05
25.8 -2.99998 -3 -1.77681e-05
25.9 -2.99998 -3 -1.78369e-05
26 -2.99998 -3 -1.79058e-05
26.1 -2.99998 -3 -1.79747e-05
26.2 -2.99998 -3 -1.80435e-05
26.3 -2.99998 -3 -1.81124e-05
26.4 -2.99998 -3 -1.81813e-05
26.5 -2.99998 -3 -1.82501e-05
26.6 -2.99998 -3 -1.8319e-05
26.7 -2.99998 -3 -1.83879e-05
26.8 -2.99998 -3 -1.84568e-05
26.9 -2.99998 -3 -1.85256e-05
27 -2.99998 -3 -1.85945e-05
27.1 -2.99998 -3 -1.86634e-05
27.2 -2.99998 -3 -1.87322e-05
27.3 -2.99998 -3 -1.88011e-05
27.4 -2.99998 -3 -1.887e-05
27.5 -2.99998 -3 -1.89389e-05
27.6 -2.99998 -3 -1.90077e-05
27.7 -2.99998 -3 -1.90766e-05
27.8 -2.99998 -3 -1.91455e-05
27.9 -2.99998 -3 -1.92143e-05
28 -2.99998 -3 -1.92832e-05
28.1 -2.99998 -3 -1.93521e-05
28.2 -2.99998 -3 -1.9421e-05
28.3 -2.99998 -3 -1.94898e-05
28.4 -2.99998 -3 -1.95587e-05
28.5 -2.99998 -3 -1.96276e-05
28.6 -2.99998 -3 -1.96964e-05
28.7 -2.99998 -3 -1.97653e-05
28.8 -2.99998 -3 -1.98342e-05
28.9 -2.99998 -3 -1.9903e-05
29 -2.99998 -3 -1.99719e-05
29.1 -2.99998 -3 -2.00408e-05
29.2 -2.99998 -3 -2.01097e-05
29.3 -2.99998 -3 -2.01785e-05
29.4 -2.99998 -3 -2.02474e-05
29.5 -2.99998 -3 -2.03163e-05
29.6 -2.99998 -3 -2.03851e-05
29.7 -2.99998 -3 -2.0454e-05
29.8 -2.99998 -3 -2.05229e-05
