0 0 0 0
0.01 -0.0075 -0.0075 4.33681e-19
0.02 -0.015 -0.015 6.11744e-12
0.03 -0.0225 -0.0225 2.42356e-11
0.04 -0.03 -0.03 5.99986e-11
0.05 -0.0375 -0.0375 1.1882e-10
0.06 -0.045 -0.045 2.05885e-10
0.07 -0.0525 -0.0525 3.26162e-10
0.08 -0.06 -0.06 4.84402e-10
0.09 -0.0675 -0.0675 6.85147e-10
0.1 -0.0749999 -0.0749999 9.32738e-10
0.11 -0.0824999 -0.0824999 1.23131e-09
0.12 -0.0899999 -0.0899999 1.58482e-09
0.13 -0.0974998 -0.0974998 1.99702e-09
0.14 -0.105 -0.105 2.47148e-09
0.15 -0.1125 -0.1125 3.0116e-09
0.16 -0.119999 -0.119999 3.62061e-09
0.17 -0.127499 -0.127499 4.30156e-09
0.18 -0.134999 -0.134999 5.05734e-09
0.19 -0.142499 -0.142499 5.89067e-09
0.2 -0.149998 -0.149998 6.80413e-09
0.21 -0.157498 -0.157498 7.80013e-09
0.22 -0.164997 -0.164997 8.88097e-09
0.23 -0.172497 -0.172497 1.00488e-08
0.24 -0.179996 -0.179996 1.13055e-08
0.25 -0.187495 -0.187495 1.2653e-08
0.26 -0.194994 -0.194994 1.40931e-08
0.27 -0.202493 -0.202493 1.56273e-08
0.28 -0.209991 -0.209991 1.72571e-08
0.29 -0.217489 -0.217489 1.89839e-08
0.3 -0.224988 -0.224988 2.08088e-08
0.31 -0.232485 -0.232485 2.2733e-08
0.32 -0.239983 -0.239983 2.47576e-08
0.33 -0.24748 -0.24748 2.68834e-08
0.34 -0.254977 -0.254977 2.91113e-08
0.35 -0.262474 -0.262474 3.14418e-08
0.36 -0.26997 -0.26997 3.38758e-08
0.37 -0.277466 -0.277466 3.64135e-08
0.38 -0.284962 -0.284961 3.90556e-08
0.39 -0.292456 -0.292456 4.18022e-08
0.4 -0.299951 -0.299951 4.46537e-08
0.41 -0.307445 -0.307445 4.76103e-08
0.42 -0.314938 -0.314938 5.06719e-08
0.43 -0.322431 -0.322431 5.38386e-08
0.44 -0.329923 -0.329923 5.71103e-08
0.45 -0.337414 -0.337414 6.0487e-08
0.46 -0.344905 -0.344905 6.39683e-08
0.47 -0.352395 -0.352395 6.75541e-08
0.48 -0.359884 -0.359884 7.12439e-08
0.49 -0.367372 -0.367372 7.50373e-08
0.5 -0.37486 -0.374859 7.8934e-08
0.51 -0.382346 -0.382346 8.29333e-08
0.52 -0.389831 -0.389831 8.70347e-08
0.53 -0.397316 -0.397316 9.12375e-08
0.54 -0.404799 -0.404799 9.55411e-08
0.55 -0.412281 -0.412281 9.99448e-08
0.56 -0.419762 -0.419762 1.04448e-07
0.57 -0.427242 -0.427241 1.09049e-07
0.58 -0.43472 -0.43472 1.13748e-07
0.59 -0.442197 -0.442197 1.18543e-07
0.6 -0.449672 -0.449672 1.23434e-07
0.61 -0.457147 -0.457146 1.2842e-07
0.62 -0.464619 -0.464619 1.335e-07
0.63 -0.47209 -0.47209 1.38672e-07
0.64 -0.479559 -0.479559 1.43935e-07
0.65 -0.487027 -0.487027 1.49289e-07
0.66 -0.494493 -0.494492 1.54732e-07
0.67 -0.501956 -0.501956 1.60263e-07
0.68 -0.509418 -0.509418 1.6588e-07
0.69 -0.516878 -0.516878 1.71584e-07
0.7 -0.524336 -0.524336 1.77371e-07
0.71 -0.531792 -0.531792 1.83241e-07
0.72 -0.539246 -0.539245 1.89193e-07
0.73 -0.546697 -0.546697 1.95225e-07
0.74 -0.554146 -0.554146 2.01336e-07
0.75 -0.561592 -0.561592 2.07525e-07
0.76 -0.569036 -0.569036 2.13789e-07
0.77 -0.576478 -0.576478 2.20129e-07
0.78 -0.583917 -0.583917 2.26541e-07
0.79 -0.591353 -0.591353 2.33026e-07
0.8 -0.598786 -0.598786 2.39581e-07
0.81 -0.606217 -0.606216 2.46204e-07
0.82 -0.613644 -0.613644 2.52895e-07
0.83 -0.621069 -0.621068 2.59653e-07
0.84 -0.62849 -0.62849 2.66474e-07
0.85 -0.635908 -0.635908 2.73358e-07
0.86 -0.643323 -0.643323 2.80304e-07
0.87 -0.650735 -0.650734 2.8731e-07
0.88 -0.658143 -0.658142 2.94374e-07
0.89 -0.665547 -0.665547 3.01495e-07
0.9 -0.672948 -0.672948 3.08671e-07
0.91 -0.680345 -0.680345 3.15901e-07
0.92 -0.687739 -0.687738 3.23183e-07
0.93 -0.695128 -0.695128 3.30516e-07
0.94 -0.702514 -0.702513 3.37897e-07
0.95 -0.709895 -0.709895 3.45327e-07
0.96 -0.717273 -0.717272 3.52802e-07
0.97 -0.724646 -0.724645 3.60322e-07
0.98 -0.732015 -0.732014 3.67885e-07
0.99 -0.739379 -0.739379 3.75489e-07
1 -0.746739 -0.746738 3.83133e-07
1.01 -0.754094 -0.754094 3.90816e-07
1.02 -0.761445 -0.761444 3.98535e-07
1.03 -0.76879 -0.76879 4.06289e-07
1.04 -0.776131 -0.776131 4.14078e-07
1.05 -0.783467 -0.783467 4.21898e-07
1.06 -0.790798 -0.790798 4.29749e-07
1.07 -0.798124 -0.798124 4.3763e-07
1.08 -0.805445 -0.805444 4.45538e-07
1.09 -0.81276 -0.812759 4.53472e-07
1.1 -0.820069 -0.820069 4.61431e-07
1.11 -0.827374 -0.827373 4.69413e-07
1.12 -0.834672 -0.834672 4.77417e-07
1.13 -0.841965 -0.841964 4.85442e-07
1.14 -0.849252 -0.849251 4.93485e-07
1.15 -0.856533 -0.856532 5.01546e-07
1.16 -0.863808 -0.863807 5.09623e-07
1.17 -0.871077 -0.871076 5.17714e-07
1.18 -0.878339 -0.878339 5.25819e-07
1.19 -0.885596 -0.885595 5.33935e-07
1.2 -0.892846 -0.892845 5.42062e-07
1.21 -0.900089 -0.900089 5.50198e-07
1.22 -0.907326 -0.907326 5.58342e-07
1.23 -0.914556 -0.914556 5.66491e-07
1.24 -0.92178 -0.921779 5.74646e-07
1.25 -0.928996 -0.928996 5.82805e-07
1.26 -0.936206 -0.936205 5.90966e-07
1.27 -0.943408 -0.943407 5.99127e-07
1.28 -0.950603 -0.950603 6.07289e-07
1.29 -0.957791 -0.957791 6.15449e-07
1.3 -0.964972 -0.964971 6.23606e-07
1.31 -0.972145 -0.972144 6.31759e-07
1.32 -0.97931 -0.97931 6.39907e-07
1.33 -0.986468 -0.986467 6.48049e-07
1.34 -0.993618 -0.993617 6.56182e-07
1.35 -1.00076 -1.00076 6.64307e-07
1.36 -1.00789 -1.00789 6.72422e-07
1.37 -1.01502 -1.01502 6.80525e-07
1.38 -1.02214 -1.02214 6.88616e-07
1.39 -1.02925 -1.02925 6.96693e-07
1.4 -1.03635 -1.03635 7.04756e-07
1.41 -1.04344 -1.04344 7.12802e-07
1.42 -1.05053 -1.05053 7.20832e-07
1.43 -1.0576 -1.0576 7.28844e-07
1.44 -1.06467 -1.06467 7.36837e-07
1.45 -1.07173 -1.07173 7.44809e-07
1.46 -1.07878 -1.07878 7.52761e-07
1.47 -1.08582 -1.08582 7.6069e-07
1.48 -1.09285 -1.09285 7.68596e-07
1.49 -1.09987 -1.09987 7.76478e-07
1.5 -1.10688 -1.10688 7.84335e-07
1.51 -1.11388 -1.11388 7.92165e-07
1.52 -1.12088 -1.12088 7.99968e-07
1.53 -1.12786 -1.12786 8.07744e-07
1.54 -1.13484 -1.13483 8.1549e-07
1.55 -1.1418 -1.1418 8.23207e-07
1.56 -1.14875 -1.14875 8.30893e-07
1.57 -1.1557 -1.1557 8.38547e-07
1.58 -1.16263 -1.16263 8.46168e-07
1.59 -1.16956 -1.16956 8.53757e-07
1.6 -1.17647 -1.17647 8.61311e-07
1.61 -1.18338 -1.18337 8.6883e-07
1.62 -1.19027 -1.19027 8.76313e-07
1.63 -1.19715 -1.19715 8.8376e-07
1.64 -1.20402 -1.20402 8.9117e-07
1.65 -1.21088 -1.21088 8.98541e-07
1.66 -1.21774 -1.21773 9.05873e-07
1.67 -1.22458 -1.22457 9.13166e-07
1.68 -1.2314 -1.2314 9.20419e-07
1.69 -1.23822 -1.23822 9.2763e-07
1.7 -1.24503 -1.24503 9.348e-07
1.71 -1.25182 -1.25182 9.41927e-07
1.72 -1.25861 -1.25861 9.49012e-07
1.73 -1.26538 -1.26538 9.56052e-07
1.74 -1.27214 -1.27214 9.63049e-07
1.75 -1.27889 -1.27889 9.7e-07
1.76 -1.28563 -1.28563 9.76906e-07
1.77 -1.29236 -1.29236 9.83766e-07
1.78 -1.29907 -1.29907 9.90579e-07
1.79 -1.30577 -1.30577 9.97345e-07
1.8 -1.31246 -1.31246 1.00406e-06
1.81 -1.31914 -1.31914 1.01073e-06
1.82 -1.32581 -1.32581 1.01735e-06
1.83 -1.33246 -1.33246 1.02392e-06
1.84 -1.33911 -1.33911 1.03045e-06
1.85 -1.34574 -1.34573 1.03692e-06
1.86 -1.35235 -1.35235 1.04334e-06
1.87 -1.35896 -1.35896 1.04971e-06
1.88 -1.36555 -1.36555 1.05602e-06
1.89 -1.37213 -1.37213 1.06229e-06
1.9 -1.3787 -1.37869 1.0685e-06
1.91 -1.38525 -1.38525 1.07466e-06
1.92 -1.39179 -1.39179 1.08077e-06
1.93 -1.39832 -1.39832 1.08682e-06
1.94 -1.40483 -1.40483 1.09282e-06
1.95 -1.41134 -1.41133 1.09876e-06
1.96 -1.41782 -1.41782 1.10465e-06
1.97 -1.4243 -1.4243 1.11048e-06
1.98 -1.43076 -1.43076 1.11626e-06
1.99 -1.43721 -1.43721 1.12199e-06
2 -1.44365 -1.44364 1.12765e-06
2.01 -1.45007 -1.45007 1.13326e-06
2.02 -1.45648 -1.45647 1.13882e-06
2.03 -1.46287 -1.46287 1.14431e-06
2.04 -1.46925 -1.46925 1.14975e-06
2.05 -1.47562 -1.47562 1.15513e-06
2.06 -1.48197 -1.48197 1.16046e-06
2.07 -1.48831 -1.48831 1.16572e-06
2.08 -1.49463 -1.49463 1.17093e-06
2.09 -1.50095 -1.50094 1.17608e-06
2.1 -1.50724 -1.50724 1.18117e-06
2.11 -1.51352 -1.51352 1.18621e-06
2.12 -1.51979 -1.51979 1.19118e-06
2.13 -1.52605 -1.52605 1.19609e-06
2.14 -1.53229 -1.53229 1.20095e-06
2.15 -1.53851 -1.53851 1.20575e-06
2.16 -1.54472 -1.54472 1.21048e-06
2.17 -1.55092 -1.55092 1.21516e-06
2.18 -1.5571 -1.5571 1.21978e-06
2.19 -1.56327 -1.56327 1.22434e-06
2.2 -1.56942 -1.56942 1.22884e-06
2.21 -1.57556 -1.57556 1.23327e-06
2.22 -1.58168 -1.58168 1.23765e-06
2.23 -1.58779 -1.58779 1.24197e-06
2.24 -1.59388 -1.59388 1.24623e-06
2.25 -1.59996 -1.59996 1.25043e-06
2.26 -1.60603 -1.60602 1.25456e-06
2.27 -1.61207 -1.61207 1.25864e-06
2.28 -1.61811 -1.61811 1.26266e-06
2.29 -1.62412 -1.62412 1.26662e-06
2.3 -1.63013 -1.63013 1.27051e-06
2.31 -1.63611 -1.63611 1.27435e-06
2.32 -1.64209 -1.64209 1.27813e-06
2.33 -1.64804 -1.64804 1.28184e-06
2.34 -1.65399 -1.65398 1.2855e-06
2.35 -1.65991 -1.65991 1.28909e-06
2.36 -1.66582 -1.66582 1.29263e-06
2.37 -1.67172 -1.67172 1.2961e-06
2.38 -1.6776 -1.67759 1.29952e-06
2.39 -1.68346 -1.68346 1.30287e-06
2.4 -1.68931 -1.68931 1.30617e-06
2.41 -1.69514 -1.69514 1.3094e-06
2.42 -1.70096 -1.70096 1.31258e-06
2.43 -1.70676 -1.70676 1.31569e-06
2.44 -1.71254 -1.71254 1.31875e-06
2.45 -1.71831 -1.71831 1.32175e-06
2.46 -1.72407 -1.72407 1.32468e-06
2.47 -1.72981 -1.7298 1.32756e-06
2.48 -1.73553 -1.73553 1.33038e-06
2.49 -1.74123 -1.74123 1.33314e-06
2.5 -1.74692 -1.74692 1.33584e-06
2.51 -1.7526 -1.75259 1.33848e-06
2.52 -1.75825 -1.75825 1.34107e-06
2.53 -1.7639 -1.76389 1.34359e-06
2.54 -1.76952 -1.76952 1.34606e-06
2.55 -1.77513 -1.77513 1.34847e-06
2.56 -1.78072 -1.78072 1.35082e-06
2.57 -1.7863 -1.7863 1.35311e-06
2.58 -1.79186 -1.79186 1.35534e-06
2.59 -1.79741 -1.7974 1.35752e-06
2.6 -1.80293 -1.80293 1.35964e-06
2.61 -1.80845 -1.80844 1.3617e-06
2.62 -1.81394 -1.81394 1.36371e-06
2.63 -1.81942 -1.81942 1.36566e-06
2.64 -1.82488 -1.82488 1.36755e-06
2.65 -1.83033 -1.83033 1.36939e-06
2.66 -1.83576 -1.83576 1.37117e-06
2.67 -1.84117 -1.84117 1.37289e-06
2.68 -1.84657 -1.84657 1.37456e-06
2.69 -1.85195 -1.85195 1.37617e-06
2.7 -1.85731 -1.85731 1.37773e-06
2.71 -1.86266 -1.86266 1.37923e-06
2.72 -1.86799 -1.86799 1.38068e-06
2.73 -1.87331 -1.87331 1.38207e-06
2.74 -1.8786 -1.8786 1.38341e-06
2.75 -1.88389 -1.88388 1.3847e-06
2.76 -1.88915 -1.88915 1.38593e-06
2.77 -1.8944 -1.8944 1.38711e-06
2.78 -1.89963 -1.89963 1.38823e-06
2.79 -1.90484 -1.90484 1.3893e-06
2.8 -1.91004 -1.91004 1.39032e-06
2.81 -1.91522 -1.91522 1.39129e-06
2.82 -1.92039 -1.92039 1.3922e-06
2.83 -1.92554 -1.92553 1.39307e-06
2.84 -1.93067 -1.93066 1.39388e-06
2.85 -1.93578 -1.93578 1.39464e-06
2.86 -1.94088 -1.94088 1.39534e-06
2.87 -1.94596 -1.94596 1.396e-06
2.88 -1.95102 -1.95102 1.39661e-06
2.89 -1.95607 -1.95607 1.39716e-06
2.9 -1.9611 -1.9611 1.39767e-06
2.91 -1.96611 -1.96611 1.39813e-06
2.92 -1.97111 -1.97111 1.39853e-06
2.93 -1.97609 -1.97609 1.39889e-06
2.94 -1.98106 -1.98105 1.3992e-06
2.95 -1.986 -1.986 1.39946e-06
2.96 -1.99093 -1.99093 1.39967e-06
2.97 -1.99585 -1.99584 1.39984e-06
2.98 -2.00074 -2.00074 1.39995e-06
2.99 -2.00562 -2.00562 1.40002e-06
3 -2.01048 -2.01048 1.40005e-06
3.01 -2.01533 -2.01533 1.40002e-06
3.02 -2.02016 -2.02016 1.39995e-06
3.03 -2.02497 -2.02497 1.39984e-06
3.04 -2.02977 -2.02976 1.39967e-06
3.05 -2.03454 -2.03454 1.39947e-06
3.06 -2.03931 -2.03931 1.39921e-06
3.07 -2.04405 -2.04405 1.39892e-06
3.08 -2.04878 -2.04878 1.39857e-06
3.09 -2.05349 -2.05349 1.39819e-06
3.1 -2.05819 -2.05818 1.39776e-06
3.11 -2.06286 -2.06286 1.39728e-06
3.12 -2.06752 -2.06752 1.39677e-06
3.13 -2.07217 -2.07217 1.39621e-06
3.14 -2.0768 -2.0768 1.39561e-06
3.15 -2.08141 -2.08141 1.39496e-06
3.16 -2.086 -2.086 1.39428e-06
3.17 -2.09058 -2.09058 1.39355e-06
3.18 -2.09514 -2.09514 1.39278e-06
3.19 -2.09968 -2.09968 1.39197e-06
3.2 -2.10421 -2.10421 1.39112e-06
3.21 -2.10872 -2.10872 1.39023e-06
3.22 -2.11322 -2.11321 1.3893e-06
3.23 -2.11769 -2.11769 1.38833e-06
3.24 -2.12215 -2.12215 1.38732e-06
3.25 -2.1266 -2.1266 1.38627e-06
3.26 -2.13102 -2.13102 1.38519e-06
3.27 -2.13544 -2.13543 1.38406e-06
3.28 -2.13983 -2.13983 1.3829e-06
3.29 -2.14421 -2.14421 1.3817e-06
3.3 -2.14857 -2.14857 1.38046e-06
3.31 -2.15291 -2.15291 1.37919e-06
3.32 -2.15724 -2.15724 1.37788e-06
3.33 -2.16155 -2.16155 1.37653e-06
3.34 -2.16585 -2.16584 1.37515e-06
3.35 -2.17012 -2.17012 1.37373e-06
3.36 -2.17438 -2.17438 1.37227e-06
3.37 -2.17863 -2.17863 1.37078e-06
3.38 -2.18286 -2.18286 1.36926e-06
3.39 -2.18707 -2.18707 1.3677e-06
3.4 -2.19127 -2.19127 1.36611e-06
3.41 -2.19545 -2.19545 1.36449e-06
3.42 -2.19961 -2.19961 1.36283e-06
3.43 -2.20376 -2.20375 1.36114e-06
3.44 -2.20789 -2.20789 1.35941e-06
3.45 -2.212 -2.212 1.35766e-06
3.46 -2.2161 -2.2161 1.35587e-06
3.47 -2.22018 -2.22018 1.35405e-06
3.48 -2.22425 -2.22424 1.3522e-06
3.49 -2.22829 -2.22829 1.35032e-06
3.5 -2.23233 -2.23233 1.34841e-06
3.51 -2.23634 -2.23634 1.34646e-06
3.52 -2.24034 -2.24034 1.34449e-06
3.53 -2.24433 -2.24433 1.34249e-06
3.54 -2.2483 -2.2483 1.34046e-06
3.55 -2.25225 -2.25225 1.3384e-06
3.56 -2.25619 -2.25618 1.33631e-06
3.57 -2.26011 -2.2601 1.33419e-06
3.58 -2.26401 -2.26401 1.33205e-06
3.59 -2.2679 -2.2679 1.32987e-06
3.6 -2.27177 -2.27177 1.32767e-06
3.61 -2.27563 -2.27562 1.32545e-06
3.62 -2.27947 -2.27946 1.32319e-06
3.63 -2.28329 -2.28329 1.32091e-06
3.64 -2.2871 -2.2871 1.3186e-06
3.65 -2.29089 -2.29089 1.31627e-06
3.66 -2.29467 -2.29467 1.31391e-06
3.67 -2.29843 -2.29843 1.31153e-06
3.68 -2.30217 -2.30217 1.30912e-06
3.69 -2.3059 -2.3059 1.30669e-06
3.7 -2.30962 -2.30962 1.30423e-06
3.71 -2.31332 -2.31332 1.30175e-06
3.72 -2.317 -2.317 1.29925e-06
3.73 -2.32067 -2.32067 1.29672e-06
3.74 -2.32432 -2.32432 1.29417e-06
3.75 -2.32795 -2.32795 1.2916e-06
3.76 -2.33157 -2.33157 1.289e-06
3.77 -2.33518 -2.33518 1.28638e-06
3.78 -2.33877 -2.33877 1.28375e-06
3.79 -2.34234 -2.34234 1.28108e-06
3.8 -2.3459 -2.3459 1.2784e-06
3.81 -2.34945 -2.34944 1.2757e-06
3.82 -2.35297 -2.35297 1.27298e-06
3.83 -2.35649 -2.35649 1.27023e-06
3.84 -2.35998 -2.35998 1.26747e-06
3.85 -2.36347 -2.36347 1.26468e-06
3.86 -2.36693 -2.36693 1.26188e-06
3.87 -2.37039 -2.37038 1.25906e-06
3.88 -2.37382 -2.37382 1.25622e-06
3.89 -2.37725 -2.37724 1.25336e-06
3.9 -2.38065 -2.38065 1.25048e-06
3.91 -2.38404 -2.38404 1.24758e-06
3.92 -2.38742 -2.38742 1.24467e-06
3.93 -2.39078 -2.39078 1.24174e-06
3.94 -2.39413 -2.39413 1.23879e-06
3.95 -2.39746 -2.39746 1.23582e-06
3.96 -2.40078 -2.40078 1.23284e-06
3.97 -2.40408 -2.40408 1.22984e-06
3.98 -2.40737 -2.40737 1.22683e-06
3.99 -2.41064 -2.41064 1.2238e-06
4 -2.4139 -2.4139 1.22075e-06
4.01 -2.41714 -2.41714 1.21769e-06
4.02 -2.42037 -2.42037 1.21462e-06
4.03 -2.42359 -2.42359 1.21153e-06
4.04 -2.42679 -2.42679 1.20842e-06
4.05 -2.42997 -2.42997 1.2053e-06
4.06 -2.43314 -2.43314 1.20217e-06
4.07 -2.4363 -2.4363 1.19902e-06
4.08 -2.43944 -2.43944 1.19586e-06
4.09 -2.44257 -2.44257 1.19269e-06
4.1 -2.44568 -2.44568 1.1895e-06
4.11 -2.44878 -2.44878 1.1863e-06
4.12 -2.45187 -2.45187 1.18309e-06
4.13 -2.45494 -2.45494 1.17987e-06
4.14 -2.458 -2.458 1.17663e-06
4.15 -2.46104 -2.46104 1.17338e-06
4.16 -2.46407 -2.46407 1.17012e-06
4.17 -2.46708 -2.46708 1.16685e-06
4.18 -2.47008 -2.47008 1.16357e-06
4.19 -2.47307 -2.47307 1.16028e-06
4.2 -2.47604 -2.47604 1.15698e-06
4.21 -2.479 -2.479 1.15367e-06
4.22 -2.48194 -2.48194 1.15035e-06
4.23 -2.48487 -2.48487 1.14701e-06
4.24 -2.48779 -2.48779 1.14367e-06
4.25 -2.4907 -2.49069 1.14032e-06
4.26 -2.49359 -2.49358 1.13696e-06
4.27 -2.49646 -2.49646 1.13359e-06
4.28 -2.49932 -2.49932 1.13021e-06
4.29 -2.50217 -2.50217 1.12683e-06
4.3 -2.50501 -2.50501 1.12343e-06
4.31 -2.50783 -2.50783 1.12003e-06
4.32 -2.51064 -2.51064 1.11662e-06
4.33 -2.51343 -2.51343 1.11321e-06
4.34 -2.51622 -2.51621 1.10978e-06
4.35 -2.51898 -2.51898 1.10635e-06
4.36 -2.52174 -2.52174 1.10291e-06
4.37 -2.52448 -2.52448 1.09946e-06
4.38 -2.52721 -2.52721 1.09601e-06
4.39 -2.52992 -2.52992 1.09256e-06
4.4 -2.53263 -2.53263 1.08909e-06
4.41 -2.53532 -2.53532 1.08562e-06
4.42 -2.53799 -2.53799 1.08215e-06
4.43 -2.54066 -2.54066 1.07866e-06
4.44 -2.54331 -2.54331 1.07518e-06
4.45 -2.54594 -2.54594 1.07169e-06
4.46 -2.54857 -2.54857 1.06819e-06
4.47 -2.55118 -2.55118 1.06469e-06
4.48 -2.55378 -2.55378 1.06118e-06
4.49 -2.55637 -2.55636 1.05767e-06
4.5 -2.55894 -2.55894 1.05416e-06
4.51 -2.5615 -2.5615 1.05064e-06
4.52 -2.56405 -2.56405 1.04712e-06
4.53 -2.56658 -2.56658 1.0436e-06
4.54 -2.56911 -2.56911 1.04007e-06
4.55 -2.57162 -2.57162 1.03654e-06
4.56 -2.57412 -2.57412 1.033e-06
4.57 -2.5766 -2.5766 1.02947e-06
4.58 -2.57908 -2.57907 1.02593e-06
4.59 -2.58154 -2.58154 1.02238e-06
4.6 -2.58399 -2.58398 1.01884e-06
4.61 -2.58642 -2.58642 1.01529e-06
4.62 -2.58885 -2.58885 1.01174e-06
4.63 -2.59126 -2.59126 1.00819e-06
4.64 -2.59366 -2.59366 1.00464e-06
4.65 -2.59605 -2.59605 1.00109e-06
4.66 -2.59842 -2.59842 9.97533e-07
4.67 -2.60079 -2.60079 9.93977e-07
4.68 -2.60314 -2.60314 9.9042e-07
4.69 -2.60548 -2.60548 9.86863e-07
4.7 -2.60781 -2.60781 9.83304e-07
4.71 -2.61013 -2.61012 9.79746e-07
4.72 -2.61243 -2.61243 9.76186e-07
4.73 -2.61472 -2.61472 9.72627e-07
4.74 -2.61701 -2.617 9.69068e-07
4.75 -2.61928 -2.61927 9.65508e-07
4.76 -2.62153 -2.62153 9.6195e-07
4.77 -2.62378 -2.62378 9.58391e-07
4.78 -2.62602 -2.62602 9.54833e-07
4.79 -2.62824 -2.62824 9.51276e-07
4.8 -2.63045 -2.63045 9.47719e-07
4.81 -2.63265 -2.63265 9.44164e-07
4.82 -2.63484 -2.63484 9.40609e-07
4.83 -2.63702 -2.63702 9.37056e-07
4.84 -2.63919 -2.63919 9.33505e-07
4.85 -2.64134 -2.64134 9.29955e-07
4.86 -2.64349 -2.64349 9.26406e-07
4.87 -2.64562 -2.64562 9.22859e-07
4.88 -2.64775 -2.64774 9.19315e-07
4.89 -2.64986 -2.64986 9.15772e-07
4.9 -2.65196 -2.65196 9.12232e-07
4.91 -2.65405 -2.65405 9.08693e-07
4.92 -2.65613 -2.65613 9.05158e-07
4.93 -2.65819 -2.65819 9.01625e-07
4.94 -2.66025 -2.66025 8.98094e-07
4.95 -2.6623 -2.6623 8.94566e-07
4.96 -2.66433 -2.66433 8.91042e-07
4.97 -2.66636 -2.66636 8.8752e-07
4.98 -2.66837 -2.66837 8.84002e-07
4.99 -2.67038 -2.67037 8.80486e-07
5 -2.67237 -2.67237 8.76975e-07
5.01 -2.67435 -2.67435 8.73466e-07
5.02 -2.67632 -2.67632 8.69962e-07
5.03 -2.67828 -2.67828 8.66461e-07
5.04 -2.68024 -2.68023 8.62964e-07
5.05 -2.68218 -2.68218 8.5947e-07
5.06 -2.68411 -2.68411 8.55981e-07
5.07 -2.68603 -2.68603 8.52496e-07
5.08 -2.68794 -2.68794 8.49016e-07
5.09 -2.68984 -2.68984 8.45539e-07
5.1 -2.69173 -2.69172 8.42067e-07
5.11 -2.69361 -2.6936 8.386e-07
5.12 -2.69547 -2.69547 8.35138e-07
5.13 -2.69733 -2.69733 8.3168e-07
5.14 -2.69918 -2.69918 8.28227e-07
5.15 -2.70102 -2.70102 8.24779e-07
5.16 -2.70285 -2.70285 8.21336e-07
5.17 -2.70467 -2.70467 8.17898e-07
5.18 -2.70648 -2.70648 8.14465e-07
5.19 -2.70828 -2.70828 8.11038e-07
5.2 -2.71007 -2.71007 8.07616e-07
5.21 -2.71185 -2.71185 8.042e-07
5.22 -2.71362 -2.71362 8.00789e-07
5.23 -2.71539 -2.71538 7.97384e-07
5.24 -2.71714 -2.71714 7.93984e-07
5.25 -2.71888 -2.71888 7.90591e-07
5.26 -2.72061 -2.72061 7.87203e-07
5.27 -2.72234 -2.72233 7.83821e-07
5.28 -2.72405 -2.72405 7.80446e-07
5.29 -2.72575 -2.72575 7.77076e-07
5.3 -2.72745 -2.72745 7.73713e-07
5.31 -2.72914 -2.72913 7.70356e-07
5.32 -2.73081 -2.73081 7.67006e-07
5.33 -2.73248 -2.73248 7.63662e-07
5.34 -2.73414 -2.73414 7.60324e-07
5.35 -2.73579 -2.73579 7.56994e-07
5.36 -2.73743 -2.73743 7.53669e-07
5.37 -2.73906 -2.73906 7.50352e-07
5.38 -2.74068 -2.74068 7.47041e-07
5.39 -2.74229 -2.74229 7.43738e-07
5.4 -2.7439 -2.7439 7.40441e-07
5.41 -2.74549 -2.74549 7.37151e-07
5.42 -2.74708 -2.74708 7.33868e-07
5.43 -2.74866 -2.74866 7.30593e-07
5.44 -2.75023 -2.75022 7.27324e-07
5.45 -2.75179 -2.75178 7.24063e-07
5.46 -2.75334 -2.75334 7.20809e-07
5.47 -2.75488 -2.75488 7.17563e-07
5.48 -2.75641 -2.75641 7.14324e-07
5.49 -2.75794 -2.75794 7.11093e-07
5.5 -2.75946 -2.75946 7.07869e-07
5.51 -2.76096 -2.76096 7.04652e-07
5.52 -2.76246 -2.76246 7.01444e-07
5.53 -2.76396 -2.76396 6.98243e-07
5.54 -2.76544 -2.76544 6.9505e-07
5.55 -2.76691 -2.76691 6.91864e-07
5.56 -2.76838 -2.76838 6.88687e-07
5.57 -2.76984 -2.76984 6.85517e-07
5.58 -2.77129 -2.77129 6.82356e-07
5.59 -2.77273 -2.77273 6.79202e-07
5.6 -2.77416 -2.77416 6.76057e-07
5.61 -2.77559 -2.77559 6.72919e-07
5.62 -2.77701 -2.77701 6.6979e-07
5.63 -2.77842 -2.77842 6.66669e-07
5.64 -2.77982 -2.77982 6.63556e-07
5.65 -2.78121 -2.78121 6.60452e-07
5.66 -2.7826 -2.7826 6.57356e-07
5.67 -2.78398 -2.78398 6.54268e-07
5.68 -2.78535 -2.78534 6.51188e-07
5.69 -2.78671 -2.78671 6.48117e-07
5.7 -2.78806 -2.78806 6.45055e-07
5.71 -2.78941 -2.78941 6.42001e-07
5.72 -2.79075 -2.79075 6.38956e-07
5.73 -2.79208 -2.79208 6.35919e-07
5.74 -2.7934 -2.7934 6.32891e-07
5.75 -2.79472 -2.79472 6.29871e-07
5.76 -2.79603 -2.79603 6.2686e-07
5.77 -2.79733 -2.79733 6.23858e-07
5.78 -2.79862 -2.79862 6.20865e-07
5.79 -2.79991 -2.79991 6.17881e-07
5.8 -2.80118 -2.80118 6.14905e-07
5.81 -2.80246 -2.80245 6.11938e-07
5.82 -2.80372 -2.80372 6.0898e-07
5.83 -2.80498 -2.80497 6.06031e-07
5.84 -2.80622 -2.80622 6.03091e-07
5.85 -2.80747 -2.80747 6.0016e-07
5.86 -2.8087 -2.8087 5.97238e-07
5.87 -2.80993 -2.80993 5.94325e-07
5.88 -2.81115 -2.81115 5.9142e-07
5.89 -2.81236 -2.81236 5.88525e-07
5.9 -2.81357 -2.81357 5.85639e-07
5.91 -2.81477 -2.81477 5.82763e-07
5.92 -2.81596 -2.81596 5.79895e-07
5.93 -2.81714 -2.81714 5.77036e-07
5.94 -2.81832 -2.81832 5.74187e-07
5.95 -2.81949 -2.81949 5.71347e-07
5.96 -2.82066 -2.82066 5.68516e-07
5.97 -2.82182 -2.82182 5.65694e-07
5.98 -2.82297 -2.82297 5.62882e-07
5.99 -2.82411 -2.82411 5.60078e-07
6 -2.82525 -2.82525 5.57284e-07
6.01 -2.82638 -2.82638 5.545e-07
6.02 -2.8275 -2.8275 5.51724e-07
6.03 -2.82862 -2.82862 5.48958e-07
6.04 -2.82973 -2.82973 5.46202e-07
6.05 -2.83084 -2.83084 5.43454e-07
6.06 -2.83193 -2.83193 5.40716e-07
6.07 -2.83302 -2.83302 5.37988e-07
6.08 -2.83411 -2.83411 5.35268e-07
6.09 -2.83519 -2.83519 5.32559e-07
6.1 -2.83626 -2.83626 5.29858e-07
6.11 -2.83733 -2.83732 5.27167e-07
6.12 -2.83838 -2.83838 5.24486e-07
6.13 -2.83944 -2.83944 5.21814e-07
6.14 -2.84048 -2.84048 5.19151e-07
6.15 -2.84152 -2.84152 5.16498e-07
6.16 -2.84256 -2.84256 5.13854e-07
6.17 -2.84359 -2.84359 5.1122e-07
6.18 -2.84461 -2.84461 5.08595e-07
6.19 -2.84562 -2.84562 5.0598e-07
6.2 -2.84663 -2.84663 5.03374e-07
6.21 -2.84764 -2.84764 5.00777e-07
6.22 -2.84864 -2.84864 4.9819e-07
6.23 -2.84963 -2.84963 4.95613e-07
6.24 -2.85061 -2.85061 4.93045e-07
6.25 -2.85159 -2.85159 4.90487e-07
6.26 -2.85257 -2.85257 4.87938e-07
6.27 -2.85354 -2.85353 4.85399e-07
6.28 -2.8545 -2.8545 4.82869e-07
6.29 -2.85545 -2.85545 4.80348e-07
6.3 -2.8564 -2.8564 4.77838e-07
6.31 -2.85735 -2.85735 4.75336e-07
6.32 -2.85829 -2.85829 4.72845e-07
6.33 -2.85922 -2.85922 4.70362e-07
6.34 -2.86015 -2.86015 4.67889e-07
6.35 -2.86107 -2.86107 4.65426e-07
6.36 -2.86199 -2.86199 4.62972e-07
6.37 -2.8629 -2.8629 4.60528e-07
6.38 -2.86381 -2.86381 4.58093e-07
6.39 -2.86471 -2.86471 4.55668e-07
6.4 -2.8656 -2.8656 4.53252e-07
6.41 -2.86649 -2.86649 4.50846e-07
6.42 -2.86737 -2.86737 4.48449e-07
6.43 -2.86825 -2.86825 4.46061e-07
6.44 -2.86912 -2.86912 4.43684e-07
6.45 -2.86999 -2.86999 4.41315e-07
6.46 -2.87085 -2.87085 4.38956e-07
6.47 -2.87171 -2.87171 4.36606e-07
6.48 -2.87256 -2.87256 4.34266e-07
6.49 -2.87341 -2.87341 4.31936e-07
6.5 -2.87425 -2.87425 4.29614e-07
6.51 -2.87509 -2.87509 4.27302e-07
6.52 -2.87592 -2.87592 4.25e-07
6.53 -2.87675 -2.87674 4.22707e-07
6.54 -2.87757 -2.87757 4.20423e-07
6.55 -2.87838 -2.87838 4.18149e-07
6.56 -2.87919 -2.87919 4.15884e-07
6.57 -2.88 -2.88 4.13629e-07
6.58 -2.8808 -2.8808 4.11382e-07
6.59 -2.8816 -2.8816 4.09145e-07
6.6 -2.88239 -2.88239 4.06918e-07
6.61 -2.88317 -2.88317 4.047e-07
6.62 -2.88395 -2.88395 4.02491e-07
6.63 -2.88473 -2.88473 4.00291e-07
6.64 -2.8855 -2.8855 3.98101e-07
6.65 -2.88627 -2.88627 3.9592e-07
6.66 -2.88703 -2.88703 3.93748e-07
6.67 -2.88779 -2.88779 3.91585e-07
6.68 -2.88854 -2.88854 3.89432e-07
6.69 -2.88929 -2.88929 3.87288e-07
6.7 -2.89003 -2.89003 3.85153e-07
6.71 -2.89077 -2.89077 3.83027e-07
6.72 -2.89151 -2.89151 3.8091e-07
6.73 -2.89224 -2.89224 3.78803e-07
6.74 -2.89296 -2.89296 3.76705e-07
6.75 -2.89368 -2.89368 3.74615e-07
6.76 -2.8944 -2.8944 3.72535e-07
6.77 -2.89511 -2.89511 3.70464e-07
6.78 -2.89582 -2.89582 3.68402e-07
6.79 -2.89652 -2.89652 3.6635e-07
6.8 -2.89722 -2.89722 3.64306e-07
6.81 -2.89791 -2.89791 3.62271e-07
6.82 -2.8986 -2.8986 3.60245e-07
6.83 -2.89929 -2.89928 3.58228e-07
6.84 -2.89997 -2.89997 3.56221e-07
6.85 -2.90064 -2.90064 3.54222e-07
6.86 -2.90132 -2.90131 3.52232e-07
6.87 -2.90198 -2.90198 3.50251e-07
6.88 -2.90265 -2.90265 3.48279e-07
6.89 -2.90331 -2.90331 3.46315e-07
6.9 -2.90396 -2.90396 3.44361e-07
6.91 -2.90461 -2.90461 3.42416e-07
6.92 -2.90526 -2.90526 3.40479e-07
6.93 -2.9059 -2.9059 3.38551e-07
6.94 -2.90654 -2.90654 3.36632e-07
6.95 -2.90718 -2.90718 3.34722e-07
6.96 -2.90781 -2.90781 3.3282e-07
6.97 -2.90844 -2.90844 3.30927e-07
6.98 -2.90906 -2.90906 3.29043e-07
6.99 -2.90968 -2.90968 3.27168e-07
7 -2.91029 -2.91029 3.25301e-07
7.01 -2.91091 -2.9109 3.23443e-07
7.02 -2.91151 -2.91151 3.21593e-07
7.03 -2.91212 -2.91212 3.19752e-07
7.04 -2.91272 -2.91272 3.1792e-07
7.05 -2.91331 -2.91331 3.16096e-07
7.06 -2.9139 -2.9139 3.14281e-07
7.07 -2.91449 -2.91449 3.12474e-07
7.08 -2.91508 -2.91508 3.10676e-07
7.09 -2.91566 -2.91566 3.08886e-07
7.1 -2.91623 -2.91623 3.07105e-07
7.11 -2.91681 -2.91681 3.05332e-07
7.12 -2.91738 -2.91738 3.03567e-07
7.13 -2.91794 -2.91794 3.01811e-07
7.14 -2.91851 -2.91851 3.00063e-07
7.15 -2.91907 -2.91906 2.98324e-07
7.16 -2.91962 -2.91962 2.96593e-07
7.17 -2.92017 -2.92017 2.9487e-07
7.18 -2.92072 -2.92072 2.93155e-07
7.19 -2.92126 -2.92126 2.91449e-07
7.2 -2.92181 -2.92181 2.89751e-07
7.21 -2.92234 -2.92234 2.88061e-07
7.22 -2.92288 -2.92288 2.86379e-07
7.23 -2.92341 -2.92341 2.84706e-07
7.24 -2.92394 -2.92394 2.8304e-07
7.25 -2.92446 -2.92446 2.81383e-07
7.26 -2.92498 -2.92498 2.79734e-07
7.27 -2.9255 -2.9255 2.78093e-07
7.28 -2.92601 -2.92601 2.7646e-07
7.29 -2.92652 -2.92652 2.74834e-07
7.3 -2.92703 -2.92703 2.73217e-07
7.31 -2.92753 -2.92753 2.71608e-07
7.32 -2.92803 -2.92803 2.70007e-07
7.33 -2.92853 -2.92853 2.68413e-07
7.34 -2.92902 -2.92902 2.66828e-07
7.35 -2.92952 -2.92952 2.6525e-07
7.36 -2.93 -2.93 2.6368e-07
7.37 -2.93049 -2.93049 2.62118e-07
7.38 -2.93097 -2.93097 2.60564e-07
7.39 -2.93145 -2.93145 2.59018e-07
7.4 -2.93192 -2.93192 2.57479e-07
7.41 -2.9324 -2.9324 2.55948e-07
7.42 -2.93286 -2.93286 2.54425e-07
7.43 -2.93333 -2.93333 2.52909e-07
7.44 -2.93379 -2.93379 2.51401e-07
7.45 -2.93425 -2.93425 2.49901e-07
7.46 -2.93471 -2.93471 2.48408e-07
7.47 -2.93516 -2.93516 2.46922e-07
7.48 -2.93561 -2.93561 2.45445e-07
7.49 -2.93606 -2.93606 2.43974e-07
7.5 -2.93651 -2.93651 2.42512e-07
7.51 -2.93695 -2.93695 2.41056e-07
7.52 -2.93739 -2.93739 2.39608e-07
7.53 -2.93783 -2.93783 2.38168e-07
7.54 -2.93826 -2.93826 2.36735e-07
7.55 -2.93869 -2.93869 2.35309e-07
7.56 -2.93912 -2.93912 2.33891e-07
7.57 -2.93954 -2.93954 2.32479e-07
7.58 -2.93996 -2.93996 2.31076e-07
7.59 -2.94038 -2.94038 2.29679e-07
7.6 -2.9408 -2.9408 2.2829e-07
7.61 -2.94121 -2.94121 2.26907e-07
7.62 -2.94163 -2.94163 2.25532e-07
7.63 -2.94203 -2.94203 2.24164e-07
7.64 -2.94244 -2.94244 2.22804e-07
7.65 -2.94284 -2.94284 2.2145e-07
7.66 -2.94324 -2.94324 2.20103e-07
7.67 -2.94364 -2.94364 2.18764e-07
7.68 -2.94404 -2.94404 2.17431e-07
7.69 -2.94443 -2.94443 2.16106e-07
7.7 -2.94482 -2.94482 2.14787e-07
7.71 -2.94521 -2.94521 2.13475e-07
7.72 -2.94559 -2.94559 2.1217e-07
7.73 -2.94597 -2.94597 2.10873e-07
7.74 -2.94635 -2.94635 2.09581e-07
7.75 -2.94673 -2.94673 2.08297e-07
7.76 -2.9471 -2.9471 2.0702e-07
7.77 -2.94748 -2.94748 2.05749e-07
7.78 -2.94785 -2.94785 2.04485e-07
7.79 -2.94821 -2.94821 2.03228e-07
7.8 -2.94858 -2.94858 2.01978e-07
7.81 -2.94894 -2.94894 2.00734e-07
7.82 -2.9493 -2.9493 1.99497e-07
7.83 -2.94966 -2.94966 1.98266e-07
7.84 -2.95001 -2.95001 1.97042e-07
7.85 -2.95037 -2.95037 1.95825e-07
7.86 -2.95072 -2.95072 1.94614e-07
7.87 -2.95107 -2.95106 1.9341e-07
7.88 -2.95141 -2.95141 1.92212e-07
7.89 -2.95175 -2.95175 1.9102e-07
7.9 -2.9521 -2.9521 1.89836e-07
7.91 -2.95243 -2.95243 1.88657e-07
7.92 -2.95277 -2.95277 1.87485e-07
7.93 -2.95311 -2.95311 1.86319e-07
7.94 -2.95344 -2.95344 1.8516e-07
7.95 -2.95377 -2.95377 1.84006e-07
7.96 -2.95409 -2.95409 1.8286e-07
7.97 -2.95442 -2.95442 1.81719e-07
7.98 -2.95474 -2.95474 1.80585e-07
7.99 -2.95506 -2.95506 1.79456e-07
8 -2.95538 -2.95538 1.78334e-07
8.01 -2.9557 -2.9557 1.77219e-07
8.02 -2.95602 -2.95601 1.76109e-07
8.03 -2.95633 -2.95633 1.75005e-07
8.04 -2.95664 -2.95664 1.73908e-07
8.05 -2.95695 -2.95695 1.72816e-07
8.06 -2.95725 -2.95725 1.71731e-07
8.07 -2.95756 -2.95756 1.70651e-07
8.08 -2.95786 -2.95786 1.69578e-07
8.09 -2.95816 -2.95816 1.6851e-07
8.1 -2.95846 -2.95846 1.67448e-07
8.11 -2.95875 -2.95875 1.66393e-07
8.12 -2.95905 -2.95905 1.65343e-07
8.13 -2.95934 -2.95934 1.64299e-07
8.14 -2.95963 -2.95963 1.6326e-07
8.15 -2.95992 -2.95992 1.62228e-07
8.16 -2.9602 -2.9602 1.61201e-07
8.17 -2.96049 -2.96049 1.6018e-07
8.18 -2.96077 -2.96077 1.59165e-07
8.19 -2.96105 -2.96105 1.58155e-07
8.2 -2.96133 -2.96133 1.57152e-07
8.21 -2.96161 -2.96161 1.56153e-07
8.22 -2.96188 -2.96188 1.55161e-07
8.23 -2.96215 -2.96215 1.54174e-07
8.24 -2.96242 -2.96242 1.53192e-07
8.25 -2.96269 -2.96269 1.52216e-07
8.26 -2.96296 -2.96296 1.51246e-07
8.27 -2.96323 -2.96323 1.50281e-07
8.28 -2.96349 -2.96349 1.49322e-07
8.29 -2.96375 -2.96375 1.48368e-07
8.3 -2.96401 -2.96401 1.47419e-07
8.31 -2.96427 -2.96427 1.46476e-07
8.32 -2.96453 -2.96453 1.45538e-07
8.33 -2.96478 -2.96478 1.44605e-07
8.34 -2.96503 -2.96503 1.43678e-07
8.35 -2.96528 -2.96528 1.42756e-07
8.36 -2.96553 -2.96553 1.4184e-07
8.37 -2.96578 -2.96578 1.40928e-07
8.38 -2.96603 -2.96603 1.40022e-07
8.39 -2.96627 -2.96627 1.39121e-07
8.4 -2.96652 -2.96652 1.38225e-07
8.41 -2.96676 -2.96676 1.37335e-07
8.42 -2.967 -2.967 1.36449e-07
8.43 -2.96723 -2.96723 1.35569e-07
8.44 -2.96747 -2.96747 1.34693e-07
8.45 -2.9677 -2.9677 1.33823e-07
8.46 -2.96794 -2.96794 1.32958e-07
8.47 -2.96817 -2.96817 1.32098e-07
8.48 -2.9684 -2.9684 1.31242e-07
8.49 -2.96863 -2.96863 1.30392e-07
8.5 -2.96885 -2.96885 1.29547e-07
8.51 -2.96908 -2.96908 1.28706e-07
8.52 -2.9693 -2.9693 1.2787e-07
8.53 -2.96952 -2.96952 1.2704e-07
8.54 -2.96974 -2.96974 1.26214e-07
8.55 -2.96996 -2.96996 1.25393e-07
8.56 -2.97018 -2.97018 1.24576e-07
8.57 -2.9704 -2.9704 1.23765e-07
8.58 -2.97061 -2.97061 1.22958e-07
8.59 -2.97082 -2.97082 1.22156e-07
8.6 -2.97104 -2.97104 1.21359e-07
8.61 -2.97125 -2.97125 1.20566e-07
8.62 -2.97145 -2.97145 1.19778e-07
8.63 -2.97166 -2.97166 1.18995e-07
8.64 -2.97187 -2.97187 1.18216e-07
8.65 -2.97207 -2.97207 1.17442e-07
8.66 -2.97227 -2.97227 1.16672e-07
8.67 -2.97247 -2.97247 1.15907e-07
8.68 -2.97267 -2.97267 1.15146e-07
8.69 -2.97287 -2.97287 1.1439e-07
8.7 -2.97307 -2.97307 1.13639e-07
8.71 -2.97327 -2.97327 1.12892e-07
8.72 -2.97346 -2.97346 1.12149e-07
8.73 -2.97365 -2.97365 1.11411e-07
8.74 -2.97385 -2.97385 1.10677e-07
8.75 -2.97404 -2.97404 1.09947e-07
8.76 -2.97423 -2.97423 1.09222e-07
8.77 -2.97441 -2.97441 1.08501e-07
8.78 -2.9746 -2.9746 1.07784e-07
8.79 -2.97478 -2.97478 1.07072e-07
8.8 -2.97497 -2.97497 1.06364e-07
8.81 -2.97515 -2.97515 1.0566e-07
8.82 -2.97533 -2.97533 1.0496e-07
8.83 -2.97551 -2.97551 1.04265e-07
8.84 -2.97569 -2.97569 1.03574e-07
8.85 -2.97587 -2.97587 1.02887e-07
8.86 -2.97605 -2.97605 1.02204e-07
8.87 -2.97622 -2.97622 1.01525e-07
8.88 -2.97639 -2.97639 1.0085e-07
8.89 -2.97657 -2.97657 1.00179e-07
8.9 -2.97674 -2.97674 9.95126e-08
8.91 -2.97691 -2.97691 9.88499e-08
8.92 -2.97708 -2.97708 9.81912e-08
8.93 -2.97725 -2.97725 9.75365e-08
8.94 -2.97741 -2.97741 9.68858e-08
8.95 -2.97758 -2.97758 9.6239e-08
8.96 -2.97774 -2.97774 9.55962e-08
8.97 -2.97791 -2.97791 9.49572e-08
8.98 -2.97807 -2.97807 9.43221e-08
8.99 -2.97823 -2.97823 9.36909e-08
9 -2.97839 -2.97839 9.30635e-08
9.01 -2.97855 -2.97855 9.24399e-08
9.02 -2.9787 -2.9787 9.18201e-08
9.03 -2.97886 -2.97886 9.12041e-08
9.04 -2.97902 -2.97902 9.05919e-08
9.05 -2.97917 -2.97917 8.99834e-08
9.06 -2.97932 -2.97932 8.93786e-08
9.07 -2.97948 -2.97948 8.87775e-08
9.08 -2.97963 -2.97963 8.81801e-08
9.09 -2.97978 -2.97978 8.75864e-08
9.1 -2.97992 -2.97992 8.69963e-08
9.11 -2.98007 -2.98007 8.64098e-08
9.12 -2.98022 -2.98022 8.58269e-08
9.13 -2.98037 -2.98037 8.52476e-08
9.14 -2.98051 -2.98051 8.46719e-08
9.15 -2.98065 -2.98065 8.40997e-08
9.16 -2.9808 -2.9808 8.3531e-08
9.17 -2.98094 -2.98094 8.29658e-08
9.18 -2.98108 -2.98108 8.24042e-08
9.19 -2.98122 -2.98122 8.1846e-08
9.2 -2.98136 -2.98136 8.12912e-08
9.21 -2.98149 -2.98149 8.07399e-08
9.22 -2.98163 -2.98163 8.0192e-08
9.23 -2.98177 -2.98177 7.96475e-08
9.24 -2.9819 -2.9819 7.91063e-08
9.25 -2.98204 -2.98204 7.85686e-08
9.26 -2.98217 -2.98217 7.80341e-08
9.27 -2.9823 -2.9823 7.7503e-08
9.28 -2.98243 -2.98243 7.69752e-08
9.29 -2.98256 -2.98256 7.64507e-08
9.3 -2.98269 -2.98269 7.59294e-08
9.31 -2.98282 -2.98282 7.54114e-08
9.32 -2.98295 -2.98295 7.48966e-08
9.33 -2.98307 -2.98307 7.4385e-08
9.34 -2.9832 -2.9832 7.38767e-08
9.35 -2.98332 -2.98332 7.33715e-08
9.36 -2.98345 -2.98345 7.28695e-08
9.37 -2.98357 -2.98357 7.23706e-08
9.38 -2.98369 -2.98369 7.18748e-08
9.39 -2.98381 -2.98381 7.13822e-08
9.4 -2.98393 -2.98393 7.08926e-08
9.41 -2.98405 -2.98405 7.04061e-08
9.42 -2.98417 -2.98417 6.99227e-08
9.43 -2.98429 -2.98429 6.94423e-08
9.44 -2.9844 -2.9844 6.89649e-08
9.45 -2.98452 -2.98452 6.84906e-08
9.46 -2.98463 -2.98463 6.80192e-08
9.47 -2.98475 -2.98475 6.75508e-08
9.48 -2.98486 -2.98486 6.70854e-08
9.49 -2.98498 -2.98498 6.66229e-08
9.5 -2.98509 -2.98509 6.61633e-08
9.51 -2.9852 -2.9852 6.57067e-08
9.52 -2.98531 -2.98531 6.52529e-08
9.53 -2.98542 -2.98542 6.4802e-08
9.54 -2.98553 -2.98553 6.4354e-08
9.55 -2.98563 -2.98563 6.39088e-08
9.56 -2.98574 -2.98574 6.34664e-08
9.57 -2.98585 -2.98585 6.30269e-08
9.58 -2.98595 -2.98595 6.25901e-08
9.59 -2.98606 -2.98606 6.21561e-08
9.6 -2.98616 -2.98616 6.17249e-08
9.61 -2.98627 -2.98627 6.12964e-08
9.62 -2.98637 -2.98637 6.08707e-08
9.63 -2.98647 -2.98647 6.04476e-08
9.64 -2.98657 -2.98657 6.00273e-08
9.65 -2.98667 -2.98667 5.96097e-08
9.66 -2.98677 -2.98677 5.91947e-08
9.67 -2.98687 -2.98687 5.87824e-08
9.68 -2.98697 -2.98697 5.83727e-08
9.69 -2.98707 -2.98707 5.79656e-08
9.7 -2.98716 -2.98716 5.75612e-08
9.71 -2.98726 -2.98726 5.71593e-08
9.72 -2.98735 -2.98735 5.67601e-08
9.73 -2.98745 -2.98745 5.63633e-08
9.74 -2.98754 -2.98754 5.59692e-08
9.75 -2.98764 -2.98764 5.55776e-08
9.76 -2.98773 -2.98773 5.51885e-08
9.77 -2.98782 -2.98782 5.48019e-08
9.78 -2.98791 -2.98791 5.44177e-08
9.79 -2.988 -2.988 5.40361e-08
9.8 -2.98809 -2.98809 5.36569e-08
9.81 -2.98818 -2.98818 5.32802e-08
9.82 -2.98827 -2.98827 5.29059e-08
9.83 -2.98836 -2.98836 5.25341e-08
9.84 -2.98845 -2.98845 5.21646e-08
9.85 -2.98853 -2.98853 5.17975e-08
9.86 -2.98862 -2.98862 5.14328e-08
9.87 -2.98871 -2.98871 5.10705e-08
9.88 -2.98879 -2.98879 5.07105e-08
9.89 -2.98887 -2.98887 5.03528e-08
9.9 -2.98896 -2.98896 4.99975e-08
9.91 -2.98904 -2.98904 4.96445e-08
9.92 -2.98912 -2.98912 4.92938e-08
9.93 -2.98921 -2.98921 4.89453e-08
9.94 -2.98929 -2.98929 4.85991e-08
9.95 -2.98937 -2.98937 4.82552e-08
9.96 -2.98945 -2.98945 4.79135e-08
9.97 -2.98953 -2.98953 4.75741e-08
9.98 -2.98961 -2.98961 4.72369e-08
9.99 -2.98968 -2.98968 4.69018e-08
10 -2.98976 -2.98976 4.6569e-08
10.01 -2.98984 -2.98984 4.62383e-08
10.02 -2.98992 -2.98992 4.59098e-08
10.03 -2.98999 -2.98999 4.55834e-08
10.04 -2.99007 -2.99007 4.52592e-08
10.05 -2.99014 -2.99014 4.49371e-08
10.06 -2.99022 -2.99022 4.46171e-08
10.07 -2.99029 -2.99029 4.42992e-08
10.08 -2.99036 -2.99036 4.39834e-08
10.09 -2.99044 -2.99044 4.36697e-08
10.1 -2.99051 -2.99051 4.3358e-08
10.11 -2.99058 -2.99058 4.30484e-08
10.12 -2.99065 -2.99065 4.27408e-08
10.13 -2.99072 -2.99072 4.24353e-08
10.14 -2.99079 -2.99079 4.21317e-08
10.15 -2.99086 -2.99086 4.18302e-08
10.16 -2.99093 -2.99093 4.15306e-08
10.17 -2.991 -2.991 4.1233e-08
10.18 -2.99107 -2.99107 4.09374e-08
10.19 -2.99114 -2.99114 4.06437e-08
10.2 -2.9912 -2.9912 4.0352e-08
10.21 -2.99127 -2.99127 4.00622e-08
10.22 -2.99134 -2.99134 3.97744e-08
10.23 -2.9914 -2.9914 3.94884e-08
10.24 -2.99147 -2.99147 3.92043e-08
10.25 -2.99153 -2.99153 3.89221e-08
10.26 -2.9916 -2.9916 3.86418e-08
10.27 -2.99166 -2.99166 3.83633e-08
10.28 -2.99172 -2.99172 3.80867e-08
10.29 -2.99179 -2.99179 3.78119e-08
10.3 -2.99185 -2.99185 3.7539e-08
10.31 -2.99191 -2.99191 3.72678e-08
10.32 -2.99197 -2.99197 3.69985e-08
10.33 -2.99203 -2.99203 3.6731e-08
10.34 -2.99209 -2.99209 3.64652e-08
10.35 -2.99215 -2.99215 3.62012e-08
10.36 -2.99221 -2.99221 3.5939e-08
10.37 -2.99227 -2.99227 3.56785e-08
10.38 -2.99233 -2.99233 3.54197e-08
10.39 -2.99239 -2.99239 3.51627e-08
10.4 -2.99245 -2.99245 3.49074e-08
10.41 -2.99251 -2.99251 3.46538e-08
10.42 -2.99256 -2.99256 3.44019e-08
10.43 -2.99262 -2.99262 3.41517e-08
10.44 -2.99268 -2.99268 3.39032e-08
10.45 -2.99273 -2.99273 3.36563e-08
10.46 -2.99279 -2.99279 3.34111e-08
10.47 -2.99284 -2.99284 3.31675e-08
10.48 -2.9929 -2.9929 3.29256e-08
10.49 -2.99295 -2.99295 3.26853e-08
10.5 -2.99301 -2.99301 3.24466e-08
10.51 -2.99306 -2.99306 3.22095e-08
10.52 -2.99311 -2.99311 3.1974e-08
10.53 -2.99316 -2.99316 3.17401e-08
10.54 -2.99322 -2.99322 3.15077e-08
10.55 -2.99327 -2.99327 3.12769e-08
10.56 -2.99332 -2.99332 3.10477e-08
10.57 -2.99337 -2.99337 3.082e-08
10.58 -2.99342 -2.99342 3.05939e-08
10.59 -2.99347 -2.99347 3.03693e-08
10.6 -2.99352 -2.99352 3.01462e-08
10.61 -2.99357 -2.99357 2.99246e-08
10.62 -2.99362 -2.99362 2.97045e-08
10.63 -2.99367 -2.99367 2.94858e-08
10.64 -2.99372 -2.99372 2.92687e-08
10.65 -2.99377 -2.99377 2.9053e-08
10.66 -2.99381 -2.99381 2.88388e-08
10.67 -2.99386 -2.99386 2.86261e-08
10.68 -2.99391 -2.99391 2.84148e-08
10.69 -2.99396 -2.99396 2.82049e-08
10.7 -2.994 -2.994 2.79964e-08
10.71 -2.99405 -2.99405 2.77894e-08
10.72 -2.99409 -2.99409 2.75837e-08
10.73 -2.99414 -2.99414 2.73795e-08
10.74 -2.99418 -2.99418 2.71766e-08
10.75 -2.99423 -2.99423 2.69752e-08
10.76 -2.99427 -2.99427 2.67751e-08
10.77 -2.99432 -2.99432 2.65763e-08
10.78 -2.99436 -2.99436 2.63789e-08
10.79 -2.9944 -2.9944 2.61829e-08
10.8 -2.99445 -2.99445 2.59882e-08
10.81 -2.99449 -2.99449 2.57948e-08
10.82 -2.99453 -2.99453 2.56027e-08
10.83 -2.99457 -2.99457 2.5412e-08
10.84 -2.99462 -2.99462 2.52225e-08
10.85 -2.99466 -2.99466 2.50344e-08
10.86 -2.9947 -2.9947 2.48475e-08
10.87 -2.99474 -2.99474 2.46619e-08
10.88 -2.99478 -2.99478 2.44776e-08
10.89 -2.99482 -2.99482 2.42945e-08
10.9 -2.99486 -2.99486 2.41127e-08
10.91 -2.9949 -2.9949 2.39322e-08
10.92 -2.99494 -2.99494 2.37528e-08
10.93 -2.99498 -2.99498 2.35747e-08
10.94 -2.99502 -2.99502 2.33979e-08
10.95 -2.99505 -2.99505 2.32222e-08
10.96 -2.99509 -2.99509 2.30477e-08
10.97 -2.99513 -2.99513 2.28745e-08
10.98 -2.99517 -2.99517 2.27024e-08
10.99 -2.99521 -2.99521 2.25315e-08
11 -2.99524 -2.99524 2.23618e-08
11.01 -2.99528 -2.99528 2.21933e-08
11.02 -2.99532 -2.99532 2.20259e-08
11.03 -2.99535 -2.99535 2.18596e-08
11.04 -2.99539 -2.99539 2.16946e-08
11.05 -2.99542 -2.99542 2.15306e-08
11.06 -2.99546 -2.99546 2.13678e-08
11.07 -2.99549 -2.99549 2.12061e-08
11.08 -2.99553 -2.99553 2.10455e-08
11.09 -2.99556 -2.99556 2.0886e-08
11.1 -2.9956 -2.9956 2.07277e-08
11.11 -2.99563 -2.99563 2.05704e-08
11.12 -2.99567 -2.99567 2.04142e-08
11.13 -2.9957 -2.9957 2.02591e-08
11.14 -2.99573 -2.99573 2.0105e-08
11.15 -2.99577 -2.99576 1.99521e-08
11.16 -2.9958 -2.9958 1.98002e-08
11.17 -2.99583 -2.99583 1.96493e-08
11.18 -2.99586 -2.99586 1.94995e-08
11.19 -2.99589 -2.99589 1.93507e-08
11.2 -2.99593 -2.99593 1.92029e-08
11.21 -2.99596 -2.99596 1.90562e-08
11.22 -2.99599 -2.99599 1.89105e-08
11.23 -2.99602 -2.99602 1.87658e-08
11.24 -2.99605 -2.99605 1.86221e-08
11.25 -2.99608 -2.99608 1.84795e-08
11.26 -2.99611 -2.99611 1.83378e-08
11.27 -2.99614 -2.99614 1.8197e-08
11.28 -2.99617 -2.99617 1.80573e-08
11.29 -2.9962 -2.9962 1.79185e-08
11.3 -2.99623 -2.99623 1.77807e-08
11.31 -2.99626 -2.99626 1.76439e-08
11.32 -2.99629 -2.99629 1.7508e-08
11.33 -2.99632 -2.99632 1.73731e-08
11.34 -2.99635 -2.99635 1.72391e-08
11.35 -2.99638 -2.99638 1.7106e-08
11.36 -2.9964 -2.9964 1.69739e-08
11.37 -2.99643 -2.99643 1.68427e-08
11.38 -2.99646 -2.99646 1.67124e-08
11.39 -2.99649 -2.99649 1.6583e-08
11.4 -2.99651 -2.99651 1.64545e-08
11.41 -2.99654 -2.99654 1.6327e-08
11.42 -2.99657 -2.99657 1.62003e-08
11.43 -2.9966 -2.9966 1.60745e-08
11.44 -2.99662 -2.99662 1.59495e-08
11.45 -2.99665 -2.99665 1.58255e-08
11.46 -2.99667 -2.99667 1.57023e-08
11.47 -2.9967 -2.9967 1.558e-08
11.48 -2.99673 -2.99673 1.54586e-08
11.49 -2.99675 -2.99675 1.53379e-08
11.5 -2.99678 -2.99678 1.52182e-08
11.51 -2.9968 -2.9968 1.50993e-08
11.52 -2.99683 -2.99683 1.49812e-08
11.53 -2.99685 -2.99685 1.48639e-08
11.54 -2.99688 -2.99688 1.47475e-08
11.55 -2.9969 -2.9969 1.46319e-08
11.56 -2.99692 -2.99692 1.45171e-08
11.57 -2.99695 -2.99695 1.44031e-08
11.58 -2.99697 -2.99697 1.42899e-08
11.59 -2.997 -2.997 1.41775e-08
11.6 -2.99702 -2.99702 1.40659e-08
11.61 -2.99704 -2.99704 1.39551e-08
11.62 -2.99707 -2.99707 1.38451e-08
11.63 -2.99709 -2.99709 1.37358e-08
11.64 -2.99711 -2.99711 1.36273e-08
11.65 -2.99713 -2.99713 1.35196e-08
11.66 -2.99716 -2.99716 1.34126e-08
11.67 -2.99718 -2.99718 1.33064e-08
11.68 -2.9972 -2.9972 1.32009e-08
11.69 -2.99722 -2.99722 1.30962e-08
11.7 -2.99724 -2.99724 1.29922e-08
11.71 -2.99727 -2.99727 1.2889e-08
11.72 -2.99729 -2.99729 1.27865e-08
11.73 -2.99731 -2.99731 1.26847e-08
11.74 -2.99733 -2.99733 1.25836e-08
11.75 -2.99735 -2.99735 1.24833e-08
11.76 -2.99737 -2.99737 1.23836e-08
11.77 -2.99739 -2.99739 1.22847e-08
11.78 -2.99741 -2.99741 1.21865e-08
11.79 -2.99743 -2.99743 1.20889e-08
11.8 -2.99745 -2.99745 1.19921e-08
11.81 -2.99747 -2.99747 1.18959e-08
11.82 -2.99749 -2.99749 1.18004e-08
11.83 -2.99751 -2.99751 1.17056e-08
11.84 -2.99753 -2.99753 1.16115e-08
11.85 -2.99755 -2.99755 1.15181e-08
11.86 -2.99757 -2.99757 1.14253e-08
11.87 -2.99759 -2.99759 1.13331e-08
11.88 -2.99761 -2.99761 1.12416e-08
11.89 -2.99763 -2.99763 1.11508e-08
11.9 -2.99765 -2.99765 1.10606e-08
11.91 -2.99766 -2.99766 1.09711e-08
11.92 -2.99768 -2.99768 1.08822e-08
11.93 -2.9977 -2.9977 1.07939e-08
11.94 -2.99772 -2.99772 1.07062e-08
11.95 -2.99774 -2.99774 1.06192e-08
11.96 -2.99776 -2.99776 1.05328e-08
11.97 -2.99777 -2.99777 1.0447e-08
11.98 -2.99779 -2.99779 1.03619e-08
11.99 -2.99781 -2.99781 1.02773e-08
12 -2.99782 -2.99782 1.01933e-08
12.01 -2.99784 -2.99784 1.011e-08
12.02 -2.99786 -2.99786 1.00272e-08
12.03 -2.99788 -2.99788 9.94501e-09
12.04 -2.99789 -2.99789 9.86342e-09
12.05 -2.99791 -2.99791 9.78241e-09
12.06 -2.99793 -2.99793 9.70197e-09
12.07 -2.99794 -2.99794 9.62212e-09
12.08 -2.99796 -2.99796 9.54283e-09
12.09 -2.99797 -2.99797 9.46411e-09
12.1 -2.99799 -2.99799 9.38596e-09
12.11 -2.99801 -2.99801 9.30836e-09
12.12 -2.99802 -2.99802 9.23132e-09
12.13 -2.99804 -2.99804 9.15483e-09
12.14 -2.99805 -2.99805 9.07889e-09
12.15 -2.99807 -2.99807 9.00349e-09
12.16 -2.99808 -2.99808 8.92863e-09
12.17 -2.9981 -2.9981 8.85431e-09
12.18 -2.99811 -2.99811 8.78052e-09
12.19 -2.99813 -2.99813 8.70726e-09
12.2 -2.99814 -2.99814 8.63453e-09
12.21 -2.99816 -2.99816 8.56232e-09
12.22 -2.99817 -2.99817 8.49063e-09
12.23 -2.99819 -2.99819 8.41945e-09
12.24 -2.9982 -2.9982 8.34878e-09
12.25 -2.99822 -2.99822 8.27862e-09
12.26 -2.99823 -2.99823 8.20896e-09
12.27 -2.99824 -2.99824 8.13981e-09
12.28 -2.99826 -2.99826 8.07115e-09
12.29 -2.99827 -2.99827 8.00299e-09
12.3 -2.99829 -2.99829 7.93531e-09
12.31 -2.9983 -2.9983 7.86812e-09
12.32 -2.99831 -2.99831 7.80142e-09
12.33 -2.99833 -2.99833 7.7352e-09
12.34 -2.99834 -2.99834 7.66945e-09
12.35 -2.99835 -2.99835 7.60418e-09
12.36 -2.99837 -2.99836 7.53937e-09
12.37 -2.99838 -2.99838 7.47504e-09
12.38 -2.99839 -2.99839 7.41116e-09
12.39 -2.9984 -2.9984 7.34775e-09
12.4 -2.99842 -2.99842 7.2848e-09
12.41 -2.99843 -2.99843 7.2223e-09
12.42 -2.99844 -2.99844 7.16025e-09
12.43 -2.99845 -2.99845 7.09865e-09
12.44 -2.99847 -2.99847 7.03749e-09
12.45 -2.99848 -2.99848 6.97678e-09
12.46 -2.99849 -2.99849 6.9165e-09
12.47 -2.9985 -2.9985 6.85666e-09
12.48 -2.99851 -2.99851 6.79725e-09
12.49 -2.99853 -2.99853 6.73827e-09
12.5 -2.99854 -2.99854 6.67972e-09
12.51 -2.99855 -2.99855 6.62159e-09
12.52 -2.99856 -2.99856 6.56388e-09
12.53 -2.99857 -2.99857 6.50658e-09
12.54 -2.99858 -2.99858 6.44971e-09
12.55 -2.99859 -2.99859 6.39324e-09
12.56 -2.99861 -2.99861 6.33718e-09
12.57 -2.99862 -2.99862 6.28153e-09
12.58 -2.99863 -2.99863 6.22628e-09
12.59 -2.99864 -2.99864 6.17144e-09
12.6 -2.99865 -2.99865 6.11699e-09
12.61 -2.99866 -2.99866 6.06293e-09
12.62 -2.99867 -2.99867 6.00927e-09
12.63 -2.99868 -2.99868 5.95599e-09
12.64 -2.99869 -2.99869 5.9031e-09
12.65 -2.9987 -2.9987 5.8506e-09
12.66 -2.99871 -2.99871 5.79847e-09
12.67 -2.99872 -2.99872 5.74673e-09
12.68 -2.99873 -2.99873 5.69536e-09
12.69 -2.99874 -2.99874 5.64436e-09
12.7 -2.99875 -2.99875 5.59373e-09
12.71 -2.99876 -2.99876 5.54347e-09
12.72 -2.99877 -2.99877 5.49358e-09
12.73 -2.99878 -2.99878 5.44405e-09
12.74 -2.99879 -2.99879 5.39488e-09
12.75 -2.9988 -2.9988 5.34606e-09
12.76 -2.99881 -2.99881 5.2976e-09
12.77 -2.99882 -2.99882 5.24949e-09
12.78 -2.99883 -2.99883 5.20173e-09
12.79 -2.99884 -2.99884 5.15432e-09
12.8 -2.99885 -2.99885 5.10726e-09
12.81 -2.99886 -2.99886 5.06054e-09
12.82 -2.99887 -2.99887 5.01415e-09
12.83 -2.99888 -2.99888 4.96811e-09
12.84 -2.99889 -2.99889 4.9224e-09
12.85 -2.99889 -2.99889 4.87702e-09
12.86 -2.9989 -2.9989 4.83197e-09
12.87 -2.99891 -2.99891 4.78725e-09
12.88 -2.99892 -2.99892 4.74286e-09
12.89 -2.99893 -2.99893 4.69879e-09
12.9 -2.99894 -2.99894 4.65504e-09
12.91 -2.99895 -2.99895 4.61162e-09
12.92 -2.99895 -2.99895 4.5685e-09
12.93 -2.99896 -2.99896 4.52571e-09
12.94 -2.99897 -2.99897 4.48322e-09
12.95 -2.99898 -2.99898 4.44104e-09
12.96 -2.99899 -2.99899 4.39918e-09
12.97 -2.999 -2.999 4.35761e-09
12.98 -2.999 -2.999 4.31635e-09
12.99 -2.99901 -2.99901 4.27539e-09
13 -2.99902 -2.99902 4.23474e-09
13.01 -2.99903 -2.99903 4.19437e-09
13.02 -2.99904 -2.99904 4.15431e-09
13.03 -2.99904 -2.99904 4.11453e-09
13.04 -2.99905 -2.99905 4.07505e-09
13.05 -2.99906 -2.99906 4.03585e-09
13.06 -2.99907 -2.99907 3.99694e-09
13.07 -2.99907 -2.99907 3.95832e-09
13.08 -2.99908 -2.99908 3.91997e-09
13.09 -2.99909 -2.99909 3.88191e-09
13.1 -2.9991 -2.9991 3.84413e-09
13.11 -2.9991 -2.9991 3.80662e-09
13.12 -2.99911 -2.99911 3.76939e-09
13.13 -2.99912 -2.99912 3.73242e-09
13.14 -2.99912 -2.99912 3.69573e-09
13.15 -2.99913 -2.99913 3.65931e-09
13.16 -2.99914 -2.99914 3.62316e-09
13.17 -2.99915 -2.99915 3.58727e-09
13.18 -2.99915 -2.99915 3.55164e-09
13.19 -2.99916 -2.99916 3.51627e-09
13.2 -2.99917 -2.99917 3.48116e-09
13.21 -2.99917 -2.99917 3.44631e-09
13.22 -2.99918 -2.99918 3.41172e-09
13.23 -2.99919 -2.99919 3.37738e-09
13.24 -2.99919 -2.99919 3.34329e-09
13.25 -2.9992 -2.9992 3.30945e-09
13.26 -2.99921 -2.99921 3.27585e-09
13.27 -2.99921 -2.99921 3.24251e-09
13.28 -2.99922 -2.99922 3.2094e-09
13.29 -2.99922 -2.99922 3.17655e-09
13.3 -2.99923 -2.99923 3.14393e-09
13.31 -2.99924 -2.99924 3.11155e-09
13.32 -2.99924 -2.99924 3.07941e-09
13.33 -2.99925 -2.99925 3.0475e-09
13.34 -2.99925 -2.99925 3.01583e-09
13.35 -2.99926 -2.99926 2.98439e-09
13.36 -2.99927 -2.99927 2.95318e-09
13.37 -2.99927 -2.99927 2.9222e-09
13.38 -2.99928 -2.99928 2.89145e-09
13.39 -2.99928 -2.99928 2.86092e-09
13.4 -2.99929 -2.99929 2.83062e-09
13.41 -2.9993 -2.9993 2.80054e-09
13.42 -2.9993 -2.9993 2.77068e-09
13.43 -2.99931 -2.99931 2.74104e-09
13.44 -2.99931 -2.99931 2.71162e-09
13.45 -2.99932 -2.99932 2.68241e-09
13.46 -2.99932 -2.99932 2.65342e-09
13.47 -2.99933 -2.99933 2.62464e-09
13.48 -2.99933 -2.99933 2.59607e-09
13.49 -2.99934 -2.99934 2.56772e-09
13.5 -2.99935 -2.99935 2.53957e-09
13.51 -2.99935 -2.99935 2.51162e-09
13.52 -2.99936 -2.99936 2.48389e-09
13.53 -2.99936 -2.99936 2.45635e-09
13.54 -2.99937 -2.99937 2.42902e-09
13.55 -2.99937 -2.99937 2.40189e-09
13.56 -2.99938 -2.99938 2.37496e-09
13.57 -2.99938 -2.99938 2.34822e-09
13.58 -2.99939 -2.99939 2.32169e-09
13.59 -2.99939 -2.99939 2.29534e-09
13.6 -2.9994 -2.9994 2.2692e-09
13.61 -2.9994 -2.9994 2.24324e-09
13.62 -2.99941 -2.99941 2.21747e-09
13.63 -2.99941 -2.99941 2.1919e-09
13.64 -2.99942 -2.99942 2.16651e-09
13.65 -2.99942 -2.99942 2.14131e-09
13.66 -2.99942 -2.99942 2.11629e-09
13.67 -2.99943 -2.99943 2.09146e-09
13.68 -2.99943 -2.99943 2.06681e-09
13.69 -2.99944 -2.99944 2.04234e-09
13.7 -2.99944 -2.99944 2.01805e-09
13.71 -2.99945 -2.99945 1.99394e-09
13.72 -2.99945 -2.99945 1.97001e-09
13.73 -2.99946 -2.99946 1.94625e-09
13.74 -2.99946 -2.99946 1.92267e-09
13.75 -2.99947 -2.99947 1.89926e-09
13.76 -2.99947 -2.99947 1.87602e-09
13.77 -2.99947 -2.99947 1.85296e-09
13.78 -2.99948 -2.99948 1.83006e-09
13.79 -2.99948 -2.99948 1.80733e-09
13.8 -2.99949 -2.99949 1.78477e-09
13.81 -2.99949 -2.99949 1.76238e-09
13.82 -2.99949 -2.99949 1.74015e-09
13.83 -2.9995 -2.9995 1.71808e-09
13.84 -2.9995 -2.9995 1.69618e-09
13.85 -2.99951 -2.99951 1.67443e-09
13.86 -2.99951 -2.99951 1.65285e-09
13.87 -2.99952 -2.99952 1.63143e-09
13.88 -2.99952 -2.99952 1.61016e-09
13.89 -2.99952 -2.99952 1.58905e-09
13.9 -2.99953 -2.99953 1.56809e-09
13.91 -2.99953 -2.99953 1.54729e-09
13.92 -2.99953 -2.99953 1.52664e-09
13.93 -2.99954 -2.99954 1.50615e-09
13.94 -2.99954 -2.99954 1.4858e-09
13.95 -2.99955 -2.99955 1.4656e-09
13.96 -2.99955 -2.99955 1.44556e-09
13.97 -2.99955 -2.99955 1.42566e-09
13.98 -2.99956 -2.99956 1.4059e-09
13.99 -2.99956 -2.99956 1.38629e-09
14 -2.99956 -2.99956 1.36683e-09
14.01 -2.99957 -2.99957 1.34751e-09
14.02 -2.99957 -2.99957 1.32833e-09
14.03 -2.99957 -2.99957 1.30929e-09
14.04 -2.99958 -2.99958 1.29039e-09
14.05 -2.99958 -2.99958 1.27163e-09
14.06 -2.99958 -2.99958 1.25301e-09
14.07 -2.99959 -2.99959 1.23453e-09
14.08 -2.99959 -2.99959 1.21618e-09
14.09 -2.99959 -2.99959 1.19797e-09
14.1 -2.9996 -2.9996 1.17989e-09
14.11 -2.9996 -2.9996 1.16194e-09
14.12 -2.9996 -2.9996 1.14412e-09
14.13 -2.99961 -2.99961 1.12644e-09
14.14 -2.99961 -2.99961 1.10889e-09
14.15 -2.99961 -2.99961 1.09146e-09
14.16 -2.99962 -2.99962 1.07416e-09
14.17 -2.99962 -2.99962 1.05699e-09
14.18 -2.99962 -2.99962 1.03995e-09
14.19 -2.99963 -2.99963 1.02303e-09
14.2 -2.99963 -2.99963 1.00624e-09
14.21 -2.99963 -2.99963 9.89565e-10
14.22 -2.99964 -2.99964 9.73015e-10
14.23 -2.99964 -2.99964 9.56588e-10
14.24 -2.99964 -2.99964 9.40281e-10
14.25 -2.99964 -2.99964 9.24094e-10
14.26 -2.99965 -2.99965 9.08025e-10
14.27 -2.99965 -2.99965 8.92075e-10
14.28 -2.99965 -2.99965 8.76241e-10
14.29 -2.99966 -2.99966 8.60524e-10
14.3 -2.99966 -2.99966 8.44922e-10
14.31 -2.99966 -2.99966 8.29434e-10
14.32 -2.99966 -2.99966 8.1406e-10
14.33 -2.99967 -2.99967 7.98798e-10
14.34 -2.99967 -2.99967 7.83648e-10
14.35 -2.99967 -2.99967 7.68609e-10
14.36 -2.99968 -2.99968 7.5368e-10
14.37 -2.99968 -2.99968 7.3886e-10
14.38 -2.99968 -2.99968 7.24149e-10
14.39 -2.99968 -2.99968 7.09546e-10
14.4 -2.99969 -2.99969 6.9505e-10
14.41 -2.99969 -2.99969 6.8066e-10
14.42 -2.99969 -2.99969 6.66376e-10
14.43 -2.99969 -2.99969 6.52196e-10
14.44 -2.9997 -2.9997 6.3812e-10
14.45 -2.9997 -2.9997 6.24146e-10
14.46 -2.9997 -2.9997 6.10275e-10
14.47 -2.9997 -2.9997 5.96506e-10
14.48 -2.99971 -2.99971 5.82837e-10
14.49 -2.99971 -2.99971 5.69269e-10
14.5 -2.99971 -2.99971 5.55799e-10
14.51 -2.99971 -2.99971 5.42427e-10
14.52 -2.99972 -2.99972 5.29154e-10
14.53 -2.99972 -2.99972 5.15977e-10
14.54 -2.99972 -2.99972 5.02896e-10
14.55 -2.99972 -2.99972 4.89911e-10
14.56 -2.99972 -2.99972 4.7702e-10
14.57 -2.99973 -2.99973 4.64224e-10
14.58 -2.99973 -2.99973 4.51521e-10
14.59 -2.99973 -2.99973 4.38911e-10
14.6 -2.99973 -2.99973 4.26393e-10
14.61 -2.99974 -2.99974 4.13966e-10
14.62 -2.99974 -2.99974 4.0163e-10
14.63 -2.99974 -2.99974 3.89384e-10
14.64 -2.99974 -2.99974 3.77227e-10
14.65 -2.99974 -2.99974 3.65158e-10
14.66 -2.99975 -2.99975 3.53178e-10
14.67 -2.99975 -2.99975 3.41285e-10
14.68 -2.99975 -2.99975 3.29478e-10
14.69 -2.99975 -2.99975 3.17757e-10
14.7 -2.99975 -2.99975 3.06122e-10
14.71 -2.99976 -2.99976 2.94571e-10
14.72 -2.99976 -2.99976 2.83104e-10
14.73 -2.99976 -2.99976 2.7172e-10
14.74 -2.99976 -2.99976 2.60419e-10
14.75 -2.99976 -2.99976 2.492e-10
14.76 -2.99977 -2.99977 2.38063e-10
14.77 -2.99977 -2.99977 2.27007e-10
14.78 -2.99977 -2.99977 2.16031e-10
14.79 -2.99977 -2.99977 2.05135e-10
14.8 -2.99977 -2.99977 1.94318e-10
14.81 -2.99978 -2.99978 1.8358e-10
14.82 -2.99978 -2.99978 1.72919e-10
14.83 -2.99978 -2.99978 1.62336e-10
14.84 -2.99978 -2.99978 1.51829e-10
14.85 -2.99978 -2.99978 1.41399e-10
14.86 -2.99978 -2.99978 1.31044e-10
14.87 -2.99979 -2.99979 1.20764e-10
14.88 -2.99979 -2.99979 1.10558e-10
14.89 -2.99979 -2.99979 1.00426e-10
14.9 -2.99979 -2.99979 9.03675e-11
14.91 -2.99979 -2.99979 8.03817e-11
14.92 -2.99979 -2.99979 7.04679e-11
14.93 -2.9998 -2.9998 6.06256e-11
14.94 -2.9998 -2.9998 5.08545e-11
14.95 -2.9998 -2.9998 4.11539e-11
14.96 -2.9998 -2.9998 3.15233e-11
14.97 -2.9998 -2.9998 2.19619e-11
14.98 -2.9998 -2.9998 1.24694e-11
14.99 -2.99981 -2.99981 3.04551e-12
15 -2.99981 -2.99981 -6.31039e-12
15.01 -2.99981 -2.99981 -1.55989e-11
15.02 -2.99981 -2.99981 -2.48207e-11
15.03 -2.99981 -2.99981 -3.39762e-11
15.04 -2.99981 -2.99981 -4.30656e-11
15.05 -2.99982 -2.99982 -5.20897e-11
15.06 -2.99982 -2.99982 -6.1049e-11
15.07 -2.99982 -2.99982 -6.99438e-11
15.08 -2.99982 -2.99982 -7.87748e-11
15.09 -2.99982 -2.99982 -8.75422e-11
15.1 -2.99982 -2.99982 -9.62468e-11
15.11 -2.99982 -2.99982 -1.04889e-10
15.12 -2.99983 -2.99983 -1.1347e-10
15.13 -2.99983 -2.99983 -1.21989e-10
15.14 -2.99983 -2.99983 -1.30447e-10
15.15 -2.99983 -2.99983 -1.38844e-10
15.16 -2.99983 -2.99983 -1.47182e-10
15.17 -2.99983 -2.99983 -1.5546e-10
15.18 -2.99983 -2.99983 -1.63679e-10
15.19 -2.99984 -2.99984 -1.71839e-10
15.2 -2.99984 -2.99984 -1.79941e-10
15.21 -2.99984 -2.99984 -1.87985e-10
15.22 -2.99984 -2.99984 -1.95972e-10
15.23 -2.99984 -2.99984 -2.03902e-10
15.24 -2.99984 -2.99984 -2.11776e-10
15.25 -2.99984 -2.99984 -2.19593e-10
15.26 -2.99985 -2.99985 -2.27355e-10
15.27 -2.99985 -2.99985 -2.35061e-10
15.28 -2.99985 -2.99985 -2.42713e-10
15.29 -2.99985 -2.99985 -2.5031e-10
15.3 -2.99985 -2.99985 -2.57853e-10
15.31 -2.99985 -2.99985 -2.65343e-10
15.32 -2.99985 -2.99985 -2.72779e-10
15.33 -2.99985 -2.99985 -2.80163e-10
15.34 -2.99986 -2.99986 -2.87494e-10
15.35 -2.99986 -2.99986 -2.94774e-10
15.36 -2.99986 -2.99986 -3.02002e-10
15.37 -2.99986 -2.99986 -3.09179e-10
15.38 -2.99986 -2.99986 -3.16305e-10
15.39 -2.99986 -2.99986 -3.2338e-10
15.4 -2.99986 -2.99986 -3.30406e-10
15.41 -2.99986 -2.99986 -3.37382e-10
15.42 -2.99986 -2.99986 -3.44308e-10
15.43 -2.99987 -2.99987 -3.51186e-10
15.44 -2.99987 -2.99987 -3.58016e-10
15.45 -2.99987 -2.99987 -3.64798e-10
15.46 -2.99987 -2.99987 -3.71532e-10
15.47 -2.99987 -2.99987 -3.78218e-10
15.48 -2.99987 -2.99987 -3.84858e-10
15.49 -2.99987 -2.99987 -3.91451e-10
15.5 -2.99987 -2.99987 -3.97998e-10
15.51 -2.99987 -2.99987 -4.04498e-10
15.52 -2.99988 -2.99988 -4.10953e-10
15.53 -2.99988 -2.99988 -4.17363e-10
15.54 -2.99988 -2.99988 -4.23728e-10
15.55 -2.99988 -2.99988 -4.30048e-10
15.56 -2.99988 -2.99988 -4.36325e-10
15.57 -2.99988 -2.99988 -4.42557e-10
15.58 -2.99988 -2.99988 -4.48746e-10
15.59 -2.99988 -2.99988 -4.54892e-10
15.6 -2.99988 -2.99988 -4.60994e-10
15.61 -2.99988 -2.99988 -4.67055e-10
15.62 -2.99989 -2.99989 -4.73073e-10
15.63 -2.99989 -2.99989 -4.79049e-10
15.64 -2.99989 -2.99989 -4.84984e-10
15.65 -2.99989 -2.99989 -4.90878e-10
15.66 -2.99989 -2.99989 -4.96731e-10
15.67 -2.99989 -2.99989 -5.02544e-10
15.68 -2.99989 -2.99989 -5.08316e-10
15.69 -2.99989 -2.99989 -5.14049e-10
15.7 -2.99989 -2.99989 -5.19742e-10
15.71 -2.99989 -2.99989 -5.25395e-10
15.72 -2.99989 -2.99989 -5.3101e-10
15.73 -2.9999 -2.9999 -5.36586e-10
15.74 -2.9999 -2.9999 -5.42124e-10
15.75 -2.9999 -2.9999 -5.47623e-10
15.76 -2.9999 -2.9999 -5.53085e-10
15.77 -2.9999 -2.9999 -5.58509e-10
15.78 -2.9999 -2.9999 -5.63896e-10
15.79 -2.9999 -2.9999 -5.69246e-10
15.8 -2.9999 -2.9999 -5.74559e-10
15.81 -2.9999 -2.9999 -5.79836e-10
15.82 -2.9999 -2.9999 -5.85076e-10
15.83 -2.9999 -2.9999 -5.90281e-10
15.84 -2.9999 -2.9999 -5.9545e-10
15.85 -2.99991 -2.99991 -6.00584e-10
15.86 -2.99991 -2.99991 -6.05683e-10
15.87 -2.99991 -2.99991 -6.10747e-10
15.88 -2.99991 -2.99991 -6.15776e-10
15.89 -2.99991 -2.99991 -6.20771e-10
15.9 -2.99991 -2.99991 -6.25732e-10
15.91 -2.99991 -2.99991 -6.3066e-10
15.92 -2.99991 -2.99991 -6.35554e-10
15.93 -2.99991 -2.99991 -6.40415e-10
15.94 -2.99991 -2.99991 -6.45243e-10
15.95 -2.99991 -2.99991 -6.50038e-10
15.96 -2.99991 -2.99991 -6.54802e-10
15.97 -2.99991 -2.99991 -6.59533e-10
15.98 -2.99991 -2.99991 -6.64231e-10
15.99 -2.99992 -2.99992 -6.68899e-10
16 -2.99992 -2.99992 -6.73534e-10
16.01 -2.99992 -2.99992 -6.78139e-10
16.02 -2.99992 -2.99992 -6.82713e-10
16.03 -2.99992 -2.99992 -6.87256e-10
16.04 -2.99992 -2.99992 -6.91769e-10
16.05 -2.99992 -2.99992 -6.96251e-10
16.06 -2.99992 -2.99992 -7.00704e-10
16.07 -2.99992 -2.99992 -7.05127e-10
16.08 -2.99992 -2.99992 -7.09521e-10
16.09 -2.99992 -2.99992 -7.13885e-10
16.1 -2.99992 -2.99992 -7.18221e-10
16.11 -2.99992 -2.99992 -7.22528e-10
16.12 -2.99992 -2.99992 -7.26806e-10
16.13 -2.99992 -2.99992 -7.31056e-10
16.14 -2.99993 -2.99993 -7.35278e-10
16.15 -2.99993 -2.99993 -7.39472e-10
16.16 -2.99993 -2.99993 -7.43639e-10
16.17 -2.99993 -2.99993 -7.47777e-10
16.18 -2.99993 -2.99993 -7.51889e-10
16.19 -2.99993 -2.99993 -7.55973e-10
16.2 -2.99993 -2.99993 -7.60031e-10
16.21 -2.99993 -2.99993 -7.64062e-10
16.22 -2.99993 -2.99993 -7.68067e-10
16.23 -2.99993 -2.99993 -7.72046e-10
16.24 -2.99993 -2.99993 -7.75999e-10
16.25 -2.99993 -2.99993 -7.79926e-10
16.26 -2.99993 -2.99993 -7.83828e-10
16.27 -2.99993 -2.99993 -7.87704e-10
16.28 -2.99993 -2.99993 -7.91555e-10
16.29 -2.99993 -2.99993 -7.95381e-10
16.3 -2.99993 -2.99993 -7.99182e-10
16.31 -2.99994 -2.99994 -8.02958e-10
16.32 -2.99994 -2.99994 -8.0671e-10
16.33 -2.99994 -2.99994 -8.10438e-10
16.34 -2.99994 -2.99994 -8.14142e-10
16.35 -2.99994 -2.99994 -8.17822e-10
16.36 -2.99994 -2.99994 -8.21478e-10
16.37 -2.99994 -2.99994 -8.25111e-10
16.38 -2.99994 -2.99994 -8.28721e-10
16.39 -2.99994 -2.99994 -8.32307e-10
16.4 -2.99994 -2.99994 -8.3587e-10
16.41 -2.99994 -2.99994 -8.39411e-10
16.42 -2.99994 -2.99994 -8.42929e-10
16.43 -2.99994 -2.99994 -8.46424e-10
16.44 -2.99994 -2.99994 -8.49898e-10
16.45 -2.99994 -2.99994 -8.53349e-10
16.46 -2.99994 -2.99994 -8.56779e-10
16.47 -2.99994 -2.99994 -8.60186e-10
16.48 -2.99994 -2.99994 -8.63572e-10
16.49 -2.99994 -2.99994 -8.66937e-10
16.5 -2.99994 -2.99994 -8.7028e-10
16.51 -2.99995 -2.99995 -8.73603e-10
16.52 -2.99995 -2.99995 -8.76904e-10
16.53 -2.99995 -2.99995 -8.80184e-10
16.54 -2.99995 -2.99995 -8.83445e-10
16.55 -2.99995 -2.99995 -8.86685e-10
16.56 -2.99995 -2.99995 -8.89904e-10
16.57 -2.99995 -2.99995 -8.93104e-10
16.58 -2.99995 -2.99995 -8.96284e-10
16.59 -2.99995 -2.99995 -8.99443e-10
16.6 -2.99995 -2.99995 -9.02583e-10
16.61 -2.99995 -2.99995 -9.05704e-10
16.62 -2.99995 -2.99995 -9.08806e-10
16.63 -2.99995 -2.99995 -9.11888e-10
16.64 -2.99995 -2.99995 -9.14952e-10
16.65 -2.99995 -2.99995 -9.17996e-10
16.66 -2.99995 -2.99995 -9.21022e-10
16.67 -2.99995 -2.99995 -9.24029e-10
16.68 -2.99995 -2.99995 -9.27018e-10
16.69 -2.99995 -2.99995 -9.29989e-10
16.7 -2.99995 -2.99995 -9.32942e-10
16.71 -2.99995 -2.99995 -9.35877e-10
16.72 -2.99995 -2.99995 -9.38793e-10
16.73 -2.99995 -2.99995 -9.41693e-10
16.74 -2.99996 -2.99996 -9.44575e-10
16.75 -2.99996 -2.99996 -9.47439e-10
16.76 -2.99996 -2.99996 -9.50287e-10
16.77 -2.99996 -2.99996 -9.53117e-10
16.78 -2.99996 -2.99996 -9.5593e-10
16.79 -2.99996 -2.99996 -9.58726e-10
16.8 -2.99996 -2.99996 -9.61505e-10
16.81 -2.99996 -2.99996 -9.64268e-10
16.82 -2.99996 -2.99996 -9.67014e-10
16.83 -2.99996 -2.99996 -9.69744e-10
16.84 -2.99996 -2.99996 -9.72458e-10
16.85 -2.99996 -2.99996 -9.75155e-10
16.86 -2.99996 -2.99996 -9.77837e-10
16.87 -2.99996 -2.99996 -9.80502e-10
16.88 -2.99996 -2.99996 -9.83153e-10
16.89 -2.99996 -2.99996 -9.85788e-10
16.9 -2.99996 -2.99996 -9.88407e-10
16.91 -2.99996 -2.99996 -9.91011e-10
16.92 -2.99996 -2.99996 -9.936e-10
16.93 -2.99996 -2.99996 -9.96174e-10
16.94 -2.99996 -2.99996 -9.98733e-10
16.95 -2.99996 -2.99996 -1.00128e-09
16.96 -2.99996 -2.99996 -1.00381e-09
16.97 -2.99996 -2.99996 -1.00632e-09
16.98 -2.99996 -2.99996 -1.00882e-09
16.99 -2.99996 -2.99996 -1.01131e-09
17 -2.99996 -2.99996 -1.01378e-09
17.01 -2.99996 -2.99996 -1.01623e-09
17.02 -2.99996 -2.99996 -1.01868e-09
17.03 -2.99996 -2.99996 -1.02111e-09
17.04 -2.99997 -2.99997 -1.02352e-09
17.05 -2.99997 -2.99997 -1.02592e-09
17.06 -2.99997 -2.99997 -1.02831e-09
17.07 -2.99997 -2.99997 -1.03068e-09
17.08 -2.99997 -2.99997 -1.03304e-09
17.09 -2.99997 -2.99997 -1.03539e-09
17.1 -2.99997 -2.99997 -1.03773e-09
17.11 -2.99997 -2.99997 -1.04005e-09
17.12 -2.99997 -2.99997 -1.04235e-09
17.13 -2.99997 -2.99997 -1.04465e-09
17.14 -2.99997 -2.99997 -1.04693e-09
17.15 -2.99997 -2.99997 -1.0492e-09
17.16 -2.99997 -2.99997 -1.05146e-09
17.17 -2.99997 -2.99997 -1.05371e-09
17.18 -2.99997 -2.99997 -1.05594e-09
17.19 -2.99997 -2.99997 -1.05816e-09
17.2 -2.99997 -2.99997 -1.06037e-09
17.21 -2.99997 -2.99997 -1.06256e-09
17.22 -2.99997 -2.99997 -1.06475e-09
17.23 -2.99997 -2.99997 -1.06692e-09
17.24 -2.99997 -2.99997 -1.06908e-09
17.25 -2.99997 -2.99997 -1.07123e-09
17.26 -2.99997 -2.99997 -1.07337e-09
17.27 -2.99997 -2.99997 -1.0755e-09
17.28 -2.99997 -2.99997 -1.07761e-09
17.29 -2.99997 -2.99997 -1.07972e-09
17.3 -2.99997 -2.99997 -1.08181e-09
17.31 -2.99997 -2.99997 -1.08389e-09
17.32 -2.99997 -2.99997 -1.08596e-09
17.33 -2.99997 -2.99997 -1.08802e-09
17.34 -2.99997 -2.99997 -1.09007e-09
17.35 -2.99997 -2.99997 -1.0921e-09
17.36 -2.99997 -2.99997 -1.09413e-09
17.37 -2.99997 -2.99997 -1.09615e-09
17.38 -2.99997 -2.99997 -1.09815e-09
17.39 -2.99997 -2.99997 -1.10015e-09
17.4 -2.99997 -2.99997 -1.10213e-09
17.41 -2.99997 -2.99997 -1.10411e-09
17.42 -2.99997 -2.99997 -1.10607e-09
17.43 -2.99997 -2.99997 -1.10802e-09
17.44 -2.99998 -2.99998 -1.10997e-09
17.45 -2.99998 -2.99998 -1.1119e-09
17.46 -2.99998 -2.99998 -1.11382e-09
17.47 -2.99998 -2.99998 -1.11574e-09
17.48 -2.99998 -2.99998 -1.11764e-09
17.49 -2.99998 -2.99998 -1.11954e-09
17.5 -2.99998 -2.99998 -1.12142e-09
17.51 -2.99998 -2.99998 -1.1233e-09
17.52 -2.99998 -2.99998 -1.12516e-09
17.53 -2.99998 -2.99998 -1.12702e-09
17.54 -2.99998 -2.99998 -1.12887e-09
17.55 -2.99998 -2.99998 -1.13071e-09
17.56 -2.99998 -2.99998 -1.13254e-09
17.57 -2.99998 -2.99998 -1.13436e-09
17.58 -2.99998 -2.99998 -1.13617e-09
17.59 -2.99998 -2.99998 -1.13797e-09
17.6 -2.99998 -2.99998 -1.13976e-09
17.61 -2.99998 -2.99998 -1.14155e-09
17.62 -2.99998 -2.99998 -1.14332e-09
17.63 -2.99998 -2.99998 -1.14509e-09
17.64 -2.99998 -2.99998 -1.14685e-09
17.65 -2.99998 -2.99998 -1.1486e-09
17.66 -2.99998 -2.99998 -1.15035e-09
17.67 -2.99998 -2.99998 -1.15208e-09
17.68 -2.99998 -2.99998 -1.15381e-09
17.69 -2.99998 -2.99998 -1.15552e-09
17.7 -2.99998 -2.99998 -1.15723e-09
17.71 -2.99998 -2.99998 -1.15894e-09
17.72 -2.99998 -2.99998 -1.16063e-09
17.73 -2.99998 -2.99998 -1.16231e-09
17.74 -2.99998 -2.99998 -1.16399e-09
17.75 -2.99998 -2.99998 -1.16566e-09
17.76 -2.99998 -2.99998 -1.16732e-09
17.77 -2.99998 -2.99998 -1.16898e-09
17.78 -2.99998 -2.99998 -1.17062e-09
17.79 -2.99998 -2.99998 -1.17226e-09
17.8 -2.99998 -2.99998 -1.17389e-09
17.81 -2.99998 -2.99998 -1.17552e-09
17.82 -2.99998 -2.99998 -1.17714e-09
17.83 -2.99998 -2.99998 -1.17874e-09
17.84 -2.99998 -2.99998 -1.18035e-09
17.85 -2.99998 -2.99998 -1.18194e-09
17.86 -2.99998 -2.99998 -1.18353e-09
17.87 -2.99998 -2.99998 -1.18511e-09
17.88 -2.99998 -2.99998 -1.18668e-09
17.89 -2.99998 -2.99998 -1.18825e-09
17.9 -2.99998 -2.99998 -1.18981e-09
17.91 -2.99998 -2.99998 -1.19136e-09
17.92 -2.99998 -2.99998 -1.19291e-09
17.93 -2.99998 -2.99998 -1.19445e-09
17.94 -2.99998 -2.99998 -1.19598e-09
17.95 -2.99998 -2.99998 -1.19751e-09
17.96 -2.99998 -2.99998 -1.19903e-09
17.97 -2.99998 -2.99998 -1.20054e-09
17.98 -2.99998 -2.99998 -1.20205e-09
17.99 -2.99998 -2.99998 -1.20355e-09
18 -2.99998 -2.99998 -1.20504e-09
18.01 -2.99998 -2.99998 -1.20653e-09
18.02 -2.99998 -2.99998 -1.20801e-09
18.03 -2.99998 -2.99998 -1.20948e-09
18.04 -2.99999 -2.99999 -1.21095e-09
18.05 -2.99999 -2.99999 -1.21241e-09
18.06 -2.99999 -2.99999 -1.21387e-09
18.07 -2.99999 -2.99999 -1.21532e-09
18.08 -2.99999 -2.99999 -1.21677e-09
18.09 -2.99999 -2.99999 -1.2182e-09
18.1 -2.99999 -2.99999 -1.21964e-09
18.11 -2.99999 -2.99999 -1.22106e-09
18.12 -2.99999 -2.99999 -1.22249e-09
18.13 -2.99999 -2.99999 -1.2239e-09
18.14 -2.99999 -2.99999 -1.22531e-09
18.15 -2.99999 -2.99999 -1.22671e-09
18.16 -2.99999 -2.99999 -1.22811e-09
18.17 -2.99999 -2.99999 -1.22951e-09
18.18 -2.99999 -2.99999 -1.23089e-09
18.19 -2.99999 -2.99999 -1.23228e-09
18.2 -2.99999 -2.99999 -1.23365e-09
18.21 -2.99999 -2.99999 -1.23502e-09
18.22 -2.99999 -2.99999 -1.23639e-09
18.23 -2.99999 -2.99999 -1.23775e-09
18.24 -2.99999 -2.99999 -1.23911e-09
18.25 -2.99999 -2.99999 -1.24046e-09
18.26 -2.99999 -2.99999 -1.2418e-09
18.27 -2.99999 -2.99999 -1.24314e-09
18.28 -2.99999 -2.99999 -1.24448e-09
18.29 -2.99999 -2.99999 -1.24581e-09
18.3 -2.99999 -2.99999 -1.24713e-09
18.31 -2.99999 -2.99999 -1.24845e-09
18.32 -2.99999 -2.99999 -1.24977e-09
18.33 -2.99999 -2.99999 -1.25108e-09
18.34 -2.99999 -2.99999 -1.25238e-09
18.35 -2.99999 -2.99999 -1.25368e-09
18.36 -2.99999 -2.99999 -1.25498e-09
18.37 -2.99999 -2.99999 -1.25627e-09
18.38 -2.99999 -2.99999 -1.25756e-09
18.39 -2.99999 -2.99999 -1.25884e-09
18.4 -2.99999 -2.99999 -1.26011e-09
18.41 -2.99999 -2.99999 -1.26139e-09
18.42 -2.99999 -2.99999 -1.26265e-09
18.43 -2.99999 -2.99999 -1.26392e-09
18.44 -2.99999 -2.99999 -1.26518e-09
18.45 -2.99999 -2.99999 -1.26643e-09
18.46 -2.99999 -2.99999 -1.26768e-09
18.47 -2.99999 -2.99999 -1.26893e-09
18.48 -2.99999 -2.99999 -1.27017e-09
18.49 -2.99999 -2.99999 -1.2714e-09
18.5 -2.99999 -2.99999 -1.27264e-09
18.51 -2.99999 -2.99999 -1.27386e-09
18.52 -2.99999 -2.99999 -1.27509e-09
18.53 -2.99999 -2.99999 -1.27631e-09
18.54 -2.99999 -2.99999 -1.27752e-09
18.55 -2.99999 -2.99999 -1.27874e-09
18.56 -2.99999 -2.99999 -1.27994e-09
18.57 -2.99999 -2.99999 -1.28115e-09
18.58 -2.99999 -2.99999 -1.28235e-09
18.59 -2.99999 -2.99999 -1.28354e-09
18.6 -2.99999 -2.99999 -1.28473e-09
18.61 -2.99999 -2.99999 -1.28592e-09
18.62 -2.99999 -2.99999 -1.2871e-09
18.63 -2.99999 -2.99999 -1.28828e-09
18.64 -2.99999 -2.99999 -1.28946e-09
18.65 -2.99999 -2.99999 -1.29063e-09
18.66 -2.99999 -2.99999 -1.2918e-09
18.67 -2.99999 -2.99999 -1.29296e-09
18.68 -2.99999 -2.99999 -1.29412e-09
18.69 -2.99999 -2.99999 -1.29528e-09
18.7 -2.99999 -2.99999 -1.29643e-09
18.71 -2.99999 -2.99999 -1.29758e-09
18.72 -2.99999 -2.99999 -1.29873e-09
18.73 -2.99999 -2.99999 -1.29987e-09
18.74 -2.99999 -2.99999 -1.30101e-09
18.75 -2.99999 -2.99999 -1.30215e-09
18.76 -2.99999 -2.99999 -1.30328e-09
18.77 -2.99999 -2.99999 -1.30441e-09
18.78 -2.99999 -2.99999 -1.30553e-09
18.79 -2.99999 -2.99999 -1.30666e-09
18.8 -2.99999 -2.99999 -1.30778e-09
18.81 -2.99999 -2.99999 -1.30889e-09
18.82 -2.99999 -2.99999 -1.31e-09
18.83 -2.99999 -2.99999 -1.31111e-09
18.84 -2.99999 -2.99999 -1.31222e-09
18.85 -2.99999 -2.99999 -1.31332e-09
18.86 -2.99999 -2.99999 -1.31442e-09
18.87 -2.99999 -2.99999 -1.31551e-09
18.88 -2.99999 -2.99999 -1.31661e-09
18.89 -2.99999 -2.99999 -1.3177e-09
18.9 -2.99999 -2.99999 -1.31878e-09
18.91 -2.99999 -2.99999 -1.31987e-09
18.92 -2.99999 -2.99999 -1.32095e-09
18.93 -2.99999 -2.99999 -1.32202e-09
18.94 -2.99999 -2.99999 -1.3231e-09
18.95 -2.99999 -2.99999 -1.32417e-09
18.96 -2.99999 -2.99999 -1.32524e-09
18.97 -2.99999 -2.99999 -1.3263e-09
18.98 -2.99999 -2.99999 -1.32737e-09
18.99 -2.99999 -2.99999 -1.32843e-09
19 -2.99999 -2.99999 -1.32948e-09
19.01 -2.99999 -2.99999 -1.33054e-09
19.02 -2.99999 -2.99999 -1.33159e-09
19.03 -2.99999 -2.99999 -1.33264e-09
19.04 -2.99999 -2.99999 -1.33369e-09
19.05 -2.99999 -2.99999 -1.33473e-09
19.06 -2.99999 -2.99999 -1.33577e-09
19.07 -2.99999 -2.99999 -1.33681e-09
19.08 -2.99999 -2.99999 -1.33785e-09
19.09 -2.99999 -2.99999 -1.33888e-09
19.1 -2.99999 -2.99999 -1.33991e-09
19.11 -2.99999 -2.99999 -1.34094e-09
19.12 -2.99999 -2.99999 -1.34196e-09
19.13 -2.99999 -2.99999 -1.34299e-09
19.14 -2.99999 -2.99999 -1.34401e-09
19.15 -2.99999 -2.99999 -1.34502e-09
19.16 -2.99999 -2.99999 -1.34604e-09
19.17 -2.99999 -2.99999 -1.34705e-09
19.18 -2.99999 -2.99999 -1.34806e-09
19.19 -2.99999 -2.99999 -1.34907e-09
19.2 -2.99999 -2.99999 -1.35008e-09
19.21 -2.99999 -2.99999 -1.35108e-09
19.22 -2.99999 -2.99999 -1.35209e-09
19.23 -2.99999 -2.99999 -1.35308e-09
19.24 -2.99999 -2.99999 -1.35408e-09
19.25 -2.99999 -2.99999 -1.35508e-09
19.26 -2.99999 -2.99999 -1.35607e-09
19.27 -2.99999 -2.99999 -1.35706e-09
19.28 -2.99999 -2.99999 -1.35805e-09
19.29 -2.99999 -2.99999 -1.35903e-09
19.3 -2.99999 -2.99999 -1.36002e-09
19.31 -2.99999 -2.99999 -1.361e-09
19.32 -3 -3 -1.36198e-09
19.33 -3 -3 -1.36295e-09
19.34 -3 -3 -1.36393e-09
19.35 -3 -3 -1.3649e-09
19.36 -3 -3 -1.36587e-09
19.37 -3 -3 -1.36684e-09
19.38 -3 -3 -1.3678e-09
19.39 -3 -3 -1.36876e-09
19.4 -3 -3 -1.36973e-09
19.41 -3 -3 -1.37069e-09
19.42 -3 -3 -1.37164e-09
19.43 -3 -3 -1.3726e-09
19.44 -3 -3 -1.37355e-09
19.45 -3 -3 -1.3745e-09
19.46 -3 -3 -1.37545e-09
19.47 -3 -3 -1.3764e-09
19.48 -3 -3 -1.37735e-09
19.49 -3 -3 -1.37829e-09
19.5 -3 -3 -1.37923e-09
19.51 -3 -3 -1.38017e-09
19.52 -3 -3 -1.38111e-09
19.53 -3 -3 -1.38205e-09
19.54 -3 -3 -1.38298e-09
19.55 -3 -3 -1.38391e-09
19.56 -3 -3 -1.38484e-09
19.57 -3 -3 -1.38577e-09
19.58 -3 -3 -1.3867e-09
19.59 -3 -3 -1.38763e-09
19.6 -3 -3 -1.38855e-09
19.61 -3 -3 -1.38947e-09
19.62 -3 -3 -1.39039e-09
19.63 -3 -3 -1.39131e-09
19.64 -3 -3 -1.39223e-09
19.65 -3 -3 -1.39314e-09
19.66 -3 -3 -1.39406e-09
19.67 -3 -3 -1.39497e-09
19.68 -3 -3 -1.39588e-09
19.69 -3 -3 -1.39679e-09
19.7 -3 -3 -1.39769e-09
19.71 -3 -3 -1.3986e-09
19.72 -3 -3 -1.3995e-09
19.73 -3 -3 -1.4004e-09
19.74 -3 -3 -1.4013e-09
19.75 -3 -3 -1.4022e-09
19.76 -3 -3 -1.4031e-09
19.77 -3 -3 -1.404e-09
19.78 -3 -3 -1.40489e-09
19.79 -3 -3 -1.40578e-09
19.8 -3 -3 -1.40667e-09
19.81 -3 -3 -1.40756e-09
19.82 -3 -3 -1.40845e-09
19.83 -3 -3 -1.40934e-09
19.84 -3 -3 -1.41022e-09
19.85 -3 -3 -1.41111e-09
19.86 -3 -3 -1.41199e-09
19.87 -3 -3 -1.41287e-09
19.88 -3 -3 -1.41375e-09
19.89 -3 -3 -1.41463e-09
19.9 -3 -3 -1.41551e-09
19.91 -3 -3 -1.41639e-09
19.92 -3 -3 -1.41726e-09
19.93 -3 -3 -1.41814e-09
19.94 -3 -3 -1.41901e-09
19.95 -3 -3 -1.41988e-09
19.96 -3 -3 -1.42075e-09
19.97 -3 -3 -1.42162e-09
19.98 -3 -3 -1.42249e-09
19.99 -3 -3 -1.42336e-09
20 -3 -3 -1.42422e-09
20.01 -3 -3 -1.42508e-09
20.02 -3 -3 -1.42595e-09
20.03 -3 -3 -1.42681e-09
20.04 -3 -3 -1.42767e-09
20.05 -3 -3 -1.42853e-09
20.06 -3 -3 -1.42938e-09
20.07 -3 -3 -1.43024e-09
20.08 -3 -3 -1.4311e-09
20.09 -3 -3 -1.43195e-09
20.1 -3 -3 -1.4328e-09
20.11 -3 -3 -1.43365e-09
20.12 -3 -3 -1.4345e-09
20.13 -3 -3 -1.43535e-09
20.14 -3 -3 -1.4362e-09
20.15 -3 -3 -1.43705e-09
20.16 -3 -3 -1.4379e-09
20.17 -3 -3 -1.43874e-09
20.18 -3 -3 -1.43958e-09
20.19 -3 -3 -1.44043e-09
20.2 -3 -3 -1.44127e-09
20.21 -3 -3 -1.44211e-09
20.22 -3 -3 -1.44295e-09
20.23 -3 -3 -1.44379e-09
20.24 -3 -3 -1.44463e-09
20.25 -3 -3 -1.44547e-09
20.26 -3 -3 -1.4463e-09
20.27 -3 -3 -1.44714e-09
20.28 -3 -3 -1.44797e-09
20.29 -3 -3 -1.4488e-09
20.3 -3 -3 -1.44964e-09
20.31 -3 -3 -1.45047e-09
20.32 -3 -3 -1.4513e-09
20.33 -3 -3 -1.45213e-09
20.34 -3 -3 -1.45295e-09
20.35 -3 -3 -1.45378e-09
20.36 -3 -3 -1.45461e-09
20.37 -3 -3 -1.45543e-09
20.38 -3 -3 -1.45626e-09
20.39 -3 -3 -1.45708e-09
20.4 -3 -3 -1.4579e-09
20.41 -3 -3 -1.45872e-09
20.42 -3 -3 -1.45954e-09
20.43 -3 -3 -1.46037e-09
20.44 -3 -3 -1.46118e-09
20.45 -3 -3 -1.462e-09
20.46 -3 -3 -1.46282e-09
20.47 -3 -3 -1.46364e-09
20.48 -3 -3 -1.46445e-09
20.49 -3 -3 -1.46527e-09
20.5 -3 -3 -1.46609e-09
20.51 -3 -3 -1.4669e-09
20.52 -3 -3 -1.46771e-09
20.53 -3 -3 -1.46853e-09
20.54 -3 -3 -1.46934e-09
20.55 -3 -3 -1.47015e-09
20.56 -3 -3 -1.47096e-09
20.57 -3 -3 -1.47177e-09
20.58 -3 -3 -1.47258e-09
20.59 -3 -3 -1.47339e-09
20.6 -3 -3 -1.47419e-09
20.61 -3 -3 -1.475e-09
20.62 -3 -3 -1.47581e-09
20.63 -3 -3 -1.47661e-09
20.64 -3 -3 -1.47742e-09
20.65 -3 -3 -1.47822e-09
20.66 -3 -3 -1.47903e-09
20.67 -3 -3 -1.47983e-09
20.68 -3 -3 -1.48063e-09
20.69 -3 -3 -1.48143e-09
20.7 -3 -3 -1.48223e-09
20.71 -3 -3 -1.48303e-09
20.72 -3 -3 -1.48383e-09
20.73 -3 -3 -1.48463e-09
20.74 -3 -3 -1.48543e-09
20.75 -3 -3 -1.48623e-09
20.76 -3 -3 -1.48702e-09
20.77 -3 -3 -1.48782e-09
20.78 -3 -3 -1.48862e-09
20.79 -3 -3 -1.48941e-09
20.8 -3 -3 -1.49021e-09
20.81 -3 -3 -1.491e-09
20.82 -3 -3 -1.49179e-09
20.83 -3 -3 -1.49258e-09
20.84 -3 -3 -1.49337e-09
20.85 -3 -3 -1.49417e-09
20.86 -3 -3 -1.49496e-09
20.87 -3 -3 -1.49574e-09
20.88 -3 -3 -1.49653e-09
20.89 -3 -3 -1.49732e-09
20.9 -3 -3 -1.49811e-09
20.91 -3 -3 -1.4989e-09
20.92 -3 -3 -1.49968e-09
20.93 -3 -3 -1.50047e-09
20.94 -3 -3 -1.50126e-09
20.95 -3 -3 -1.50204e-09
20.96 -3 -3 -1.50283e-09
20.97 -3 -3 -1.50361e-09
20.98 -3 -3 -1.50439e-09
20.99 -3 -3 -1.50518e-09
21 -3 -3 -1.50596e-09
21.01 -3 -3 -1.50674e-09
21.02 -3 -3 -1.50752e-09
21.03 -3 -3 -1.50831e-09
21.04 -3 -3 -1.50909e-09
21.05 -3 -3 -1.50987e-09
21.06 -3 -3 -1.51065e-09
21.07 -3 -3 -1.51143e-09
21.08 -3 -3 -1.51221e-09
21.09 -3 -3 -1.51299e-09
21.1 -3 -3 -1.51376e-09
21.11 -3 -3 -1.51454e-09
21.12 -3 -3 -1.51532e-09
21.13 -3 -3 -1.51609e-09
21.14 -3 -3 -1.51687e-09
21.15 -3 -3 -1.51765e-09
21.16 -3 -3 -1.51842e-09
21.17 -3 -3 -1.5192e-09
21.18 -3 -3 -1.51997e-09
21.19 -3 -3 -1.52075e-09
21.2 -3 -3 -1.52152e-09
21.21 -3 -3 -1.52229e-09
21.22 -3 -3 -1.52306e-09
21.23 -3 -3 -1.52384e-09
21.24 -3 -3 -1.52461e-09
21.25 -3 -3 -1.52538e-09
21.26 -3 -3 -1.52615e-09
21.27 -3 -3 -1.52692e-09
21.28 -3 -3 -1.52769e-09
21.29 -3 -3 -1.52846e-09
21.3 -3 -3 -1.52923e-09
21.31 -3 -3 -1.53e-09
21.32 -3 -3 -1.53076e-09
21.33 -3 -3 -1.53153e-09
21.34 -3 -3 -1.5323e-09
21.35 -3 -3 -1.53307e-09
21.36 -3 -3 -1.53383e-09
21.37 -3 -3 -1.5346e-09
21.38 -3 -3 -1.53536e-09
21.39 -3 -3 -1.53613e-09
21.4 -3 -3 -1.53689e-09
21.41 -3 -3 -1.53766e-09
21.42 -3 -3 -1.53842e-09
21.43 -3 -3 -1.53919e-09
21.44 -3 -3 -1.53995e-09
21.45 -3 -3 -1.54071e-09
21.46 -3 -3 -1.54147e-09
21.47 -3 -3 -1.54224e-09
21.48 -3 -3 -1.543e-09
21.49 -3 -3 -1.54376e-09
21.5 -3 -3 -1.54452e-09
21.51 -3 -3 -1.54528e-09
21.52 -3 -3 -1.54604e-09
21.53 -3 -3 -1.5468e-09
21.54 -3 -3 -1.54756e-09
21.55 -3 -3 -1.54832e-09
21.56 -3 -3 -1.54908e-09
21.57 -3 -3 -1.54984e-09
21.58 -3 -3 -1.5506e-09
21.59 -3 -3 -1.55135e-09
21.6 -3 -3 -1.55211e-09
21.61 -3 -3 -1.55287e-09
21.62 -3 -3 -1.55362e-09
21.63 -3 -3 -1.55438e-09
21.64 -3 -3 -1.55514e-09
21.65 -3 -3 -1.55589e-09
21.66 -3 -3 -1.55665e-09
21.67 -3 -3 -1.5574e-09
21.68 -3 -3 -1.55816e-09
21.69 -3 -3 -1.55891e-09
21.7 -3 -3 -1.55967e-09
21.71 -3 -3 -1.56042e-09
21.72 -3 -3 -1.56118e-09
21.73 -3 -3 -1.56193e-09
21.74 -3 -3 -1.56268e-09
21.75 -3 -3 -1.56344e-09
21.76 -3 -3 -1.56419e-09
21.77 -3 -3 -1.56494e-09
21.78 -3 -3 -1.5657e-09
21.79 -3 -3 -1.56645e-09
21.8 -3 -3 -1.5672e-09
21.81 -3 -3 -1.56795e-09
21.82 -3 -3 -1.5687e-09
21.83 -3 -3 -1.56945e-09
21.84 -3 -3 -1.5702e-09
21.85 -3 -3 -1.57095e-09
21.86 -3 -3 -1.5717e-09
21.87 -3 -3 -1.57245e-09
21.88 -3 -3 -1.5732e-09
21.89 -3 -3 -1.57395e-09
21.9 -3 -3 -1.5747e-09
21.91 -3 -3 -1.57545e-09
21.92 -3 -3 -1.5762e-09
21.93 -3 -3 -1.57695e-09
21.94 -3 -3 -1.5777e-09
21.95 -3 -3 -1.57845e-09
21.96 -3 -3 -1.5792e-09
21.97 -3 -3 -1.57994e-09
21.98 -3 -3 -1.58069e-09
21.99 -3 -3 -1.58144e-09
22 -3 -3 -1.58219e-09
22.01 -3 -3 -1.58294e-09
22.02 -3 -3 -1.58368e-09
22.03 -3 -3 -1.58443e-09
22.04 -3 -3 -1.58518e-09
22.05 -3 -3 -1.58592e-09
22.06 -3 -3 -1.58667e-09
22.07 -3 -3 -1.58741e-09
22.08 -3 -3 -1.58816e-09
22.09 -3 -3 -1.58891e-09
22.1 -3 -3 -1.58965e-09
22.11 -3 -3 -1.5904e-09
22.12 -3 -3 -1.59114e-09
22.13 -3 -3 -1.59189e-09
22.14 -3 -3 -1.59263e-09
22.15 -3 -3 -1.59338e-09
22.16 -3 -3 -1.59412e-09
22.17 -3 -3 -1.59486e-09
22.18 -3 -3 -1.59561e-09
22.19 -3 -3 -1.59635e-09
22.2 -3 -3 -1.5971e-09
22.21 -3 -3 -1.59784e-09
22.22 -3 -3 -1.59858e-09
22.23 -3 -3 -1.59933e-09
22.24 -3 -3 -1.60007e-09
22.25 -3 -3 -1.60081e-09
22.26 -3 -3 -1.60155e-09
22.27 -3 -3 -1.6023e-09
22.28 -3 -3 -1.60304e-09
22.29 -3 -3 -1.60378e-09
22.3 -3 -3 -1.60452e-09
22.31 -3 -3 -1.60526e-09
22.32 -3 -3 -1.606e-09
22.33 -3 -3 -1.60675e-09
22.34 -3 -3 -1.60749e-09
22.35 -3 -3 -1.60823e-09
22.36 -3 -3 -1.60897e-09
22.37 -3 -3 -1.60971e-09
22.38 -3 -3 -1.61045e-09
22.39 -3 -3 -1.61119e-09
22.4 -3 -3 -1.61193e-09
22.41 -3 -3 -1.61267e-09
22.42 -3 -3 -1.61341e-09
22.43 -3 -3 -1.61414e-09
22.44 -3 -3 -1.61488e-09
22.45 -3 -3 -1.61562e-09
22.46 -3 -3 -1.61636e-09
22.47 -3 -3 -1.6171e-09
22.48 -3 -3 -1.61784e-09
22.49 -3 -3 -1.61857e-09
22.5 -3 -3 -1.61931e-09
22.51 -3 -3 -1.62005e-09
22.52 -3 -3 -1.62079e-09
22.53 -3 -3 -1.62152e-09
22.54 -3 -3 -1.62226e-09
22.55 -3 -3 -1.623e-09
22.56 -3 -3 -1.62373e-09
22.57 -3 -3 -1.62447e-09
22.58 -3 -3 -1.62521e-09
22.59 -3 -3 -1.62594e-09
22.6 -3 -3 -1.62668e-09
22.61 -3 -3 -1.62742e-09
22.62 -3 -3 -1.62815e-09
22.63 -3 -3 -1.62889e-09
22.64 -3 -3 -1.62962e-09
22.65 -3 -3 -1.63036e-09
22.66 -3 -3 -1.63109e-09
22.67 -3 -3 -1.63183e-09
22.68 -3 -3 -1.63256e-09
22.69 -3 -3 -1.6333e-09
22.7 -3 -3 -1.63403e-09
22.71 -3 -3 -1.63477e-09
22.72 -3 -3 -1.6355e-09
22.73 -3 -3 -1.63624e-09
22.74 -3 -3 -1.63697e-09
22.75 -3 -3 -1.6377e-09
22.76 -3 -3 -1.63844e-09
22.77 -3 -3 -1.63917e-09
22.78 -3 -3 -1.6399e-09
22.79 -3 -3 -1.64064e-09
22.8 -3 -3 -1.64137e-09
22.81 -3 -3 -1.64211e-09
22.82 -3 -3 -1.64284e-09
22.83 -3 -3 -1.64357e-09
22.84 -3 -3 -1.6443e-09
22.85 -3 -3 -1.64504e-09
22.86 -3 -3 -1.64577e-09
22.87 -3 -3 -1.6465e-09
22.88 -3 -3 -1.64723e-09
22.89 -3 -3 -1.64797e-09
22.9 -3 -3 -1.6487e-09
22.91 -3 -3 -1.64943e-09
22.92 -3 -3 -1.65016e-09
22.93 -3 -3 -1.6509e-09
22.94 -3 -3 -1.65163e-09
22.95 -3 -3 -1.65236e-09
22.96 -3 -3 -1.65309e-09
22.97 -3 -3 -1.65382e-09
22.98 -3 -3 -1.65455e-09
22.99 -3 -3 -1.65529e-09
23 -3 -3 -1.65602e-09
23.01 -3 -3 -1.65675e-09
23.02 -3 -3 -1.65748e-09
23.03 -3 -3 -1.65821e-09
23.04 -3 -3 -1.65894e-09
23.05 -3 -3 -1.65967e-09
23.06 -3 -3 -1.6604e-09
23.07 -3 -3 -1.66114e-09
23.08 -3 -3 -1.66187e-09
23.09 -3 -3 -1.6626e-09
23.1 -3 -3 -1.66333e-09
23.11 -3 -3 -1.66406e-09
23.12 -3 -3 -1.66479e-09
23.13 -3 -3 -1.66552e-09
23.14 -3 -3 -1.66625e-09
23.15 -3 -3 -1.66698e-09
23.16 -3 -3 -1.66771e-09
23.17 -3 -3 -1.66844e-09
23.18 -3 -3 -1.66917e-09
23.19 -3 -3 -1.6699e-09
23.2 -3 -3 -1.67063e-09
23.21 -3 -3 -1.67136e-09
23.22 -3 -3 -1.67209e-09
23.23 -3 -3 -1.67281e-09
23.24 -3 -3 -1.67354e-09
23.25 -3 -3 -1.67427e-09
23.26 -3 -3 -1.675e-09
23.27 -3 -3 -1.67573e-09
23.28 -3 -3 -1.67646e-09
23.29 -3 -3 -1.67719e-09
23.3 -3 -3 -1.67792e-09
23.31 -3 -3 -1.67865e-09
23.32 -3 -3 -1.67938e-09
23.33 -3 -3 -1.68011e-09
23.34 -3 -3 -1.68083e-09
23.35 -3 -3 -1.68156e-09
23.36 -3 -3 -1.68229e-09
23.37 -3 -3 -1.68302e-09
23.38 -3 -3 -1.68375e-09
23.39 -3 -3 -1.68448e-09
23.4 -3 -3 -1.6852e-09
23.41 -3 -3 -1.68593e-09
23.42 -3 -3 -1.68666e-09
23.43 -3 -3 -1.68739e-09
23.44 -3 -3 -1.68812e-09
23.45 -3 -3 -1.68884e-09
23.46 -3 -3 -1.68957e-09
23.47 -3 -3 -1.6903e-09
23.48 -3 -3 -1.69103e-09
23.49 -3 -3 -1.69175e-09
23.5 -3 -3 -1.69248e-09
23.51 -3 -3 -1.69321e-09
23.52 -3 -3 -1.69394e-09
23.53 -3 -3 -1.69466e-09
23.54 -3 -3 -1.69539e-09
23.55 -3 -3 -1.69612e-09
23.56 -3 -3 -1.69685e-09
23.57 -3 -3 -1.69757e-09
23.58 -3 -3 -1.6983e-09
23.59 -3 -3 -1.69903e-09
23.6 -3 -3 -1.69975e-09
23.61 -3 -3 -1.70048e-09
23.62 -3 -3 -1.70121e-09
23.63 -3 -3 -1.70193e-09
23.64 -3 -3 -1.70266e-09
23.65 -3 -3 -1.70339e-09
23.66 -3 -3 -1.70411e-09
23.67 -3 -3 -1.70484e-09
23.68 -3 -3 -1.70557e-09
23.69 -3 -3 -1.70629e-09
23.7 -3 -3 -1.70702e-09
23.71 -3 -3 -1.70774e-09
23.72 -3 -3 -1.70847e-09
23.73 -3 -3 -1.7092e-09
23.74 -3 -3 -1.70992e-09
23.75 -3 -3 -1.71065e-09
23.76 -3 -3 -1.71138e-09
23.77 -3 -3 -1.7121e-09
23.78 -3 -3 -1.71283e-09
23.79 -3 -3 -1.71355e-09
23.8 -3 -3 -1.71428e-09
23.81 -3 -3 -1.715e-09
23.82 -3 -3 -1.71573e-09
23.83 -3 -3 -1.71646e-09
23.84 -3 -3 -1.71718e-09
23.85 -3 -3 -1.71791e-09
23.86 -3 -3 -1.71863e-09
23.87 -3 -3 -1.71936e-09
23.88 -3 -3 -1.72009e-09
23.89 -3 -3 -1.72081e-09
23.9 -3 -3 -1.72154e-09
23.91 -3 -3 -1.72226e-09
23.92 -3 -3 -1.72299e-09
23.93 -3 -3 -1.72371e-09
23.94 -3 -3 -1.72444e-09
23.95 -3 -3 -1.72516e-09
23.96 -3 -3 -1.72589e-09
23.97 -3 -3 -1.72661e-09
23.98 -3 -3 -1.72734e-09
23.99 -3 -3 -1.72806e-09
24 -3 -3 -1.72879e-09
24.01 -3 -3 -1.72951e-09
24.02 -3 -3 -1.73024e-09
24.03 -3 -3 -1.73096e-09
24.04 -3 -3 -1.73169e-09
24.05 -3 -3 -1.73241e-09
24.06 -3 -3 -1.73314e-09
24.07 -3 -3 -1.73386e-09
24.08 -3 -3 -1.73459e-09
24.09 -3 -3 -1.73531e-09
24.1 -3 -3 -1.73604e-09
24.11 -3 -3 -1.73676e-09
24.12 -3 -3 -1.73749e-09
24.13 -3 -3 -1.73821e-09
24.14 -3 -3 -1.73894e-09
24.15 -3 -3 -1.73966e-09
24.16 -3 -3 -1.74039e-09
24.17 -3 -3 -1.74111e-09
24.18 -3 -3 -1.74183e-09
24.19 -3 -3 -1.74256e-09
24.2 -3 -3 -1.74328e-09
24.21 -3 -3 -1.74401e-09
24.22 -3 -3 -1.74473e-09
24.23 -3 -3 -1.74545e-09
24.24 -3 -3 -1.74618e-09
24.25 -3 -3 -1.7469e-09
24.26 -3 -3 -1.74763e-09
24.27 -3 -3 -1.74835e-09
24.28 -3 -3 -1.74907e-09
24.29 -3 -3 -1.7498e-09
24.3 -3 -3 -1.75052e-09
24.31 -3 -3 -1.75124e-09
24.32 -3 -3 -1.75197e-09
24.33 -3 -3 -1.75269e-09
24.34 -3 -3 -1.75341e-09
24.35 -3 -3 -1.75413e-09
24.36 -3 -3 -1.75486e-09
24.37 -3 -3 -1.75558e-09
24.38 -3 -3 -1.7563e-09
24.39 -3 -3 -1.75702e-09
24.4 -3 -3 -1.75775e-09
24.41 -3 -3 -1.75847e-09
24.42 -3 -3 -1.75919e-09
24.43 -3 -3 -1.75991e-09
24.44 -3 -3 -1.76064e-09
24.45 -3 -3 -1.76136e-09
24.46 -3 -3 -1.76208e-09
24.47 -3 -3 -1.7628e-09
24.48 -3 -3 -1.76352e-09
24.49 -3 -3 -1.76425e-09
24.5 -3 -3 -1.76497e-09
24.51 -3 -3 -1.76569e-09
24.52 -3 -3 -1.76641e-09
24.53 -3 -3 -1.76713e-09
24.54 -3 -3 -1.76785e-09
24.55 -3 -3 -1.76858e-09
24.56 -3 -3 -1.7693e-09
24.57 -3 -3 -1.77002e-09
24.58 -3 -3 -1.77074e-09
24.59 -3 -3 -1.77146e-09
24.6 -3 -3 -1.77218e-09
24.61 -3 -3 -1.7729e-09
24.62 -3 -3 -1.77363e-09
24.63 -3 -3 -1.77435e-09
24.64 -3 -3 -1.77507e-09
24.65 -3 -3 -1.77579e-09
24.66 -3 -3 -1.77651e-09
24.67 -3 -3 -1.77723e-09
24.68 -3 -3 -1.77795e-09
24.69 -3 -3 -1.77867e-09
24.7 -3 -3 -1.7794e-09
24.71 -3 -3 -1.78012e-09
24.72 -3 -3 -1.78084e-09
24.73 -3 -3 -1.78156e-09
24.74 -3 -3 -1.78228e-09
24.75 -3 -3 -1.783e-09
24.76 -3 -3 -1.78372e-09
24.77 -3 -3 -1.78444e-09
24.78 -3 -3 -1.78517e-09
24.79 -3 -3 -1.78589e-09
24.8 -3 -3 -1.78661e-09
24.81 -3 -3 -1.78733e-09
24.82 -3 -3 -1.78805e-09
24.83 -3 -3 -1.78877e-09
24.84 -3 -3 -1.78949e-09
24.85 -3 -3 -1.79021e-09
24.86 -3 -3 -1.79094e-09
24.87 -3 -3 -1.79166e-09
24.88 -3 -3 -1.79238e-09
24.89 -3 -3 -1.7931e-09
24.9 -3 -3 -1.79382e-09
24.91 -3 -3 -1.79454e-09
24.92 -3 -3 -1.79526e-09
24.93 -3 -3 -1.79598e-09
24.94 -3 -3 -1.7967e-09
24.95 -3 -3 -1.79742e-09
24.96 -3 -3 -1.79814e-09
24.97 -3 -3 -1.79886e-09
24.98 -3 -3 -1.79958e-09
24.99 -3 -3 -1.80031e-09
25 -3 -3 -1.80103e-09
25.01 -3 -3 -1.80175e-09
25.02 -3 -3 -1.80247e-09
25.03 -3 -3 -1.80319e-09
25.04 -3 -3 -1.80391e-09
25.05 -3 -3 -1.80463e-09
25.06 -3 -3 -1.80535e-09
25.07 -3 -3 -1.80607e-09
25.08 -3 -3 -1.80679e-09
25.09 -3 -3 -1.80751e-09
25.1 -3 -3 -1.80823e-09
25.11 -3 -3 -1.80895e-09
25.12 -3 -3 -1.80967e-09
25.13 -3 -3 -1.81039e-09
25.14 -3 -3 -1.81111e-09
25.15 -3 -3 -1.81183e-09
25.16 -3 -3 -1.81255e-09
25.17 -3 -3 -1.81327e-09
25.18 -3 -3 -1.81399e-09
25.19 -3 -3 -1.81471e-09
25.2 -3 -3 -1.81543e-09
25.21 -3 -3 -1.81615e-09
25.22 -3 -3 -1.81687e-09
25.23 -3 -3 -1.81759e-09
25.24 -3 -3 -1.81831e-09
25.25 -3 -3 -1.81902e-09
25.26 -3 -3 -1.81974e-09
25.27 -3 -3 -1.82046e-09
25.28 -3 -3 -1.82118e-09
25.29 -3 -3 -1.8219e-09
25.3 -3 -3 -1.82262e-09
25.31 -3 -3 -1.82334e-09
25.32 -3 -3 -1.82406e-09
25.33 -3 -3 -1.82478e-09
25.34 -3 -3 -1.8255e-09
25.35 -3 -3 -1.82622e-09
25.36 -3 -3 -1.82693e-09
25.37 -3 -3 -1.82765e-09
25.38 -3 -3 -1.82837e-09
25.39 -3 -3 -1.82909e-09
25.4 -3 -3 -1.82981e-09
25.41 -3 -3 -1.83053e-09
25.42 -3 -3 -1.83125e-09
25.43 -3 -3 -1.83197e-09
25.44 -3 -3 -1.83268e-09
25.45 -3 -3 -1.8334e-09
25.46 -3 -3 -1.83412e-09
25.47 -3 -3 -1.83484e-09
25.48 -3 -3 -1.83556e-09
25.49 -3 -3 -1.83628e-09
25.5 -3 -3 -1.837e-09
25.51 -3 -3 -1.83772e-09
25.52 -3 -3 -1.83843e-09
25.53 -3 -3 -1.83915e-09
25.54 -3 -3 -1.83987e-09
25.55 -3 -3 -1.84059e-09
25.56 -3 -3 -1.84131e-09
25.57 -3 -3 -1.84203e-09
25.58 -3 -3 -1.84275e-09
25.59 -3 -3 -1.84346e-09
25.6 -3 -3 -1.84418e-09
25.61 -3 -3 -1.8449e-09
25.62 -3 -3 -1.84562e-09
25.63 -3 -3 -1.84634e-09
25.64 -3 -3 -1.84706e-09
25.65 -3 -3 -1.84777e-09
25.66 -3 -3 -1.84849e-09
25.67 -3 -3 -1.84921e-09
25.68 -3 -3 -1.84993e-09
25.69 -3 -3 -1.85065e-09
25.7 -3 -3 -1.85137e-09
25.71 -3 -3 -1.85208e-09
25.72 -3 -3 -1.8528e-09
25.73 -3 -3 -1.85352e-09
25.74 -3 -3 -1.85424e-09
25.75 -3 -3 -1.85496e-09
25.76 -3 -3 -1.85567e-09
25.77 -3 -3 -1.85639e-09
25.78 -3 -3 -1.85711e-09
25.79 -3 -3 -1.85783e-09
25.8 -3 -3 -1.85855e-09
25.81 -3 -3 -1.85927e-09
25.82 -3 -3 -1.85998e-09
25.83 -3 -3 -1.8607e-09
25.84 -3 -3 -1.86142e-09
25.85 -3 -3 -1.86214e-09
25.86 -3 -3 -1.86286e-09
25.87 -3 -3 -1.86357e-09
25.88 -3 -3 -1.86429e-09
25.89 -3 -3 -1.86501e-09
25.9 -3 -3 -1.86573e-09
25.91 -3 -3 -1.86645e-09
25.92 -3 -3 -1.86717e-09
25.93 -3 -3 -1.86789e-09
25.94 -3 -3 -1.86861e-09
25.95 -3 -3 -1.86933e-09
25.96 -3 -3 -1.87004e-09
25.97 -3 -3 -1.87076e-09
25.98 -3 -3 -1.87148e-09
25.99 -3 -3 -1.8722e-09
26 -3 -3 -1.87292e-09
26.01 -3 -3 -1.87364e-09
26.02 -3 -3 -1.87436e-09
26.03 -3 -3 -1.87508e-09
26.04 -3 -3 -1.8758e-09
26.05 -3 -3 -1.87652e-09
26.06 -3 -3 -1.87724e-09
26.07 -3 -3 -1.87795e-09
26.08 -3 -3 -1.87867e-09
26.09 -3 -3 -1.87939e-09
26.1 -3 -3 -1.88011e-09
26.11 -3 -3 -1.88083e-09
26.12 -3 -3 -1.88155e-09
26.13 -3 -3 -1.88227e-09
26.14 -3 -3 -1.88299e-09
26.15 -3 -3 -1.88371e-09
26.16 -3 -3 -1.88443e-09
26.17 -3 -3 -1.88515e-09
26.18 -3 -3 -1.88587e-09
26.19 -3 -3 -1.88659e-09
26.2 -3 -3 -1.8873e-09
26.21 -3 -3 -1.88802e-09
26.22 -3 -3 -1.88874e-09
26.23 -3 -3 -1.88946e-09
26.24 -3 -3 -1.89018e-09
26.25 -3 -3 -1.8909e-09
26.26 -3 -3 -1.89162e-09
26.27 -3 -3 -1.89234e-09
26.28 -3 -3 -1.89306e-09
26.29 -3 -3 -1.89378e-09
26.3 -3 -3 -1.8945e-09
26.31 -3 -3 -1.89522e-09
26.32 -3 -3 -1.89594e-09
26.33 -3 -3 -1.89666e-09
26.34 -3 -3 -1.89737e-09
26.35 -3 -3 -1.89809e-09
26.36 -3 -3 -1.89881e-09
26.37 -3 -3 -1.89953e-09
26.38 -3 -3 -1.90025e-09
26.39 -3 -3 -1.90097e-09
26.4 -3 -3 -1.90169e-09
26.41 -3 -3 -1.90241e-09
26.42 -3 -3 -1.90313e-09
26.43 -3 -3 -1.90385e-09
26.44 -3 -3 -1.90457e-09
26.45 -3 -3 -1.90528e-09
26.46 -3 -3 -1.906e-09
26.47 -3 -3 -1.90672e-09
26.48 -3 -3 -1.90744e-09
26.49 -3 -3 -1.90816e-09
26.5 -3 -3 -1.90888e-09
26.51 -3 -3 -1.9096e-09
26.52 -3 -3 -1.91032e-09
26.53 -3 -3 -1.91104e-09
26.54 -3 -3 -1.91176e-09
26.55 -3 -3 -1.91248e-09
26.56 -3 -3 -1.9132e-09
26.57 -3 -3 -1.91392e-09
26.58 -3 -3 -1.91464e-09
26.59 -3 -3 -1.91536e-09
26.6 -3 -3 -1.91608e-09
26.61 -3 -3 -1.9168e-09
26.62 -3 -3 -1.91752e-09
26.63 -3 -3 -1.91823e-09
26.64 -3 -3 -1.91895e-09
26.65 -3 -3 -1.91967e-09
26.66 -3 -3 -1.92039e-09
26.67 -3 -3 -1.92111e-09
26.68 -3 -3 -1.92183e-09
26.69 -3 -3 -1.92255e-09
26.7 -3 -3 -1.92327e-09
26.71 -3 -3 -1.92399e-09
26.72 -3 -3 -1.92471e-09
26.73 -3 -3 -1.92542e-09
26.74 -3 -3 -1.92614e-09
26.75 -3 -3 -1.92686e-09
26.76 -3 -3 -1.92758e-09
26.77 -3 -3 -1.9283e-09
26.78 -3 -3 -1.92902e-09
26.79 -3 -3 -1.92974e-09
26.8 -3 -3 -1.93045e-09
26.81 -3 -3 -1.93117e-09
26.82 -3 -3 -1.93189e-09
26.83 -3 -3 -1.93261e-09
26.84 -3 -3 -1.93333e-09
26.85 -3 -3 -1.93405e-09
26.86 -3 -3 -1.93477e-09
26.87 -3 -3 -1.93549e-09
26.88 -3 -3 -1.9362e-09
26.89 -3 -3 -1.93692e-09
26.9 -3 -3 -1.93764e-09
26.91 -3 -3 -1.93836e-09
26.92 -3 -3 -1.93908e-09
26.93 -3 -3 -1.9398e-09
26.94 -3 -3 -1.94051e-09
26.95 -3 -3 -1.94123e-09
26.96 -3 -3 -1.94195e-09
26.97 -3 -3 -1.94267e-09
26.98 -3 -3 -1.94339e-09
26.99 -3 -3 -1.9441e-09
27 -3 -3 -1.94482e-09
27.01 -3 -3 -1.94554e-09
27.02 -3 -3 -1.94626e-09
27.03 -3 -3 -1.94698e-09
27.04 -3 -3 -1.94769e-09
27.05 -3 -3 -1.94841e-09
27.06 -3 -3 -1.94913e-09
27.07 -3 -3 -1.94985e-09
27.08 -3 -3 -1.95057e-09
27.09 -3 -3 -1.95128e-09
27.1 -3 -3 -1.952e-09
27.11 -3 -3 -1.95272e-09
27.12 -3 -3 -1.95344e-09
27.13 -3 -3 -1.95415e-09
27.14 -3 -3 -1.95487e-09
27.15 -3 -3 -1.95559e-09
27.16 -3 -3 -1.95631e-09
27.17 -3 -3 -1.95703e-09
27.18 -3 -3 -1.95774e-09
27.19 -3 -3 -1.95846e-09
27.2 -3 -3 -1.95918e-09
27.21 -3 -3 -1.95989e-09
27.22 -3 -3 -1.96061e-09
27.23 -3 -3 -1.96133e-09
27.24 -3 -3 -1.96205e-09
27.25 -3 -3 -1.96276e-09
27.26 -3 -3 -1.96348e-09
27.27 -3 -3 -1.9642e-09
27.28 -3 -3 -1.96491e-09
27.29 -3 -3 -1.96563e-09
27.3 -3 -3 -1.96635e-09
27.31 -3 -3 -1.96707e-09
27.32 -3 -3 -1.96778e-09
27.33 -3 -3 -1.9685e-09
27.34 -3 -3 -1.96922e-09
27.35 -3 -3 -1.96993e-09
27.36 -3 -3 -1.97065e-09
27.37 -3 -3 -1.97137e-09
27.38 -3 -3 -1.97208e-09
27.39 -3 -3 -1.9728e-09
27.4 -3 -3 -1.97352e-09
27.41 -3 -3 -1.97424e-09
27.42 -3 -3 -1.97495e-09
27.43 -3 -3 -1.97567e-09
27.44 -3 -3 -1.97639e-09
27.45 -3 -3 -1.9771e-09
27.46 -3 -3 -1.97782e-09
27.47 -3 -3 -1.97854e-09
27.48 -3 -3 -1.97926e-09
27.49 -3 -3 -1.97997e-09
27.5 -3 -3 -1.98069e-09
27.51 -3 -3 -1.98141e-09
27.52 -3 -3 -1.98212e-09
27.53 -3 -3 -1.98284e-09
27.54 -3 -3 -1.98356e-09
27.55 -3 -3 -1.98427e-09
27.56 -3 -3 -1.98499e-09
27.57 -3 -3 -1.98571e-09
27.58 -3 -3 -1.98642e-09
27.59 -3 -3 -1.98714e-09
27.6 -3 -3 -1.98786e-09
27.61 -3 -3 -1.98857e-09
27.62 -3 -3 -1.98929e-09
27.63 -3 -3 -1.99001e-09
27.64 -3 -3 -1.99072e-09
27.65 -3 -3 -1.99144e-09
27.66 -3 -3 -1.99216e-09
27.67 -3 -3 -1.99287e-09
27.68 -3 -3 -1.99359e-09
27.69 -3 -3 -1.99431e-09
27.7 -3 -3 -1.99502e-09
27.71 -3 -3 -1.99574e-09
27.72 -3 -3 -1.99646e-09
27.73 -3 -3 -1.99717e-09
27.74 -3 -3 -1.99789e-09
27.75 -3 -3 -1.9986e-09
27.76 -3 -3 -1.99932e-09
27.77 -3 -3 -2.00004e-09
27.78 -3 -3 -2.00075e-09
27.79 -3 -3 -2.00147e-09
27.8 -3 -3 -2.00219e-09
27.81 -3 -3 -2.0029e-09
27.82 -3 -3 -2.00362e-09
27.83 -3 -3 -2.00434e-09
27.84 -3 -3 -2.00505e-09
27.85 -3 -3 -2.00577e-09
27.86 -3 -3 -2.00648e-09
27.87 -3 -3 -2.0072e-09
27.88 -3 -3 -2.00792e-09
27.89 -3 -3 -2.00863e-09
27.9 -3 -3 -2.00935e-09
27.91 -3 -3 -2.01007e-09
27.92 -3 -3 -2.01078e-09
27.93 -3 -3 -2.0115e-09
27.94 -3 -3 -2.01221e-09
27.95 -3 -3 -2.01293e-09
27.96 -3 -3 -2.01365e-09
27.97 -3 -3 -2.01436e-09
27.98 -3 -3 -2.01508e-09
27.99 -3 -3 -2.0158e-09
28 -3 -3 -2.01651e-09
28.01 -3 -3 -2.01723e-09
28.02 -3 -3 -2.01795e-09
28.03 -3 -3 -2.01866e-09
28.04 -3 -3 -2.01938e-09
28.05 -3 -3 -2.0201e-09
28.06 -3 -3 -2.02081e-09
28.07 -3 -3 -2.02153e-09
28.08 -3 -3 -2.02225e-09
28.09 -3 -3 -2.02296e-09
28.1 -3 -3 -2.02368e-09
28.11 -3 -3 -2.0244e-09
28.12 -3 -3 -2.02511e-09
28.13 -3 -3 -2.02583e-09
28.14 -3 -3 -2.02655e-09
28.15 -3 -3 -2.02726e-09
28.16 -3 -3 -2.02798e-09
28.17 -3 -3 -2.0287e-09
28.18 -3 -3 -2.02941e-09
28.19 -3 -3 -2.03013e-09
28.2 -3 -3 -2.03085e-09
28.21 -3 -3 -2.03156e-09
28.22 -3 -3 -2.03228e-09
28.23 -3 -3 -2.033e-09
28.24 -3 -3 -2.03371e-09
28.25 -3 -3 -2.03443e-09
28.26 -3 -3 -2.03515e-09
28.27 -3 -3 -2.03586e-09
28.28 -3 -3 -2.03658e-09
28.29 -3 -3 -2.0373e-09
28.3 -3 -3 -2.03802e-09
28.31 -3 -3 -2.03873e-09
28.32 -3 -3 -2.03945e-09
28.33 -3 -3 -2.04017e-09
28.34 -3 -3 -2.04088e-09
28.35 -3 -3 -2.0416e-09
28.36 -3 -3 -2.04232e-09
28.37 -3 -3 -2.04304e-09
28.38 -3 -3 -2.04375e-09
28.39 -3 -3 -2.04447e-09
28.4 -3 -3 -2.04519e-09
28.41 -3 -3 -2.04591e-09
28.42 -3 -3 -2.04663e-09
28.43 -3 -3 -2.04734e-09
28.44 -3 -3 -2.04806e-09
28.45 -3 -3 -2.04878e-09
28.46 -3 -3 -2.0495e-09
28.47 -3 -3 -2.05022e-09
28.48 -3 -3 -2.05093e-09
28.49 -3 -3 -2.05165e-09
28.5 -3 -3 -2.05237e-09
28.51 -3 -3 -2.05309e-09
28.52 -3 -3 -2.0538e-09
28.53 -3 -3 -2.05452e-09
28.54 -3 -3 -2.05524e-09
28.55 -3 -3 -2.05596e-09
28.56 -3 -3 -2.05668e-09
28.57 -3 -3 -2.05739e-09
28.58 -3 -3 -2.05811e-09
28.59 -3 -3 -2.05883e-09
28.6 -3 -3 -2.05955e-09
28.61 -3 -3 -2.06027e-09
28.62 -3 -3 -2.06098e-09
28.63 -3 -3 -2.0617e-09
28.64 -3 -3 -2.06242e-09
28.65 -3 -3 -2.06314e-09
28.66 -3 -3 -2.06385e-09
28.67 -3 -3 -2.06457e-09
28.68 -3 -3 -2.06529e-09
28.69 -3 -3 -2.06601e-09
28.7 -3 -3 -2.06673e-09
28.71 -3 -3 -2.06744e-09
28.72 -3 -3 -2.06816e-09
28.73 -3 -3 -2.06888e-09
28.74 -3 -3 -2.0696e-09
28.75 -3 -3 -2.07031e-09
28.76 -3 -3 -2.07103e-09
28.77 -3 -3 -2.07175e-09
28.78 -3 -3 -2.07246e-09
28.79 -3 -3 -2.07318e-09
28.8 -3 -3 -2.0739e-09
28.81 -3 -3 -2.07462e-09
28.82 -3 -3 -2.07534e-09
28.83 -3 -3 -2.07605e-09
28.84 -3 -3 -2.07677e-09
28.85 -3 -3 -2.07749e-09
28.86 -3 -3 -2.07821e-09
28.87 -3 -3 -2.07892e-09
28.88 -3 -3 -2.07964e-09
28.89 -3 -3 -2.08036e-09
28.9 -3 -3 -2.08108e-09
28.91 -3 -3 -2.08179e-09
28.92 -3 -3 -2.08251e-09
28.93 -3 -3 -2.08323e-09
28.94 -3 -3 -2.08395e-09
28.95 -3 -3 -2.08466e-09
28.96 -3 -3 -2.08538e-09
28.97 -3 -3 -2.0861e-09
28.98 -3 -3 -2.08682e-09
28.99 -3 -3 -2.08754e-09
29 -3 -3 -2.08825e-09
29.01 -3 -3 -2.08897e-09
29.02 -3 -3 -2.08969e-09
29.03 -3 -3 -2.09041e-09
29.04 -3 -3 -2.09112e-09
29.05 -3 -3 -2.09184e-09
29.06 -3 -3 -2.09256e-09
29.07 -3 -3 -2.09328e-09
29.08 -3 -3 -2.09399e-09
29.09 -3 -3 -2.09471e-09
29.1 -3 -3 -2.09543e-09
29.11 -3 -3 -2.09615e-09
29.12 -3 -3 -2.09687e-09
29.13 -3 -3 -2.09758e-09
29.14 -3 -3 -2.0983e-09
29.15 -3 -3 -2.09902e-09
29.16 -3 -3 -2.09974e-09
29.17 -3 -3 -2.10045e-09
29.18 -3 -3 -2.10117e-09
29.19 -3 -3 -2.10189e-09
29.2 -3 -3 -2.10261e-09
29.21 -3 -3 -2.10333e-09
29.22 -3 -3 -2.10404e-09
29.23 -3 -3 -2.10476e-09
29.24 -3 -3 -2.10548e-09
29.25 -3 -3 -2.1062e-09
29.26 -3 -3 -2.10692e-09
29.27 -3 -3 -2.10763e-09
29.28 -3 -3 -2.10835e-09
29.29 -3 -3 -2.10907e-09
29.3 -3 -3 -2.10979e-09
29.31 -3 -3 -2.11051e-09
29.32 -3 -3 -2.11122e-09
29.33 -3 -3 -2.11194e-09
29.34 -3 -3 -2.11266e-09
29.35 -3 -3 -2.11338e-09
29.36 -3 -3 -2.1141e-09
29.37 -3 -3 -2.11481e-09
29.38 -3 -3 -2.11553e-09
29.39 -3 -3 -2.11625e-09
29.4 -3 -3 -2.11697e-09
29.41 -3 -3 -2.11769e-09
29.42 -3 -3 -2.1184e-09
29.43 -3 -3 -2.11912e-09
29.44 -3 -3 -2.11984e-09
29.45 -3 -3 -2.12056e-09
29.46 -3 -3 -2.12128e-09
29.47 -3 -3 -2.12199e-09
29.48 -3 -3 -2.12271e-09
29.49 -3 -3 -2.12343e-09
29.5 -3 -3 -2.12415e-09
29.51 -3 -3 -2.12487e-09
29.52 -3 -3 -2.12559e-09
29.53 -3 -3 -2.12631e-09
29.54 -3 -3 -2.12703e-09
29.55 -3 -3 -2.12774e-09
29.56 -3 -3 -2.12846e-09
29.57 -3 -3 -2.12918e-09
29.58 -3 -3 -2.1299e-09
29.59 -3 -3 -2.13062e-09
29.6 -3 -3 -2.13134e-09
29.61 -3 -3 -2.13206e-09
29.62 -3 -3 -2.13278e-09
29.63 -3 -3 -2.1335e-09
29.64 -3 -3 -2.13422e-09
29.65 -3 -3 -2.13494e-09
29.66 -3 -3 -2.13566e-09
29.67 -3 -3 -2.13638e-09
29.68 -3 -3 -2.1371e-09
29.69 -3 -3 -2.13782e-09
29.7 -3 -3 -2.13854e-09
29.71 -3 -3 -2.13926e-09
29.72 -3 -3 -2.13998e-09
29.73 -3 -3 -2.1407e-09
29.74 -3 -3 -2.14142e-09
29.75 -3 -3 -2.14214e-09
29.76 -3 -3 -2.14286e-09
29.77 -3 -3 -2.14357e-09
29.78 -3 -3 -2.14429e-09
29.79 -3 -3 -2.14501e-09
29.8 -3 -3 -2.14573e-09
29.81 -3 -3 -2.14645e-09
29.82 -3 -3 -2.14717e-09
29.83 -3 -3 -2.14789e-09
29.84 -3 -3 -2.14861e-09
29.85 -3 -3 -2.14933e-09
29.86 -3 -3 -2.15005e-09
29.87 -3 -3 -2.15077e-09
29.88 -3 -3 -2.15149e-09
29.89 -3 -3 -2.15221e-09
29.9 -3 -3 -2.15293e-09
29.91 -3 -3 -2.15364e-09
29.92 -3 -3 -2.15436e-09
29.93 -3 -3 -2.15508e-09
29.94 -3 -3 -2.1558e-09
29.95 -3 -3 -2.15652e-09
29.96 -3 -3 -2.15724e-09
29.97 -3 -3 -2.15796e-09
29.98 -3 -3 -2.15868e-09
