0 0 0 0
0.01 -0.0075 -0.0075 4.33681e-19
0.02 -0.015 -0.015 1.17196e-14
0.03 -0.0225 -0.0225 3.57156e-14
0.04 -0.03 -0.03 7.11939e-14
0.05 -0.0375 -0.0375 1.18126e-13
0.06 -0.045 -0.045 1.75964e-13
0.07 -0.0525 -0.0525 2.44633e-13
0.08 -0.06 -0.06 3.23407e-13
0.09 -0.0675 -0.0675 4.12692e-13
0.1 -0.0749999 -0.0749999 5.12003e-13
0.11 -0.0824999 -0.0824999 6.20531e-13
0.12 -0.0899999 -0.0899999 7.38715e-13
0.13 -0.0974998 -0.0974998 8.66147e-13
0.14 -0.105 -0.105 1.00267e-12
0.15 -0.1125 -0.1125 1.14757e-12
0.16 -0.119999 -0.119999 1.30107e-12
0.17 -0.127499 -0.127499 1.46282e-12
0.18 -0.134999 -0.134999 1.63238e-12
0.19 -0.142499 -0.142499 1.80986e-12
0.2 -0.149998 -0.149998 1.9949e-12
0.21 -0.157498 -0.157498 2.1874e-12
0.22 -0.164997 -0.164997 2.38713e-12
0.23 -0.172497 -0.172497 2.59343e-12
0.24 -0.179996 -0.179996 2.80684e-12
0.25 -0.187495 -0.187495 3.02691e-12
0.26 -0.194994 -0.194994 3.25305e-12
0.27 -0.202493 -0.202493 3.48551e-12
0.28 -0.209991 -0.209991 3.72372e-12
0.29 -0.217489 -0.217489 3.96828e-12
0.3 -0.224988 -0.224988 4.21813e-12
0.31 -0.232485 -0.232485 4.47392e-12
0.32 -0.239983 -0.239983 4.73448e-12
0.33 -0.24748 -0.24748 5.00042e-12
0.34 -0.254977 -0.254977 5.27159e-12
0.35 -0.262474 -0.262474 5.54726e-12
0.36 -0.26997 -0.26997 5.82767e-12
0.37 -0.277466 -0.277466 6.11296e-12
0.38 -0.284961 -0.284961 6.40228e-12
0.39 -0.292456 -0.292456 6.69594e-12
0.4 -0.299951 -0.299951 6.99409e-12
0.41 -0.307445 -0.307445 7.29598e-12
0.42 -0.314938 -0.314938 7.60143e-12
0.43 -0.322431 -0.322431 7.91093e-12
0.44 -0.329923 -0.329923 8.22383e-12
0.45 -0.337414 -0.337414 8.54033e-12
0.46 -0.344905 -0.344905 8.86049e-12
0.47 -0.352395 -0.352395 9.18366e-12
0.48 -0.359884 -0.359884 9.50999e-12
0.49 -0.367372 -0.367372 9.83912e-12
0.5 -0.374859 -0.374859 1.01716e-11
0.51 -0.382346 -0.382346 1.05065e-11
0.52 -0.389831 -0.389831 1.08442e-11
0.53 -0.397316 -0.397316 1.11848e-11
0.54 -0.404799 -0.404799 1.15277e-11
0.55 -0.412281 -0.412281 1.18728e-11
0.56 -0.419762 -0.419762 1.22205e-11
0.57 -0.427241 -0.427241 1.25703e-11
0.58 -0.43472 -0.43472 1.29219e-11
0.59 -0.442197 -0.442197 1.3276e-11
0.6 -0.449672 -0.449672 1.3632e-11
0.61 -0.457146 -0.457146 1.39895e-11
0.62 -0.464619 -0.464619 1.43495e-11
0.63 -0.47209 -0.47209 1.47103e-11
0.64 -0.479559 -0.479559 1.50731e-11
0.65 -0.487027 -0.487027 1.54376e-11
0.66 -0.494492 -0.494492 1.58037e-11
0.67 -0.501956 -0.501956 1.61711e-11
0.68 -0.509418 -0.509418 1.65396e-11
0.69 -0.516878 -0.516878 1.69093e-11
0.7 -0.524336 -0.524336 1.72803e-11
0.71 -0.531792 -0.531792 1.76524e-11
0.72 -0.539245 -0.539245 1.80258e-11
0.73 -0.546697 -0.546697 1.83999e-11
0.74 -0.554146 -0.554146 1.87749e-11
0.75 -0.561592 -0.561592 1.91511e-11
0.76 -0.569036 -0.569036 1.95278e-11
0.77 -0.576478 -0.576478 1.99054e-11
0.78 -0.583917 -0.583917 2.02839e-11
0.79 -0.591353 -0.591353 2.06628e-11
0.8 -0.598786 -0.598786 2.10425e-11
0.81 -0.606216 -0.606216 2.14227e-11
0.82 -0.613644 -0.613644 2.18033e-11
0.83 -0.621068 -0.621068 2.21847e-11
0.84 -0.62849 -0.62849 2.25662e-11
0.85 -0.635908 -0.635908 2.29483e-11
0.86 -0.643323 -0.643323 2.33308e-11
0.87 -0.650734 -0.650734 2.37134e-11
0.88 -0.658142 -0.658142 2.40963e-11
0.89 -0.665547 -0.665547 2.44794e-11
0.9 -0.672948 -0.672948 2.48624e-11
0.91 -0.680345 -0.680345 2.52456e-11
0.92 -0.687738 -0.687738 2.56287e-11
0.93 -0.695128 -0.695128 2.60124e-11
0.94 -0.702513 -0.702513 2.63956e-11
0.95 -0.709895 -0.709895 2.67789e-11
0.96 -0.717272 -0.717272 2.71624e-11
0.97 -0.724645 -0.724645 2.75455e-11
0.98 -0.732014 -0.732014 2.79288e-11
0.99 -0.739379 -0.739379 2.83118e-11
1 -0.746738 -0.746738 2.86945e-11
1.01 -0.754094 -0.754094 2.90771e-11
1.02 -0.761444 -0.761444 2.94595e-11
1.03 -0.76879 -0.76879 2.98418e-11
1.04 -0.776131 -0.776131 3.02237e-11
1.05 -0.783467 -0.783467 3.06056e-11
1.06 -0.790798 -0.790798 3.09869e-11
1.07 -0.798124 -0.798124 3.1368e-11
1.08 -0.805444 -0.805444 3.17486e-11
1.09 -0.812759 -0.812759 3.21288e-11
1.1 -0.820069 -0.820069 3.2509e-11
1.11 -0.827373 -0.827373 3.28885e-11
1.12 -0.834672 -0.834672 3.32674e-11
1.13 -0.841964 -0.841964 3.36458e-11
1.14 -0.849251 -0.849251 3.40238e-11
1.15 -0.856532 -0.856532 3.44013e-11
1.16 -0.863807 -0.863807 3.47785e-11
1.17 -0.871076 -0.871076 3.51551e-11
1.18 -0.878339 -0.878339 3.5531e-11
1.19 -0.885595 -0.885595 3.59066e-11
1.2 -0.892845 -0.892845 3.62815e-11
1.21 -0.900089 -0.900089 3.66556e-11
1.22 -0.907326 -0.907326 3.70293e-11
1.23 -0.914556 -0.914556 3.74025e-11
1.24 -0.921779 -0.921779 3.77751e-11
1.25 -0.928996 -0.928996 3.81471e-11
1.26 -0.936205 -0.936205 3.85182e-11
1.27 -0.943407 -0.943407 3.88888e-11
1.28 -0.950603 -0.950603 3.92588e-11
1.29 -0.957791 -0.957791 3.96282e-11
1.3 -0.964971 -0.964971 3.99973e-11
1.31 -0.972144 -0.972144 4.03651e-11
1.32 -0.97931 -0.97931 4.07326e-11
1.33 -0.986467 -0.986467 4.10991e-11
1.34 -0.993617 -0.993617 4.14655e-11
1.35 -1.00076 -1.00076 4.18304e-11
1.36 -1.00789 -1.00789 4.21948e-11
1.37 -1.01502 -1.01502 4.25588e-11
1.38 -1.02214 -1.02214 4.29217e-11
1.39 -1.02925 -1.02925 4.32841e-11
1.4 -1.03635 -1.03635 4.36457e-11
1.41 -1.04344 -1.04344 4.40068e-11
1.42 -1.05053 -1.05053 4.43671e-11
1.43 -1.0576 -1.0576 4.47266e-11
1.44 -1.06467 -1.06467 4.50857e-11
1.45 -1.07173 -1.07173 4.54437e-11
1.46 -1.07878 -1.07878 4.58011e-11
1.47 -1.08582 -1.08582 4.61578e-11
1.48 -1.09285 -1.09285 4.65138e-11
1.49 -1.09987 -1.09987 4.6869e-11
1.5 -1.10688 -1.10688 4.72234e-11
1.51 -1.11388 -1.11388 4.75773e-11
1.52 -1.12088 -1.12088 4.79304e-11
1.53 -1.12786 -1.12786 4.82826e-11
1.54 -1.13483 -1.13483 4.86343e-11
1.55 -1.1418 -1.1418 4.89849e-11
1.56 -1.14875 -1.14875 4.9335e-11
1.57 -1.1557 -1.1557 4.9684e-11
1.58 -1.16263 -1.16263 5.00326e-11
1.59 -1.16956 -1.16956 5.03804e-11
1.6 -1.17647 -1.17647 5.07274e-11
1.61 -1.18337 -1.18337 5.10738e-11
1.62 -1.19027 -1.19027 5.14191e-11
1.63 -1.19715 -1.19715 5.17639e-11
1.64 -1.20402 -1.20402 5.21079e-11
1.65 -1.21088 -1.21088 5.24513e-11
1.66 -1.21773 -1.21773 5.27938e-11
1.67 -1.22457 -1.22457 5.31361e-11
1.68 -1.2314 -1.2314 5.34772e-11
1.69 -1.23822 -1.23822 5.3818e-11
1.7 -1.24503 -1.24503 5.41577e-11
1.71 -1.25182 -1.25182 5.44968e-11
1.72 -1.25861 -1.25861 5.48352e-11
1.73 -1.26538 -1.26538 5.51728e-11
1.74 -1.27214 -1.27214 5.55097e-11
1.75 -1.27889 -1.27889 5.58459e-11
1.76 -1.28563 -1.28563 5.61814e-11
1.77 -1.29236 -1.29236 5.65164e-11
1.78 -1.29907 -1.29907 5.68506e-11
1.79 -1.30577 -1.30577 5.71843e-11
1.8 -1.31246 -1.31246 5.75174e-11
1.81 -1.31914 -1.31914 5.78497e-11
1.82 -1.32581 -1.32581 5.81818e-11
1.83 -1.33246 -1.33246 5.85129e-11
1.84 -1.33911 -1.33911 5.88435e-11
1.85 -1.34573 -1.34573 5.91732e-11
1.86 -1.35235 -1.35235 5.95026e-11
1.87 -1.35896 -1.35896 5.98313e-11
1.88 -1.36555 -1.36555 6.01593e-11
1.89 -1.37213 -1.37213 6.04865e-11
1.9 -1.37869 -1.37869 6.08133e-11
1.91 -1.38525 -1.38525 6.11394e-11
1.92 -1.39179 -1.39179 6.14649e-11
1.93 -1.39832 -1.39832 6.17895e-11
1.94 -1.40483 -1.40483 6.21138e-11
1.95 -1.41133 -1.41133 6.24375e-11
1.96 -1.41782 -1.41782 6.27604e-11
1.97 -1.4243 -1.4243 6.30829e-11
1.98 -1.43076 -1.43076 6.34047e-11
1.99 -1.43721 -1.43721 6.3726e-11
2 -1.44364 -1.44364 6.40467e-11
2.01 -1.45007 -1.45007 6.4367e-11
2.02 -1.45647 -1.45647 6.46867e-11
2.03 -1.46287 -1.46287 6.50058e-11
2.04 -1.46925 -1.46925 6.53246e-11
2.05 -1.47562 -1.47562 6.56427e-11
2.06 -1.48197 -1.48197 6.59603e-11
2.07 -1.48831 -1.48831 6.62774e-11
2.08 -1.49463 -1.49463 6.65939e-11
2.09 -1.50094 -1.50094 6.69099e-11
2.1 -1.50724 -1.50724 6.72254e-11
2.11 -1.51352 -1.51352 6.75404e-11
2.12 -1.51979 -1.51979 6.78548e-11
2.13 -1.52605 -1.52605 6.81689e-11
2.14 -1.53229 -1.53229 6.84825e-11
2.15 -1.53851 -1.53851 6.87954e-11
2.16 -1.54472 -1.54472 6.91081e-11
2.17 -1.55092 -1.55092 6.94204e-11
2.18 -1.5571 -1.5571 6.9732e-11
2.19 -1.56327 -1.56327 7.00432e-11
2.2 -1.56942 -1.56942 7.03539e-11
2.21 -1.57556 -1.57556 7.06643e-11
2.22 -1.58168 -1.58168 7.09742e-11
2.23 -1.58779 -1.58779 7.12837e-11
2.24 -1.59388 -1.59388 7.15925e-11
2.25 -1.59996 -1.59996 7.19013e-11
2.26 -1.60602 -1.60602 7.22094e-11
2.27 -1.61207 -1.61207 7.25172e-11
2.28 -1.61811 -1.61811 7.28244e-11
2.29 -1.62412 -1.62412 7.31314e-11
2.3 -1.63013 -1.63013 7.34381e-11
2.31 -1.63611 -1.63611 7.37443e-11
2.32 -1.64209 -1.64209 7.40501e-11
2.33 -1.64804 -1.64804 7.43557e-11
2.34 -1.65398 -1.65398 7.46607e-11
2.35 -1.65991 -1.65991 7.49653e-11
2.36 -1.66582 -1.66582 7.52695e-11
2.37 -1.67172 -1.67172 7.55733e-11
2.38 -1.67759 -1.67759 7.58765e-11
2.39 -1.68346 -1.68346 7.61794e-11
2.4 -1.68931 -1.68931 7.64819e-11
2.41 -1.69514 -1.69514 7.67841e-11
2.42 -1.70096 -1.70096 7.70858e-11
2.43 -1.70676 -1.70676 7.7387e-11
2.44 -1.71254 -1.71254 7.7688e-11
2.45 -1.71831 -1.71831 7.79888e-11
2.46 -1.72407 -1.72407 7.82891e-11
2.47 -1.7298 -1.7298 7.8589e-11
2.48 -1.73553 -1.73553 7.88886e-11
2.49 -1.74123 -1.74123 7.9188e-11
2.5 -1.74692 -1.74692 7.94871e-11
2.51 -1.75259 -1.75259 7.97859e-11
2.52 -1.75825 -1.75825 8.00844e-11
2.53 -1.76389 -1.76389 8.03828e-11
2.54 -1.76952 -1.76952 8.0681e-11
2.55 -1.77513 -1.77513 8.09787e-11
2.56 -1.78072 -1.78072 8.12761e-11
2.57 -1.7863 -1.7863 8.15735e-11
2.58 -1.79186 -1.79186 8.18704e-11
2.59 -1.7974 -1.7974 8.21674e-11
2.6 -1.80293 -1.80293 8.24641e-11
2.61 -1.80844 -1.80844 8.27604e-11
2.62 -1.81394 -1.81394 8.30568e-11
2.63 -1.81942 -1.81942 8.33527e-11
2.64 -1.82488 -1.82488 8.36484e-11
2.65 -1.83033 -1.83033 8.39437e-11
2.66 -1.83576 -1.83576 8.4239e-11
2.67 -1.84117 -1.84117 8.45339e-11
2.68 -1.84657 -1.84657 8.48286e-11
2.69 -1.85195 -1.85195 8.51231e-11
2.7 -1.85731 -1.85731 8.54171e-11
2.71 -1.86266 -1.86266 8.57113e-11
2.72 -1.86799 -1.86799 8.60051e-11
2.73 -1.87331 -1.87331 8.62989e-11
2.74 -1.8786 -1.8786 8.65925e-11
2.75 -1.88388 -1.88388 8.68858e-11
2.76 -1.88915 -1.88915 8.71789e-11
2.77 -1.8944 -1.8944 8.74719e-11
2.78 -1.89963 -1.89963 8.77647e-11
2.79 -1.90484 -1.90484 8.80575e-11
2.8 -1.91004 -1.91004 8.835e-11
2.81 -1.91522 -1.91522 8.86426e-11
2.82 -1.92039 -1.92039 8.89348e-11
2.83 -1.92553 -1.92553 8.92267e-11
2.84 -1.93066 -1.93066 8.95186e-11
2.85 -1.93578 -1.93578 8.98103e-11
2.86 -1.94088 -1.94088 9.01018e-11
2.87 -1.94596 -1.94596 9.03933e-11
2.88 -1.95102 -1.95102 9.06847e-11
2.89 -1.95607 -1.95607 9.0976e-11
2.9 -1.9611 -1.9611 9.1267e-11
2.91 -1.96611 -1.96611 9.15581e-11
2.92 -1.97111 -1.97111 9.18491e-11
2.93 -1.97609 -1.97609 9.21399e-11
2.94 -1.98105 -1.98105 9.24307e-11
2.95 -1.986 -1.986 9.27214e-11
2.96 -1.99093 -1.99093 9.30121e-11
2.97 -1.99584 -1.99584 9.33028e-11
2.98 -2.00074 -2.00074 9.35934e-11
2.99 -2.00562 -2.00562 9.38841e-11
3 -2.01048 -2.01048 9.41744e-11
3.01 -2.01533 -2.01533 9.44648e-11
3.02 -2.02016 -2.02016 9.4755e-11
3.03 -2.02497 -2.02497 9.50451e-11
3.04 -2.02976 -2.02976 9.53354e-11
3.05 -2.03454 -2.03454 9.56255e-11
3.06 -2.03931 -2.03931 9.59152e-11
3.07 -2.04405 -2.04405 9.62049e-11
3.08 -2.04878 -2.04878 9.64942e-11
3.09 -2.05349 -2.05349 9.67837e-11
3.1 -2.05818 -2.05818 9.7073e-11
3.11 -2.06286 -2.06286 9.73624e-11
3.12 -2.06752 -2.06752 9.76513e-11
3.13 -2.07217 -2.07217 9.79402e-11
3.14 -2.0768 -2.0768 9.82292e-11
3.15 -2.08141 -2.08141 9.85179e-11
3.16 -2.086 -2.086 9.88067e-11
3.17 -2.09058 -2.09058 9.90956e-11
3.18 -2.09514 -2.09514 9.93841e-11
3.19 -2.09968 -2.09968 9.96726e-11
3.2 -2.10421 -2.10421 9.9961e-11
3.21 -2.10872 -2.10872 1.00249e-10
3.22 -2.11321 -2.11321 1.00538e-10
3.23 -2.11769 -2.11769 1.00827e-10
3.24 -2.12215 -2.12215 1.01115e-10
3.25 -2.1266 -2.1266 1.01404e-10
3.26 -2.13102 -2.13102 1.01693e-10
3.27 -2.13543 -2.13543 1.01981e-10
3.28 -2.13983 -2.13983 1.0227e-10
3.29 -2.14421 -2.14421 1.02559e-10
3.3 -2.14857 -2.14857 1.02848e-10
3.31 -2.15291 -2.15291 1.03137e-10
3.32 -2.15724 -2.15724 1.03426e-10
3.33 -2.16155 -2.16155 1.03715e-10
3.34 -2.16584 -2.16584 1.04004e-10
3.35 -2.17012 -2.17012 1.04293e-10
3.36 -2.17438 -2.17438 1.04582e-10
3.37 -2.17863 -2.17863 1.04871e-10
3.38 -2.18286 -2.18286 1.0516e-10
3.39 -2.18707 -2.18707 1.05449e-10
3.4 -2.19127 -2.19127 1.05739e-10
3.41 -2.19545 -2.19545 1.06028e-10
3.42 -2.19961 -2.19961 1.06317e-10
3.43 -2.20375 -2.20375 1.06606e-10
3.44 -2.20789 -2.20789 1.06896e-10
3.45 -2.212 -2.212 1.07185e-10
3.46 -2.2161 -2.2161 1.07475e-10
3.47 -2.22018 -2.22018 1.07764e-10
3.48 -2.22424 -2.22424 1.08054e-10
3.49 -2.22829 -2.22829 1.08343e-10
3.5 -2.23233 -2.23233 1.08632e-10
3.51 -2.23634 -2.23634 1.08922e-10
3.52 -2.24034 -2.24034 1.09211e-10
3.53 -2.24433 -2.24433 1.095e-10
3.54 -2.2483 -2.2483 1.09789e-10
3.55 -2.25225 -2.25225 1.10077e-10
3.56 -2.25618 -2.25618 1.10366e-10
3.57 -2.2601 -2.2601 1.10656e-10
3.58 -2.26401 -2.26401 1.10945e-10
3.59 -2.2679 -2.2679 1.11234e-10
3.6 -2.27177 -2.27177 1.11523e-10
3.61 -2.27562 -2.27562 1.11813e-10
3.62 -2.27946 -2.27946 1.12102e-10
3.63 -2.28329 -2.28329 1.12392e-10
3.64 -2.2871 -2.2871 1.12681e-10
3.65 -2.29089 -2.29089 1.1297e-10
3.66 -2.29467 -2.29467 1.1326e-10
3.67 -2.29843 -2.29843 1.1355e-10
3.68 -2.30217 -2.30217 1.13839e-10
3.69 -2.3059 -2.3059 1.14129e-10
3.7 -2.30962 -2.30962 1.14419e-10
3.71 -2.31332 -2.31332 1.1471e-10
3.72 -2.317 -2.317 1.15e-10
3.73 -2.32067 -2.32067 1.1529e-10
3.74 -2.32432 -2.32432 1.15579e-10
3.75 -2.32795 -2.32795 1.15869e-10
3.76 -2.33157 -2.33157 1.16159e-10
3.77 -2.33518 -2.33518 1.16448e-10
3.78 -2.33877 -2.33877 1.16738e-10
3.79 -2.34234 -2.34234 1.17029e-10
3.8 -2.3459 -2.3459 1.17319e-10
3.81 -2.34944 -2.34944 1.17609e-10
3.82 -2.35297 -2.35297 1.179e-10
3.83 -2.35649 -2.35649 1.1819e-10
3.84 -2.35998 -2.35998 1.18481e-10
3.85 -2.36347 -2.36347 1.18772e-10
3.86 -2.36693 -2.36693 1.19063e-10
3.87 -2.37038 -2.37038 1.19354e-10
3.88 -2.37382 -2.37382 1.19646e-10
3.89 -2.37724 -2.37724 1.19937e-10
3.9 -2.38065 -2.38065 1.20229e-10
3.91 -2.38404 -2.38404 1.20521e-10
3.92 -2.38742 -2.38742 1.20813e-10
3.93 -2.39078 -2.39078 1.21105e-10
3.94 -2.39413 -2.39413 1.21397e-10
3.95 -2.39746 -2.39746 1.21688e-10
3.96 -2.40078 -2.40078 1.2198e-10
3.97 -2.40408 -2.40408 1.22273e-10
3.98 -2.40737 -2.40737 1.22565e-10
3.99 -2.41064 -2.41064 1.22858e-10
4 -2.4139 -2.4139 1.23151e-10
4.01 -2.41714 -2.41714 1.23444e-10
4.02 -2.42037 -2.42037 1.23737e-10
4.03 -2.42359 -2.42359 1.2403e-10
4.04 -2.42679 -2.42679 1.24323e-10
4.05 -2.42997 -2.42997 1.24617e-10
4.06 -2.43314 -2.43314 1.2491e-10
4.07 -2.4363 -2.4363 1.25204e-10
4.08 -2.43944 -2.43944 1.25497e-10
4.09 -2.44257 -2.44257 1.25791e-10
4.1 -2.44568 -2.44568 1.26085e-10
4.11 -2.44878 -2.44878 1.2638e-10
4.12 -2.45187 -2.45187 1.26674e-10
4.13 -2.45494 -2.45494 1.26969e-10
4.14 -2.458 -2.458 1.27263e-10
4.15 -2.46104 -2.46104 1.27558e-10
4.16 -2.46407 -2.46407 1.27853e-10
4.17 -2.46708 -2.46708 1.28149e-10
4.18 -2.47008 -2.47008 1.28444e-10
4.19 -2.47307 -2.47307 1.28739e-10
4.2 -2.47604 -2.47604 1.29035e-10
4.21 -2.479 -2.479 1.29331e-10
4.22 -2.48194 -2.48194 1.29626e-10
4.23 -2.48487 -2.48487 1.29922e-10
4.24 -2.48779 -2.48779 1.30218e-10
4.25 -2.49069 -2.49069 1.30514e-10
4.26 -2.49358 -2.49358 1.3081e-10
4.27 -2.49646 -2.49646 1.31106e-10
4.28 -2.49932 -2.49932 1.31403e-10
4.29 -2.50217 -2.50217 1.31699e-10
4.3 -2.50501 -2.50501 1.31996e-10
4.31 -2.50783 -2.50783 1.32292e-10
4.32 -2.51064 -2.51064 1.32589e-10
4.33 -2.51343 -2.51343 1.32886e-10
4.34 -2.51621 -2.51621 1.33182e-10
4.35 -2.51898 -2.51898 1.33479e-10
4.36 -2.52174 -2.52174 1.33776e-10
4.37 -2.52448 -2.52448 1.34073e-10
4.38 -2.52721 -2.52721 1.3437e-10
4.39 -2.52992 -2.52992 1.34668e-10
4.4 -2.53263 -2.53263 1.34965e-10
4.41 -2.53532 -2.53532 1.35262e-10
4.42 -2.53799 -2.53799 1.3556e-10
4.43 -2.54066 -2.54066 1.35857e-10
4.44 -2.54331 -2.54331 1.36155e-10
4.45 -2.54594 -2.54594 1.36452e-10
4.46 -2.54857 -2.54857 1.3675e-10
4.47 -2.55118 -2.55118 1.37048e-10
4.48 -2.55378 -2.55378 1.37345e-10
4.49 -2.55636 -2.55636 1.37643e-10
4.5 -2.55894 -2.55894 1.37941e-10
4.51 -2.5615 -2.5615 1.38239e-10
4.52 -2.56405 -2.56405 1.38537e-10
4.53 -2.56658 -2.56658 1.38835e-10
4.54 -2.56911 -2.56911 1.39133e-10
4.55 -2.57162 -2.57162 1.39431e-10
4.56 -2.57412 -2.57412 1.3973e-10
4.57 -2.5766 -2.5766 1.40028e-10
4.58 -2.57907 -2.57907 1.40325e-10
4.59 -2.58154 -2.58154 1.40624e-10
4.6 -2.58398 -2.58398 1.40922e-10
4.61 -2.58642 -2.58642 1.4122e-10
4.62 -2.58885 -2.58885 1.41518e-10
4.63 -2.59126 -2.59126 1.41816e-10
4.64 -2.59366 -2.59366 1.42114e-10
4.65 -2.59605 -2.59605 1.42412e-10
4.66 -2.59842 -2.59842 1.4271e-10
4.67 -2.60079 -2.60079 1.43009e-10
4.68 -2.60314 -2.60314 1.43307e-10
4.69 -2.60548 -2.60548 1.43605e-10
4.7 -2.60781 -2.60781 1.43903e-10
4.71 -2.61012 -2.61012 1.44202e-10
4.72 -2.61243 -2.61243 1.445e-10
4.73 -2.61472 -2.61472 1.44799e-10
4.74 -2.617 -2.617 1.45098e-10
4.75 -2.61927 -2.61927 1.45397e-10
4.76 -2.62153 -2.62153 1.45696e-10
4.77 -2.62378 -2.62378 1.45994e-10
4.78 -2.62602 -2.62602 1.46293e-10
4.79 -2.62824 -2.62824 1.46593e-10
4.8 -2.63045 -2.63045 1.46892e-10
4.81 -2.63265 -2.63265 1.47192e-10
4.82 -2.63484 -2.63484 1.47491e-10
4.83 -2.63702 -2.63702 1.47791e-10
4.84 -2.63919 -2.63919 1.4809e-10
4.85 -2.64134 -2.64134 1.4839e-10
4.86 -2.64349 -2.64349 1.4869e-10
4.87 -2.64562 -2.64562 1.48991e-10
4.88 -2.64774 -2.64774 1.49291e-10
4.89 -2.64986 -2.64986 1.49592e-10
4.9 -2.65196 -2.65196 1.49892e-10
4.91 -2.65405 -2.65405 1.50193e-10
4.92 -2.65613 -2.65613 1.50493e-10
4.93 -2.65819 -2.65819 1.50794e-10
4.94 -2.66025 -2.66025 1.51094e-10
4.95 -2.6623 -2.6623 1.51395e-10
4.96 -2.66433 -2.66433 1.51695e-10
4.97 -2.66636 -2.66636 1.51996e-10
4.98 -2.66837 -2.66837 1.52296e-10
4.99 -2.67037 -2.67037 1.52597e-10
5 -2.67237 -2.67237 1.52898e-10
5.01 -2.67435 -2.67435 1.53199e-10
5.02 -2.67632 -2.67632 1.535e-10
5.03 -2.67828 -2.67828 1.53801e-10
5.04 -2.68023 -2.68023 1.54102e-10
5.05 -2.68218 -2.68218 1.54403e-10
5.06 -2.68411 -2.68411 1.54704e-10
5.07 -2.68603 -2.68603 1.55005e-10
5.08 -2.68794 -2.68794 1.55306e-10
5.09 -2.68984 -2.68984 1.55608e-10
5.1 -2.69172 -2.69172 1.55909e-10
5.11 -2.6936 -2.6936 1.56211e-10
5.12 -2.69547 -2.69547 1.56512e-10
5.13 -2.69733 -2.69733 1.56814e-10
5.14 -2.69918 -2.69918 1.57115e-10
5.15 -2.70102 -2.70102 1.57417e-10
5.16 -2.70285 -2.70285 1.57719e-10
5.17 -2.70467 -2.70467 1.58021e-10
5.18 -2.70648 -2.70648 1.58322e-10
5.19 -2.70828 -2.70828 1.58624e-10
5.2 -2.71007 -2.71007 1.58926e-10
5.21 -2.71185 -2.71185 1.59227e-10
5.22 -2.71362 -2.71362 1.59529e-10
5.23 -2.71538 -2.71538 1.59831e-10
5.24 -2.71714 -2.71714 1.60133e-10
5.25 -2.71888 -2.71888 1.60435e-10
5.26 -2.72061 -2.72061 1.60737e-10
5.27 -2.72233 -2.72233 1.61039e-10
5.28 -2.72405 -2.72405 1.61341e-10
5.29 -2.72575 -2.72575 1.61644e-10
5.3 -2.72745 -2.72745 1.61946e-10
5.31 -2.72913 -2.72913 1.62249e-10
5.32 -2.73081 -2.73081 1.62551e-10
5.33 -2.73248 -2.73248 1.62853e-10
5.34 -2.73414 -2.73414 1.63156e-10
5.35 -2.73579 -2.73579 1.63458e-10
5.36 -2.73743 -2.73743 1.6376e-10
5.37 -2.73906 -2.73906 1.64062e-10
5.38 -2.74068 -2.74068 1.64364e-10
5.39 -2.74229 -2.74229 1.64666e-10
5.4 -2.7439 -2.7439 1.64968e-10
5.41 -2.74549 -2.74549 1.65271e-10
5.42 -2.74708 -2.74708 1.65573e-10
5.43 -2.74866 -2.74866 1.65876e-10
5.44 -2.75022 -2.75022 1.66179e-10
5.45 -2.75178 -2.75178 1.66482e-10
5.46 -2.75334 -2.75334 1.66785e-10
5.47 -2.75488 -2.75488 1.67088e-10
5.48 -2.75641 -2.75641 1.67391e-10
5.49 -2.75794 -2.75794 1.67695e-10
5.5 -2.75946 -2.75946 1.67998e-10
5.51 -2.76096 -2.76096 1.68301e-10
5.52 -2.76246 -2.76246 1.68605e-10
5.53 -2.76396 -2.76396 1.68908e-10
5.54 -2.76544 -2.76544 1.69212e-10
5.55 -2.76691 -2.76691 1.69516e-10
5.56 -2.76838 -2.76838 1.6982e-10
5.57 -2.76984 -2.76984 1.70124e-10
5.58 -2.77129 -2.77129 1.70429e-10
5.59 -2.77273 -2.77273 1.70733e-10
5.6 -2.77416 -2.77416 1.71038e-10
5.61 -2.77559 -2.77559 1.71342e-10
5.62 -2.77701 -2.77701 1.71647e-10
5.63 -2.77842 -2.77842 1.71952e-10
5.64 -2.77982 -2.77982 1.72256e-10
5.65 -2.78121 -2.78121 1.72561e-10
5.66 -2.7826 -2.7826 1.72865e-10
5.67 -2.78398 -2.78398 1.7317e-10
5.68 -2.78534 -2.78534 1.73474e-10
5.69 -2.78671 -2.78671 1.73779e-10
5.7 -2.78806 -2.78806 1.74084e-10
5.71 -2.78941 -2.78941 1.74388e-10
5.72 -2.79075 -2.79075 1.74693e-10
5.73 -2.79208 -2.79208 1.74998e-10
5.74 -2.7934 -2.7934 1.75303e-10
5.75 -2.79472 -2.79472 1.75608e-10
5.76 -2.79603 -2.79603 1.75913e-10
5.77 -2.79733 -2.79733 1.76217e-10
5.78 -2.79862 -2.79862 1.76522e-10
5.79 -2.79991 -2.79991 1.76827e-10
5.8 -2.80118 -2.80118 1.77132e-10
5.81 -2.80245 -2.80245 1.77438e-10
5.82 -2.80372 -2.80372 1.77743e-10
5.83 -2.80497 -2.80497 1.78049e-10
5.84 -2.80622 -2.80622 1.78355e-10
5.85 -2.80747 -2.80747 1.7866e-10
5.86 -2.8087 -2.8087 1.78966e-10
5.87 -2.80993 -2.80993 1.79272e-10
5.88 -2.81115 -2.81115 1.79579e-10
5.89 -2.81236 -2.81236 1.79885e-10
5.9 -2.81357 -2.81357 1.80191e-10
5.91 -2.81477 -2.81477 1.80498e-10
5.92 -2.81596 -2.81596 1.80805e-10
5.93 -2.81714 -2.81714 1.81112e-10
5.94 -2.81832 -2.81832 1.81419e-10
5.95 -2.81949 -2.81949 1.81726e-10
5.96 -2.82066 -2.82066 1.82033e-10
5.97 -2.82182 -2.82182 1.8234e-10
5.98 -2.82297 -2.82297 1.82647e-10
5.99 -2.82411 -2.82411 1.82955e-10
6 -2.82525 -2.82525 1.83262e-10
6.01 -2.82638 -2.82638 1.83569e-10
6.02 -2.8275 -2.8275 1.83877e-10
6.03 -2.82862 -2.82862 1.84184e-10
6.04 -2.82973 -2.82973 1.84492e-10
6.05 -2.83084 -2.83084 1.84799e-10
6.06 -2.83193 -2.83193 1.85107e-10
6.07 -2.83302 -2.83302 1.85414e-10
6.08 -2.83411 -2.83411 1.85722e-10
6.09 -2.83519 -2.83519 1.8603e-10
6.1 -2.83626 -2.83626 1.86337e-10
6.11 -2.83732 -2.83732 1.86644e-10
6.12 -2.83838 -2.83838 1.86952e-10
6.13 -2.83944 -2.83944 1.87259e-10
6.14 -2.84048 -2.84048 1.87567e-10
6.15 -2.84152 -2.84152 1.87874e-10
6.16 -2.84256 -2.84256 1.88181e-10
6.17 -2.84359 -2.84359 1.88488e-10
6.18 -2.84461 -2.84461 1.88796e-10
6.19 -2.84562 -2.84562 1.89103e-10
6.2 -2.84663 -2.84663 1.8941e-10
6.21 -2.84764 -2.84764 1.89717e-10
6.22 -2.84864 -2.84864 1.90025e-10
6.23 -2.84963 -2.84963 1.90332e-10
6.24 -2.85061 -2.85061 1.90639e-10
6.25 -2.85159 -2.85159 1.90946e-10
6.26 -2.85257 -2.85257 1.91253e-10
6.27 -2.85353 -2.85353 1.9156e-10
6.28 -2.8545 -2.8545 1.91867e-10
6.29 -2.85545 -2.85545 1.92175e-10
6.3 -2.8564 -2.8564 1.92482e-10
6.31 -2.85735 -2.85735 1.92789e-10
6.32 -2.85829 -2.85829 1.93095e-10
6.33 -2.85922 -2.85922 1.93402e-10
6.34 -2.86015 -2.86015 1.9371e-10
6.35 -2.86107 -2.86107 1.94017e-10
6.36 -2.86199 -2.86199 1.94324e-10
6.37 -2.8629 -2.8629 1.94631e-10
6.38 -2.86381 -2.86381 1.94938e-10
6.39 -2.86471 -2.86471 1.95245e-10
6.4 -2.8656 -2.8656 1.95551e-10
6.41 -2.86649 -2.86649 1.95858e-10
6.42 -2.86737 -2.86737 1.96165e-10
6.43 -2.86825 -2.86825 1.96472e-10
6.44 -2.86912 -2.86912 1.96779e-10
6.45 -2.86999 -2.86999 1.97086e-10
6.46 -2.87085 -2.87085 1.97393e-10
6.47 -2.87171 -2.87171 1.977e-10
6.48 -2.87256 -2.87256 1.98007e-10
6.49 -2.87341 -2.87341 1.98313e-10
6.5 -2.87425 -2.87425 1.9862e-10
6.51 -2.87509 -2.87509 1.98928e-10
6.52 -2.87592 -2.87592 1.99235e-10
6.53 -2.87674 -2.87674 1.99542e-10
6.54 -2.87757 -2.87757 1.99849e-10
6.55 -2.87838 -2.87838 2.00156e-10
6.56 -2.87919 -2.87919 2.00463e-10
6.57 -2.88 -2.88 2.00771e-10
6.58 -2.8808 -2.8808 2.01077e-10
6.59 -2.8816 -2.8816 2.01384e-10
6.6 -2.88239 -2.88239 2.01692e-10
6.61 -2.88317 -2.88317 2.01999e-10
6.62 -2.88395 -2.88395 2.02306e-10
6.63 -2.88473 -2.88473 2.02613e-10
6.64 -2.8855 -2.8855 2.0292e-10
6.65 -2.88627 -2.88627 2.03227e-10
6.66 -2.88703 -2.88703 2.03534e-10
6.67 -2.88779 -2.88779 2.03841e-10
6.68 -2.88854 -2.88854 2.04149e-10
6.69 -2.88929 -2.88929 2.04456e-10
6.7 -2.89003 -2.89003 2.04763e-10
6.71 -2.89077 -2.89077 2.05071e-10
6.72 -2.89151 -2.89151 2.05378e-10
6.73 -2.89224 -2.89224 2.05685e-10
6.74 -2.89296 -2.89296 2.05992e-10
6.75 -2.89368 -2.89368 2.06299e-10
6.76 -2.8944 -2.8944 2.06606e-10
6.77 -2.89511 -2.89511 2.06913e-10
6.78 -2.89582 -2.89582 2.0722e-10
6.79 -2.89652 -2.89652 2.07527e-10
6.8 -2.89722 -2.89722 2.07834e-10
6.81 -2.89791 -2.89791 2.08142e-10
6.82 -2.8986 -2.8986 2.08449e-10
6.83 -2.89928 -2.89928 2.08756e-10
6.84 -2.89997 -2.89997 2.09064e-10
6.85 -2.90064 -2.90064 2.09371e-10
6.86 -2.90131 -2.90131 2.09679e-10
6.87 -2.90198 -2.90198 2.09987e-10
6.88 -2.90265 -2.90265 2.10294e-10
6.89 -2.90331 -2.90331 2.10601e-10
6.9 -2.90396 -2.90396 2.10909e-10
6.91 -2.90461 -2.90461 2.11217e-10
6.92 -2.90526 -2.90526 2.11525e-10
6.93 -2.9059 -2.9059 2.11833e-10
6.94 -2.90654 -2.90654 2.1214e-10
6.95 -2.90718 -2.90718 2.12448e-10
6.96 -2.90781 -2.90781 2.12756e-10
6.97 -2.90844 -2.90844 2.13063e-10
6.98 -2.90906 -2.90906 2.13371e-10
6.99 -2.90968 -2.90968 2.13679e-10
7 -2.91029 -2.91029 2.13987e-10
7.01 -2.9109 -2.9109 2.14295e-10
7.02 -2.91151 -2.91151 2.14603e-10
7.03 -2.91212 -2.91212 2.14911e-10
7.04 -2.91272 -2.91272 2.15219e-10
7.05 -2.91331 -2.91331 2.15528e-10
7.06 -2.9139 -2.9139 2.15836e-10
7.07 -2.91449 -2.91449 2.16145e-10
7.08 -2.91508 -2.91508 2.16454e-10
7.09 -2.91566 -2.91566 2.16762e-10
7.1 -2.91623 -2.91623 2.17071e-10
7.11 -2.91681 -2.91681 2.1738e-10
7.12 -2.91738 -2.91738 2.17689e-10
7.13 -2.91794 -2.91794 2.17997e-10
7.14 -2.91851 -2.91851 2.18306e-10
7.15 -2.91906 -2.91906 2.18615e-10
7.16 -2.91962 -2.91962 2.18924e-10
7.17 -2.92017 -2.92017 2.19233e-10
7.18 -2.92072 -2.92072 2.19542e-10
7.19 -2.92126 -2.92126 2.19851e-10
7.2 -2.92181 -2.92181 2.2016e-10
7.21 -2.92234 -2.92234 2.20469e-10
7.22 -2.92288 -2.92288 2.20777e-10
7.23 -2.92341 -2.92341 2.21086e-10
7.24 -2.92394 -2.92394 2.21395e-10
7.25 -2.92446 -2.92446 2.21704e-10
7.26 -2.92498 -2.92498 2.22012e-10
7.27 -2.9255 -2.9255 2.22321e-10
7.28 -2.92601 -2.92601 2.2263e-10
7.29 -2.92652 -2.92652 2.22939e-10
7.3 -2.92703 -2.92703 2.23248e-10
7.31 -2.92753 -2.92753 2.23556e-10
7.32 -2.92803 -2.92803 2.23865e-10
7.33 -2.92853 -2.92853 2.24173e-10
7.34 -2.92902 -2.92902 2.24481e-10
7.35 -2.92952 -2.92952 2.24789e-10
7.36 -2.93 -2.93 2.25098e-10
7.37 -2.93049 -2.93049 2.25406e-10
7.38 -2.93097 -2.93097 2.25714e-10
7.39 -2.93145 -2.93145 2.26023e-10
7.4 -2.93192 -2.93192 2.26332e-10
7.41 -2.9324 -2.9324 2.26641e-10
7.42 -2.93286 -2.93286 2.26949e-10
7.43 -2.93333 -2.93333 2.27258e-10
7.44 -2.93379 -2.93379 2.27567e-10
7.45 -2.93425 -2.93425 2.27876e-10
7.46 -2.93471 -2.93471 2.28184e-10
7.47 -2.93516 -2.93516 2.28493e-10
7.48 -2.93561 -2.93561 2.28802e-10
7.49 -2.93606 -2.93606 2.29111e-10
7.5 -2.93651 -2.93651 2.29419e-10
7.51 -2.93695 -2.93695 2.29728e-10
7.52 -2.93739 -2.93739 2.30037e-10
7.53 -2.93783 -2.93783 2.30346e-10
7.54 -2.93826 -2.93826 2.30655e-10
7.55 -2.93869 -2.93869 2.30964e-10
7.56 -2.93912 -2.93912 2.31273e-10
7.57 -2.93954 -2.93954 2.31583e-10
7.58 -2.93996 -2.93996 2.31892e-10
7.59 -2.94038 -2.94038 2.32201e-10
7.6 -2.9408 -2.9408 2.3251e-10
7.61 -2.94121 -2.94121 2.32818e-10
7.62 -2.94163 -2.94163 2.33127e-10
7.63 -2.94203 -2.94203 2.33436e-10
7.64 -2.94244 -2.94244 2.33745e-10
7.65 -2.94284 -2.94284 2.34053e-10
7.66 -2.94324 -2.94324 2.34362e-10
7.67 -2.94364 -2.94364 2.3467e-10
7.68 -2.94404 -2.94404 2.34978e-10
7.69 -2.94443 -2.94443 2.35287e-10
7.7 -2.94482 -2.94482 2.35595e-10
7.71 -2.94521 -2.94521 2.35903e-10
7.72 -2.94559 -2.94559 2.36211e-10
7.73 -2.94597 -2.94597 2.36519e-10
7.74 -2.94635 -2.94635 2.36827e-10
7.75 -2.94673 -2.94673 2.37135e-10
7.76 -2.9471 -2.9471 2.37443e-10
7.77 -2.94748 -2.94748 2.37751e-10
7.78 -2.94785 -2.94785 2.38059e-10
7.79 -2.94821 -2.94821 2.38367e-10
7.8 -2.94858 -2.94858 2.38675e-10
7.81 -2.94894 -2.94894 2.38982e-10
7.82 -2.9493 -2.9493 2.3929e-10
7.83 -2.94966 -2.94966 2.39597e-10
7.84 -2.95001 -2.95001 2.39905e-10
7.85 -2.95037 -2.95037 2.40213e-10
7.86 -2.95072 -2.95072 2.40521e-10
7.87 -2.95106 -2.95106 2.40828e-10
7.88 -2.95141 -2.95141 2.41136e-10
7.89 -2.95175 -2.95175 2.41444e-10
7.9 -2.9521 -2.9521 2.41751e-10
7.91 -2.95243 -2.95243 2.42059e-10
7.92 -2.95277 -2.95277 2.42366e-10
7.93 -2.95311 -2.95311 2.42674e-10
7.94 -2.95344 -2.95344 2.42981e-10
7.95 -2.95377 -2.95377 2.43289e-10
7.96 -2.95409 -2.95409 2.43597e-10
7.97 -2.95442 -2.95442 2.43905e-10
7.98 -2.95474 -2.95474 2.44212e-10
7.99 -2.95506 -2.95506 2.4452e-10
8 -2.95538 -2.95538 2.44827e-10
8.01 -2.9557 -2.9557 2.45135e-10
8.02 -2.95601 -2.95601 2.45442e-10
8.03 -2.95633 -2.95633 2.45749e-10
8.04 -2.95664 -2.95664 2.46056e-10
8.05 -2.95695 -2.95695 2.46364e-10
8.06 -2.95725 -2.95725 2.46671e-10
8.07 -2.95756 -2.95756 2.46978e-10
8.08 -2.95786 -2.95786 2.47285e-10
8.09 -2.95816 -2.95816 2.47592e-10
8.1 -2.95846 -2.95846 2.47899e-10
8.11 -2.95875 -2.95875 2.48206e-10
8.12 -2.95905 -2.95905 2.48513e-10
8.13 -2.95934 -2.95934 2.4882e-10
8.14 -2.95963 -2.95963 2.49128e-10
8.15 -2.95992 -2.95992 2.49435e-10
8.16 -2.9602 -2.9602 2.49742e-10
8.17 -2.96049 -2.96049 2.50049e-10
8.18 -2.96077 -2.96077 2.50356e-10
8.19 -2.96105 -2.96105 2.50663e-10
8.2 -2.96133 -2.96133 2.5097e-10
8.21 -2.96161 -2.96161 2.51278e-10
8.22 -2.96188 -2.96188 2.51585e-10
8.23 -2.96215 -2.96215 2.51892e-10
8.24 -2.96242 -2.96242 2.52199e-10
8.25 -2.96269 -2.96269 2.52506e-10
8.26 -2.96296 -2.96296 2.52813e-10
8.27 -2.96323 -2.96323 2.53121e-10
8.28 -2.96349 -2.96349 2.53428e-10
8.29 -2.96375 -2.96375 2.53735e-10
8.3 -2.96401 -2.96401 2.54043e-10
8.31 -2.96427 -2.96427 2.54351e-10
8.32 -2.96453 -2.96453 2.54658e-10
8.33 -2.96478 -2.96478 2.54966e-10
8.34 -2.96503 -2.96503 2.55273e-10
8.35 -2.96528 -2.96528 2.5558e-10
8.36 -2.96553 -2.96553 2.55888e-10
8.37 -2.96578 -2.96578 2.56195e-10
8.38 -2.96603 -2.96603 2.56503e-10
8.39 -2.96627 -2.96627 2.5681e-10
8.4 -2.96652 -2.96652 2.57118e-10
8.41 -2.96676 -2.96676 2.57426e-10
8.42 -2.967 -2.967 2.57734e-10
8.43 -2.96723 -2.96723 2.58042e-10
8.44 -2.96747 -2.96747 2.58349e-10
8.45 -2.9677 -2.9677 2.58657e-10
8.46 -2.96794 -2.96794 2.58965e-10
8.47 -2.96817 -2.96817 2.59273e-10
8.48 -2.9684 -2.9684 2.59581e-10
8.49 -2.96863 -2.96863 2.59889e-10
8.5 -2.96885 -2.96885 2.60197e-10
8.51 -2.96908 -2.96908 2.60505e-10
8.52 -2.9693 -2.9693 2.60813e-10
8.53 -2.96952 -2.96952 2.61121e-10
8.54 -2.96974 -2.96974 2.6143e-10
8.55 -2.96996 -2.96996 2.61737e-10
8.56 -2.97018 -2.97018 2.62046e-10
8.57 -2.9704 -2.9704 2.62353e-10
8.58 -2.97061 -2.97061 2.62661e-10
8.59 -2.97082 -2.97082 2.62969e-10
8.6 -2.97104 -2.97104 2.63277e-10
8.61 -2.97125 -2.97125 2.63585e-10
8.62 -2.97145 -2.97145 2.63892e-10
8.63 -2.97166 -2.97166 2.642e-10
8.64 -2.97187 -2.97187 2.64507e-10
8.65 -2.97207 -2.97207 2.64814e-10
8.66 -2.97227 -2.97227 2.65121e-10
8.67 -2.97247 -2.97247 2.65429e-10
8.68 -2.97267 -2.97267 2.65736e-10
8.69 -2.97287 -2.97287 2.66044e-10
8.7 -2.97307 -2.97307 2.66351e-10
8.71 -2.97327 -2.97327 2.66659e-10
8.72 -2.97346 -2.97346 2.66966e-10
8.73 -2.97365 -2.97365 2.67274e-10
8.74 -2.97385 -2.97385 2.67582e-10
8.75 -2.97404 -2.97404 2.67889e-10
8.76 -2.97423 -2.97423 2.68197e-10
8.77 -2.97441 -2.97441 2.68505e-10
8.78 -2.9746 -2.9746 2.68813e-10
8.79 -2.97478 -2.97478 2.69122e-10
8.8 -2.97497 -2.97497 2.6943e-10
8.81 -2.97515 -2.97515 2.69738e-10
8.82 -2.97533 -2.97533 2.70045e-10
8.83 -2.97551 -2.97551 2.70353e-10
8.84 -2.97569 -2.97569 2.70661e-10
8.85 -2.97587 -2.97587 2.70969e-10
8.86 -2.97605 -2.97605 2.71277e-10
8.87 -2.97622 -2.97622 2.71585e-10
8.88 -2.97639 -2.97639 2.71894e-10
8.89 -2.97657 -2.97657 2.72202e-10
8.9 -2.97674 -2.97674 2.72511e-10
8.91 -2.97691 -2.97691 2.72819e-10
8.92 -2.97708 -2.97708 2.73128e-10
8.93 -2.97725 -2.97725 2.73436e-10
8.94 -2.97741 -2.97741 2.73745e-10
8.95 -2.97758 -2.97758 2.74054e-10
8.96 -2.97774 -2.97774 2.74362e-10
8.97 -2.97791 -2.97791 2.74671e-10
8.98 -2.97807 -2.97807 2.7498e-10
8.99 -2.97823 -2.97823 2.75288e-10
9 -2.97839 -2.97839 2.75597e-10
9.01 -2.97855 -2.97855 2.75905e-10
9.02 -2.9787 -2.9787 2.76214e-10
9.03 -2.97886 -2.97886 2.76522e-10
9.04 -2.97902 -2.97902 2.76831e-10
9.05 -2.97917 -2.97917 2.77139e-10
9.06 -2.97932 -2.97932 2.77447e-10
9.07 -2.97948 -2.97948 2.77756e-10
9.08 -2.97963 -2.97963 2.78064e-10
9.09 -2.97978 -2.97978 2.78372e-10
9.1 -2.97992 -2.97992 2.78681e-10
9.11 -2.98007 -2.98007 2.78989e-10
9.12 -2.98022 -2.98022 2.79298e-10
9.13 -2.98037 -2.98037 2.79606e-10
9.14 -2.98051 -2.98051 2.79915e-10
9.15 -2.98065 -2.98065 2.80224e-10
9.16 -2.9808 -2.9808 2.80532e-10
9.17 -2.98094 -2.98094 2.80841e-10
9.18 -2.98108 -2.98108 2.81149e-10
9.19 -2.98122 -2.98122 2.81458e-10
9.2 -2.98136 -2.98136 2.81766e-10
9.21 -2.98149 -2.98149 2.82074e-10
9.22 -2.98163 -2.98163 2.82382e-10
9.23 -2.98177 -2.98177 2.82691e-10
9.24 -2.9819 -2.9819 2.82999e-10
9.25 -2.98204 -2.98204 2.83308e-10
9.26 -2.98217 -2.98217 2.83617e-10
9.27 -2.9823 -2.9823 2.83925e-10
9.28 -2.98243 -2.98243 2.84234e-10
9.29 -2.98256 -2.98256 2.84542e-10
9.3 -2.98269 -2.98269 2.84851e-10
9.31 -2.98282 -2.98282 2.85159e-10
9.32 -2.98295 -2.98295 2.85468e-10
9.33 -2.98307 -2.98307 2.85777e-10
9.34 -2.9832 -2.9832 2.86086e-10
9.35 -2.98332 -2.98332 2.86394e-10
9.36 -2.98345 -2.98345 2.86703e-10
9.37 -2.98357 -2.98357 2.87011e-10
9.38 -2.98369 -2.98369 2.8732e-10
9.39 -2.98381 -2.98381 2.87628e-10
9.4 -2.98393 -2.98393 2.87937e-10
9.41 -2.98405 -2.98405 2.88245e-10
9.42 -2.98417 -2.98417 2.88554e-10
9.43 -2.98429 -2.98429 2.88862e-10
9.44 -2.9844 -2.9844 2.89171e-10
9.45 -2.98452 -2.98452 2.89479e-10
9.46 -2.98463 -2.98463 2.89788e-10
9.47 -2.98475 -2.98475 2.90097e-10
9.48 -2.98486 -2.98486 2.90406e-10
9.49 -2.98498 -2.98498 2.90715e-10
9.5 -2.98509 -2.98509 2.91023e-10
9.51 -2.9852 -2.9852 2.91332e-10
9.52 -2.98531 -2.98531 2.91641e-10
9.53 -2.98542 -2.98542 2.9195e-10
9.54 -2.98553 -2.98553 2.92259e-10
9.55 -2.98563 -2.98563 2.92567e-10
9.56 -2.98574 -2.98574 2.92876e-10
9.57 -2.98585 -2.98585 2.93185e-10
9.58 -2.98595 -2.98595 2.93493e-10
9.59 -2.98606 -2.98606 2.93802e-10
9.6 -2.98616 -2.98616 2.94111e-10
9.61 -2.98627 -2.98627 2.9442e-10
9.62 -2.98637 -2.98637 2.94729e-10
9.63 -2.98647 -2.98647 2.95038e-10
9.64 -2.98657 -2.98657 2.95347e-10
9.65 -2.98667 -2.98667 2.95657e-10
9.66 -2.98677 -2.98677 2.95966e-10
9.67 -2.98687 -2.98687 2.96276e-10
9.68 -2.98697 -2.98697 2.96585e-10
9.69 -2.98707 -2.98707 2.96894e-10
9.7 -2.98716 -2.98716 2.97203e-10
9.71 -2.98726 -2.98726 2.97512e-10
9.72 -2.98735 -2.98735 2.97821e-10
9.73 -2.98745 -2.98745 2.9813e-10
9.74 -2.98754 -2.98754 2.98439e-10
9.75 -2.98764 -2.98764 2.98747e-10
9.76 -2.98773 -2.98773 2.99056e-10
9.77 -2.98782 -2.98782 2.99365e-10
9.78 -2.98791 -2.98791 2.99673e-10
9.79 -2.988 -2.988 2.99982e-10
9.8 -2.98809 -2.98809 3.00291e-10
9.81 -2.98818 -2.98818 3.006e-10
9.82 -2.98827 -2.98827 3.00909e-10
9.83 -2.98836 -2.98836 3.01218e-10
9.84 -2.98845 -2.98845 3.01527e-10
9.85 -2.98853 -2.98853 3.01836e-10
9.86 -2.98862 -2.98862 3.02146e-10
9.87 -2.98871 -2.98871 3.02455e-10
9.88 -2.98879 -2.98879 3.02764e-10
9.89 -2.98887 -2.98887 3.03073e-10
9.9 -2.98896 -2.98896 3.03383e-10
9.91 -2.98904 -2.98904 3.03692e-10
9.92 -2.98912 -2.98912 3.04001e-10
9.93 -2.98921 -2.98921 3.0431e-10
9.94 -2.98929 -2.98929 3.0462e-10
9.95 -2.98937 -2.98937 3.04929e-10
9.96 -2.98945 -2.98945 3.05238e-10
9.97 -2.98953 -2.98953 3.05547e-10
9.98 -2.98961 -2.98961 3.05856e-10
9.99 -2.98968 -2.98968 3.06166e-10
10 -2.98976 -2.98976 3.06475e-10
10.01 -2.98984 -2.98984 3.06784e-10
10.02 -2.98992 -2.98992 3.07093e-10
10.03 -2.98999 -2.98999 3.07402e-10
10.04 -2.99007 -2.99007 3.07711e-10
10.05 -2.99014 -2.99014 3.08019e-10
10.06 -2.99022 -2.99022 3.08328e-10
10.07 -2.99029 -2.99029 3.08637e-10
10.08 -2.99036 -2.99036 3.08946e-10
10.09 -2.99044 -2.99044 3.09255e-10
10.1 -2.99051 -2.99051 3.09564e-10
10.11 -2.99058 -2.99058 3.09872e-10
10.12 -2.99065 -2.99065 3.10181e-10
10.13 -2.99072 -2.99072 3.1049e-10
10.14 -2.99079 -2.99079 3.10799e-10
10.15 -2.99086 -2.99086 3.11108e-10
10.16 -2.99093 -2.99093 3.11417e-10
10.17 -2.991 -2.991 3.11726e-10
10.18 -2.99107 -2.99107 3.12035e-10
10.19 -2.99114 -2.99114 3.12344e-10
10.2 -2.9912 -2.9912 3.12653e-10
10.21 -2.99127 -2.99127 3.12962e-10
10.22 -2.99134 -2.99134 3.13272e-10
10.23 -2.9914 -2.9914 3.1358e-10
10.24 -2.99147 -2.99147 3.13889e-10
10.25 -2.99153 -2.99153 3.14198e-10
10.26 -2.9916 -2.9916 3.14507e-10
10.27 -2.99166 -2.99166 3.14815e-10
10.28 -2.99172 -2.99172 3.15124e-10
10.29 -2.99179 -2.99179 3.15432e-10
10.3 -2.99185 -2.99185 3.1574e-10
10.31 -2.99191 -2.99191 3.16049e-10
10.32 -2.99197 -2.99197 3.16357e-10
10.33 -2.99203 -2.99203 3.16665e-10
10.34 -2.99209 -2.99209 3.16973e-10
10.35 -2.99215 -2.99215 3.17282e-10
10.36 -2.99221 -2.99221 3.1759e-10
10.37 -2.99227 -2.99227 3.17898e-10
10.38 -2.99233 -2.99233 3.18206e-10
10.39 -2.99239 -2.99239 3.18514e-10
10.4 -2.99245 -2.99245 3.18822e-10
10.41 -2.99251 -2.99251 3.1913e-10
10.42 -2.99256 -2.99256 3.19438e-10
10.43 -2.99262 -2.99262 3.19746e-10
10.44 -2.99268 -2.99268 3.20054e-10
10.45 -2.99273 -2.99273 3.20362e-10
10.46 -2.99279 -2.99279 3.20671e-10
10.47 -2.99284 -2.99284 3.20979e-10
10.48 -2.9929 -2.9929 3.21287e-10
10.49 -2.99295 -2.99295 3.21596e-10
10.5 -2.99301 -2.99301 3.21904e-10
10.51 -2.99306 -2.99306 3.22213e-10
10.52 -2.99311 -2.99311 3.22521e-10
10.53 -2.99316 -2.99316 3.2283e-10
10.54 -2.99322 -2.99322 3.23138e-10
10.55 -2.99327 -2.99327 3.23447e-10
10.56 -2.99332 -2.99332 3.23755e-10
10.57 -2.99337 -2.99337 3.24064e-10
10.58 -2.99342 -2.99342 3.24372e-10
10.59 -2.99347 -2.99347 3.2468e-10
10.6 -2.99352 -2.99352 3.24989e-10
10.61 -2.99357 -2.99357 3.25297e-10
10.62 -2.99362 -2.99362 3.25605e-10
10.63 -2.99367 -2.99367 3.25913e-10
10.64 -2.99372 -2.99372 3.26221e-10
10.65 -2.99377 -2.99377 3.2653e-10
10.66 -2.99381 -2.99381 3.26838e-10
10.67 -2.99386 -2.99386 3.27146e-10
10.68 -2.99391 -2.99391 3.27454e-10
10.69 -2.99396 -2.99396 3.27762e-10
10.7 -2.994 -2.994 3.2807e-10
10.71 -2.99405 -2.99405 3.28378e-10
10.72 -2.99409 -2.99409 3.28686e-10
10.73 -2.99414 -2.99414 3.28994e-10
10.74 -2.99418 -2.99418 3.29302e-10
10.75 -2.99423 -2.99423 3.2961e-10
10.76 -2.99427 -2.99427 3.29918e-10
10.77 -2.99432 -2.99432 3.30226e-10
10.78 -2.99436 -2.99436 3.30534e-10
10.79 -2.9944 -2.9944 3.30843e-10
10.8 -2.99445 -2.99445 3.31151e-10
10.81 -2.99449 -2.99449 3.31459e-10
10.82 -2.99453 -2.99453 3.31767e-10
10.83 -2.99457 -2.99457 3.32076e-10
10.84 -2.99462 -2.99462 3.32384e-10
10.85 -2.99466 -2.99466 3.32693e-10
10.86 -2.9947 -2.9947 3.33001e-10
10.87 -2.99474 -2.99474 3.33309e-10
10.88 -2.99478 -2.99478 3.33618e-10
10.89 -2.99482 -2.99482 3.33926e-10
10.9 -2.99486 -2.99486 3.34234e-10
10.91 -2.9949 -2.9949 3.34542e-10
10.92 -2.99494 -2.99494 3.34851e-10
10.93 -2.99498 -2.99498 3.3516e-10
10.94 -2.99502 -2.99502 3.35468e-10
10.95 -2.99505 -2.99505 3.35777e-10
10.96 -2.99509 -2.99509 3.36085e-10
10.97 -2.99513 -2.99513 3.36394e-10
10.98 -2.99517 -2.99517 3.36703e-10
10.99 -2.99521 -2.99521 3.37012e-10
11 -2.99524 -2.99524 3.37322e-10
11.01 -2.99528 -2.99528 3.37631e-10
11.02 -2.99532 -2.99532 3.37939e-10
11.03 -2.99535 -2.99535 3.38248e-10
11.04 -2.99539 -2.99539 3.38557e-10
11.05 -2.99542 -2.99542 3.38866e-10
11.06 -2.99546 -2.99546 3.39175e-10
11.07 -2.99549 -2.99549 3.39484e-10
11.08 -2.99553 -2.99553 3.39793e-10
11.09 -2.99556 -2.99556 3.40102e-10
11.1 -2.9956 -2.9956 3.40411e-10
11.11 -2.99563 -2.99563 3.40719e-10
11.12 -2.99567 -2.99567 3.41028e-10
11.13 -2.9957 -2.9957 3.41337e-10
11.14 -2.99573 -2.99573 3.41646e-10
11.15 -2.99576 -2.99576 3.41954e-10
11.16 -2.9958 -2.9958 3.42263e-10
11.17 -2.99583 -2.99583 3.42572e-10
11.18 -2.99586 -2.99586 3.4288e-10
11.19 -2.99589 -2.99589 3.43189e-10
11.2 -2.99593 -2.99593 3.43498e-10
11.21 -2.99596 -2.99596 3.43807e-10
11.22 -2.99599 -2.99599 3.44116e-10
11.23 -2.99602 -2.99602 3.44424e-10
11.24 -2.99605 -2.99605 3.44733e-10
11.25 -2.99608 -2.99608 3.45042e-10
11.26 -2.99611 -2.99611 3.45351e-10
11.27 -2.99614 -2.99614 3.45659e-10
11.28 -2.99617 -2.99617 3.45968e-10
11.29 -2.9962 -2.9962 3.46277e-10
11.3 -2.99623 -2.99623 3.46585e-10
11.31 -2.99626 -2.99626 3.46894e-10
11.32 -2.99629 -2.99629 3.47203e-10
11.33 -2.99632 -2.99632 3.47511e-10
11.34 -2.99635 -2.99635 3.4782e-10
11.35 -2.99638 -2.99638 3.48128e-10
11.36 -2.9964 -2.9964 3.48437e-10
11.37 -2.99643 -2.99643 3.48745e-10
11.38 -2.99646 -2.99646 3.49053e-10
11.39 -2.99649 -2.99649 3.49361e-10
11.4 -2.99651 -2.99651 3.4967e-10
11.41 -2.99654 -2.99654 3.49979e-10
11.42 -2.99657 -2.99657 3.50287e-10
11.43 -2.9966 -2.9966 3.50596e-10
11.44 -2.99662 -2.99662 3.50904e-10
11.45 -2.99665 -2.99665 3.51213e-10
11.46 -2.99667 -2.99667 3.51521e-10
11.47 -2.9967 -2.9967 3.5183e-10
11.48 -2.99673 -2.99673 3.52138e-10
11.49 -2.99675 -2.99675 3.52447e-10
11.5 -2.99678 -2.99678 3.52755e-10
11.51 -2.9968 -2.9968 3.53064e-10
11.52 -2.99683 -2.99683 3.53372e-10
11.53 -2.99685 -2.99685 3.53681e-10
11.54 -2.99688 -2.99688 3.53989e-10
11.55 -2.9969 -2.9969 3.54297e-10
11.56 -2.99692 -2.99692 3.54605e-10
11.57 -2.99695 -2.99695 3.54913e-10
11.58 -2.99697 -2.99697 3.55221e-10
11.59 -2.997 -2.997 3.55529e-10
11.6 -2.99702 -2.99702 3.55837e-10
11.61 -2.99704 -2.99704 3.56145e-10
11.62 -2.99707 -2.99707 3.56453e-10
11.63 -2.99709 -2.99709 3.56761e-10
11.64 -2.99711 -2.99711 3.5707e-10
11.65 -2.99713 -2.99713 3.57378e-10
11.66 -2.99716 -2.99716 3.57687e-10
11.67 -2.99718 -2.99718 3.57995e-10
11.68 -2.9972 -2.9972 3.58304e-10
11.69 -2.99722 -2.99722 3.58613e-10
11.7 -2.99724 -2.99724 3.58921e-10
11.71 -2.99727 -2.99727 3.5923e-10
11.72 -2.99729 -2.99729 3.59538e-10
11.73 -2.99731 -2.99731 3.59846e-10
11.74 -2.99733 -2.99733 3.60154e-10
11.75 -2.99735 -2.99735 3.60463e-10
11.76 -2.99737 -2.99737 3.60771e-10
11.77 -2.99739 -2.99739 3.61079e-10
11.78 -2.99741 -2.99741 3.61387e-10
11.79 -2.99743 -2.99743 3.61695e-10
11.8 -2.99745 -2.99745 3.62003e-10
11.81 -2.99747 -2.99747 3.6231e-10
11.82 -2.99749 -2.99749 3.62618e-10
11.83 -2.99751 -2.99751 3.62925e-10
11.84 -2.99753 -2.99753 3.63232e-10
11.85 -2.99755 -2.99755 3.6354e-10
11.86 -2.99757 -2.99757 3.63847e-10
11.87 -2.99759 -2.99759 3.64155e-10
11.88 -2.99761 -2.99761 3.64462e-10
11.89 -2.99763 -2.99763 3.64769e-10
11.9 -2.99765 -2.99765 3.65077e-10
11.91 -2.99766 -2.99766 3.65384e-10
11.92 -2.99768 -2.99768 3.65691e-10
11.93 -2.9977 -2.9977 3.65999e-10
11.94 -2.99772 -2.99772 3.66306e-10
11.95 -2.99774 -2.99774 3.66613e-10
11.96 -2.99776 -2.99776 3.66921e-10
11.97 -2.99777 -2.99777 3.67228e-10
11.98 -2.99779 -2.99779 3.67536e-10
11.99 -2.99781 -2.99781 3.67843e-10
12 -2.99782 -2.99782 3.68151e-10
12.01 -2.99784 -2.99784 3.68458e-10
12.02 -2.99786 -2.99786 3.68765e-10
12.03 -2.99788 -2.99788 3.69073e-10
12.04 -2.99789 -2.99789 3.6938e-10
12.05 -2.99791 -2.99791 3.69688e-10
12.06 -2.99793 -2.99793 3.69995e-10
12.07 -2.99794 -2.99794 3.70303e-10
12.08 -2.99796 -2.99796 3.7061e-10
12.09 -2.99797 -2.99797 3.70917e-10
12.1 -2.99799 -2.99799 3.71224e-10
12.11 -2.99801 -2.99801 3.71531e-10
12.12 -2.99802 -2.99802 3.71837e-10
12.13 -2.99804 -2.99804 3.72144e-10
12.14 -2.99805 -2.99805 3.72451e-10
12.15 -2.99807 -2.99807 3.72758e-10
12.16 -2.99808 -2.99808 3.73065e-10
12.17 -2.9981 -2.9981 3.73372e-10
12.18 -2.99811 -2.99811 3.73679e-10
12.19 -2.99813 -2.99813 3.73985e-10
12.2 -2.99814 -2.99814 3.74292e-10
12.21 -2.99816 -2.99816 3.74599e-10
12.22 -2.99817 -2.99817 3.74906e-10
12.23 -2.99819 -2.99819 3.75214e-10
12.24 -2.9982 -2.9982 3.7552e-10
12.25 -2.99822 -2.99822 3.75827e-10
12.26 -2.99823 -2.99823 3.76134e-10
12.27 -2.99824 -2.99824 3.76441e-10
12.28 -2.99826 -2.99826 3.76748e-10
12.29 -2.99827 -2.99827 3.77055e-10
12.3 -2.99829 -2.99829 3.77362e-10
12.31 -2.9983 -2.9983 3.77668e-10
12.32 -2.99831 -2.99831 3.77975e-10
12.33 -2.99833 -2.99833 3.78281e-10
12.34 -2.99834 -2.99834 3.78587e-10
12.35 -2.99835 -2.99835 3.78893e-10
12.36 -2.99836 -2.99836 3.79199e-10
12.37 -2.99838 -2.99838 3.79505e-10
12.38 -2.99839 -2.99839 3.79811e-10
12.39 -2.9984 -2.9984 3.80117e-10
12.4 -2.99842 -2.99842 3.80422e-10
12.41 -2.99843 -2.99843 3.80728e-10
12.42 -2.99844 -2.99844 3.81033e-10
12.43 -2.99845 -2.99845 3.81339e-10
12.44 -2.99847 -2.99847 3.81645e-10
12.45 -2.99848 -2.99848 3.8195e-10
12.46 -2.99849 -2.99849 3.82256e-10
12.47 -2.9985 -2.9985 3.82562e-10
12.48 -2.99851 -2.99851 3.82867e-10
12.49 -2.99853 -2.99853 3.83173e-10
12.5 -2.99854 -2.99854 3.83479e-10
12.51 -2.99855 -2.99855 3.83785e-10
12.52 -2.99856 -2.99856 3.84091e-10
12.53 -2.99857 -2.99857 3.84396e-10
12.54 -2.99858 -2.99858 3.84702e-10
12.55 -2.99859 -2.99859 3.85008e-10
12.56 -2.99861 -2.99861 3.85314e-10
12.57 -2.99862 -2.99862 3.85619e-10
12.58 -2.99863 -2.99863 3.85926e-10
12.59 -2.99864 -2.99864 3.86232e-10
12.6 -2.99865 -2.99865 3.86538e-10
12.61 -2.99866 -2.99866 3.86844e-10
12.62 -2.99867 -2.99867 3.8715e-10
12.63 -2.99868 -2.99868 3.87456e-10
12.64 -2.99869 -2.99869 3.87762e-10
12.65 -2.9987 -2.9987 3.88069e-10
12.66 -2.99871 -2.99871 3.88375e-10
12.67 -2.99872 -2.99872 3.88681e-10
12.68 -2.99873 -2.99873 3.88987e-10
12.69 -2.99874 -2.99874 3.89293e-10
12.7 -2.99875 -2.99875 3.89599e-10
12.71 -2.99876 -2.99876 3.89906e-10
12.72 -2.99877 -2.99877 3.90212e-10
12.73 -2.99878 -2.99878 3.90518e-10
12.74 -2.99879 -2.99879 3.90825e-10
12.75 -2.9988 -2.9988 3.91131e-10
12.76 -2.99881 -2.99881 3.91437e-10
12.77 -2.99882 -2.99882 3.91743e-10
12.78 -2.99883 -2.99883 3.9205e-10
12.79 -2.99884 -2.99884 3.92356e-10
12.8 -2.99885 -2.99885 3.92662e-10
12.81 -2.99886 -2.99886 3.92969e-10
12.82 -2.99887 -2.99887 3.93276e-10
12.83 -2.99888 -2.99888 3.93582e-10
12.84 -2.99889 -2.99889 3.93889e-10
12.85 -2.99889 -2.99889 3.94196e-10
12.86 -2.9989 -2.9989 3.94503e-10
12.87 -2.99891 -2.99891 3.9481e-10
12.88 -2.99892 -2.99892 3.95117e-10
12.89 -2.99893 -2.99893 3.95424e-10
12.9 -2.99894 -2.99894 3.95731e-10
12.91 -2.99895 -2.99895 3.96038e-10
12.92 -2.99895 -2.99895 3.96345e-10
12.93 -2.99896 -2.99896 3.96652e-10
12.94 -2.99897 -2.99897 3.96959e-10
12.95 -2.99898 -2.99898 3.97265e-10
12.96 -2.99899 -2.99899 3.97571e-10
12.97 -2.999 -2.999 3.97878e-10
12.98 -2.999 -2.999 3.98184e-10
12.99 -2.99901 -2.99901 3.98491e-10
13 -2.99902 -2.99902 3.98797e-10
13.01 -2.99903 -2.99903 3.99103e-10
13.02 -2.99904 -2.99904 3.99409e-10
13.03 -2.99904 -2.99904 3.99716e-10
13.04 -2.99905 -2.99905 4.00022e-10
13.05 -2.99906 -2.99906 4.00328e-10
13.06 -2.99907 -2.99907 4.00634e-10
13.07 -2.99907 -2.99907 4.00939e-10
13.08 -2.99908 -2.99908 4.01245e-10
13.09 -2.99909 -2.99909 4.01551e-10
13.1 -2.9991 -2.9991 4.01857e-10
13.11 -2.9991 -2.9991 4.02163e-10
13.12 -2.99911 -2.99911 4.02469e-10
13.13 -2.99912 -2.99912 4.02775e-10
13.14 -2.99912 -2.99912 4.03082e-10
13.15 -2.99913 -2.99913 4.03388e-10
13.16 -2.99914 -2.99914 4.03694e-10
13.17 -2.99915 -2.99915 4.04e-10
13.18 -2.99915 -2.99915 4.04306e-10
13.19 -2.99916 -2.99916 4.04611e-10
13.2 -2.99917 -2.99917 4.04917e-10
13.21 -2.99917 -2.99917 4.05223e-10
13.22 -2.99918 -2.99918 4.05528e-10
13.23 -2.99919 -2.99919 4.05834e-10
13.24 -2.99919 -2.99919 4.06139e-10
13.25 -2.9992 -2.9992 4.06445e-10
13.26 -2.99921 -2.99921 4.06751e-10
13.27 -2.99921 -2.99921 4.07056e-10
13.28 -2.99922 -2.99922 4.07362e-10
13.29 -2.99922 -2.99922 4.07667e-10
13.3 -2.99923 -2.99923 4.07973e-10
13.31 -2.99924 -2.99924 4.08278e-10
13.32 -2.99924 -2.99924 4.08584e-10
13.33 -2.99925 -2.99925 4.0889e-10
13.34 -2.99925 -2.99925 4.09195e-10
13.35 -2.99926 -2.99926 4.09501e-10
13.36 -2.99927 -2.99927 4.09807e-10
13.37 -2.99927 -2.99927 4.10113e-10
13.38 -2.99928 -2.99928 4.10419e-10
13.39 -2.99928 -2.99928 4.10725e-10
13.4 -2.99929 -2.99929 4.11031e-10
13.41 -2.9993 -2.9993 4.11338e-10
13.42 -2.9993 -2.9993 4.11644e-10
13.43 -2.99931 -2.99931 4.1195e-10
13.44 -2.99931 -2.99931 4.12256e-10
13.45 -2.99932 -2.99932 4.12563e-10
13.46 -2.99932 -2.99932 4.12869e-10
13.47 -2.99933 -2.99933 4.13176e-10
13.48 -2.99933 -2.99933 4.13482e-10
13.49 -2.99934 -2.99934 4.13789e-10
13.5 -2.99935 -2.99935 4.14095e-10
13.51 -2.99935 -2.99935 4.14402e-10
13.52 -2.99936 -2.99936 4.14708e-10
13.53 -2.99936 -2.99936 4.15015e-10
13.54 -2.99937 -2.99937 4.15322e-10
13.55 -2.99937 -2.99937 4.15629e-10
13.56 -2.99938 -2.99938 4.15935e-10
13.57 -2.99938 -2.99938 4.16242e-10
13.58 -2.99939 -2.99939 4.16549e-10
13.59 -2.99939 -2.99939 4.16856e-10
13.6 -2.9994 -2.9994 4.17163e-10
13.61 -2.9994 -2.9994 4.1747e-10
13.62 -2.99941 -2.99941 4.17777e-10
13.63 -2.99941 -2.99941 4.18084e-10
13.64 -2.99942 -2.99942 4.18391e-10
13.65 -2.99942 -2.99942 4.18698e-10
13.66 -2.99942 -2.99942 4.19005e-10
13.67 -2.99943 -2.99943 4.19313e-10
13.68 -2.99943 -2.99943 4.1962e-10
13.69 -2.99944 -2.99944 4.19927e-10
13.7 -2.99944 -2.99944 4.20234e-10
13.71 -2.99945 -2.99945 4.20541e-10
13.72 -2.99945 -2.99945 4.20849e-10
13.73 -2.99946 -2.99946 4.21156e-10
13.74 -2.99946 -2.99946 4.21463e-10
13.75 -2.99947 -2.99947 4.2177e-10
13.76 -2.99947 -2.99947 4.22078e-10
13.77 -2.99947 -2.99947 4.22385e-10
13.78 -2.99948 -2.99948 4.22693e-10
13.79 -2.99948 -2.99948 4.23e-10
13.8 -2.99949 -2.99949 4.23308e-10
13.81 -2.99949 -2.99949 4.23615e-10
13.82 -2.99949 -2.99949 4.23922e-10
13.83 -2.9995 -2.9995 4.24229e-10
13.84 -2.9995 -2.9995 4.24536e-10
13.85 -2.99951 -2.99951 4.24843e-10
13.86 -2.99951 -2.99951 4.2515e-10
13.87 -2.99952 -2.99952 4.25458e-10
13.88 -2.99952 -2.99952 4.25765e-10
13.89 -2.99952 -2.99952 4.26072e-10
13.9 -2.99953 -2.99953 4.2638e-10
13.91 -2.99953 -2.99953 4.26687e-10
13.92 -2.99953 -2.99953 4.26994e-10
13.93 -2.99954 -2.99954 4.27301e-10
13.94 -2.99954 -2.99954 4.27608e-10
13.95 -2.99955 -2.99955 4.27915e-10
13.96 -2.99955 -2.99955 4.28222e-10
13.97 -2.99955 -2.99955 4.28529e-10
13.98 -2.99956 -2.99956 4.28836e-10
13.99 -2.99956 -2.99956 4.29143e-10
14 -2.99956 -2.99956 4.2945e-10
14.01 -2.99957 -2.99957 4.29757e-10
14.02 -2.99957 -2.99957 4.30064e-10
14.03 -2.99957 -2.99957 4.30371e-10
14.04 -2.99958 -2.99958 4.30678e-10
14.05 -2.99958 -2.99958 4.30985e-10
14.06 -2.99958 -2.99958 4.31292e-10
14.07 -2.99959 -2.99959 4.31599e-10
14.08 -2.99959 -2.99959 4.31906e-10
14.09 -2.99959 -2.99959 4.32213e-10
14.1 -2.9996 -2.9996 4.3252e-10
14.11 -2.9996 -2.9996 4.32827e-10
14.12 -2.9996 -2.9996 4.33134e-10
14.13 -2.99961 -2.99961 4.33441e-10
14.14 -2.99961 -2.99961 4.33748e-10
14.15 -2.99961 -2.99961 4.34056e-10
14.16 -2.99962 -2.99962 4.34363e-10
14.17 -2.99962 -2.99962 4.3467e-10
14.18 -2.99962 -2.99962 4.34978e-10
14.19 -2.99963 -2.99963 4.35285e-10
14.2 -2.99963 -2.99963 4.35593e-10
14.21 -2.99963 -2.99963 4.359e-10
14.22 -2.99964 -2.99964 4.36208e-10
14.23 -2.99964 -2.99964 4.36515e-10
14.24 -2.99964 -2.99964 4.36822e-10
14.25 -2.99964 -2.99964 4.37129e-10
14.26 -2.99965 -2.99965 4.37437e-10
14.27 -2.99965 -2.99965 4.37744e-10
14.28 -2.99965 -2.99965 4.38051e-10
14.29 -2.99966 -2.99966 4.38359e-10
14.3 -2.99966 -2.99966 4.38666e-10
14.31 -2.99966 -2.99966 4.38973e-10
14.32 -2.99966 -2.99966 4.39281e-10
14.33 -2.99967 -2.99967 4.39589e-10
14.34 -2.99967 -2.99967 4.39897e-10
14.35 -2.99967 -2.99967 4.40204e-10
14.36 -2.99968 -2.99968 4.40512e-10
14.37 -2.99968 -2.99968 4.4082e-10
14.38 -2.99968 -2.99968 4.41128e-10
14.39 -2.99968 -2.99968 4.41435e-10
14.4 -2.99969 -2.99969 4.41743e-10
14.41 -2.99969 -2.99969 4.42051e-10
14.42 -2.99969 -2.99969 4.42359e-10
14.43 -2.99969 -2.99969 4.42666e-10
14.44 -2.9997 -2.9997 4.42974e-10
14.45 -2.9997 -2.9997 4.43282e-10
14.46 -2.9997 -2.9997 4.4359e-10
14.47 -2.9997 -2.9997 4.43898e-10
14.48 -2.99971 -2.99971 4.44206e-10
14.49 -2.99971 -2.99971 4.44513e-10
14.5 -2.99971 -2.99971 4.44821e-10
14.51 -2.99971 -2.99971 4.45129e-10
14.52 -2.99972 -2.99972 4.45436e-10
14.53 -2.99972 -2.99972 4.45744e-10
14.54 -2.99972 -2.99972 4.46052e-10
14.55 -2.99972 -2.99972 4.4636e-10
14.56 -2.99972 -2.99972 4.46668e-10
14.57 -2.99973 -2.99973 4.46976e-10
14.58 -2.99973 -2.99973 4.47284e-10
14.59 -2.99973 -2.99973 4.47592e-10
14.6 -2.99973 -2.99973 4.479e-10
14.61 -2.99974 -2.99974 4.48208e-10
14.62 -2.99974 -2.99974 4.48516e-10
14.63 -2.99974 -2.99974 4.48824e-10
14.64 -2.99974 -2.99974 4.49131e-10
14.65 -2.99974 -2.99974 4.49439e-10
14.66 -2.99975 -2.99975 4.49747e-10
14.67 -2.99975 -2.99975 4.50055e-10
14.68 -2.99975 -2.99975 4.50363e-10
14.69 -2.99975 -2.99975 4.50672e-10
14.7 -2.99975 -2.99975 4.5098e-10
14.71 -2.99976 -2.99976 4.51288e-10
14.72 -2.99976 -2.99976 4.51597e-10
14.73 -2.99976 -2.99976 4.51905e-10
14.74 -2.99976 -2.99976 4.52214e-10
14.75 -2.99976 -2.99976 4.52522e-10
14.76 -2.99977 -2.99977 4.52831e-10
14.77 -2.99977 -2.99977 4.53139e-10
14.78 -2.99977 -2.99977 4.53448e-10
14.79 -2.99977 -2.99977 4.53757e-10
14.8 -2.99977 -2.99977 4.54066e-10
14.81 -2.99978 -2.99978 4.54374e-10
14.82 -2.99978 -2.99978 4.54683e-10
14.83 -2.99978 -2.99978 4.54992e-10
14.84 -2.99978 -2.99978 4.55301e-10
14.85 -2.99978 -2.99978 4.55609e-10
14.86 -2.99978 -2.99978 4.55918e-10
14.87 -2.99979 -2.99979 4.56227e-10
14.88 -2.99979 -2.99979 4.56536e-10
14.89 -2.99979 -2.99979 4.56845e-10
14.9 -2.99979 -2.99979 4.57155e-10
14.91 -2.99979 -2.99979 4.57464e-10
14.92 -2.99979 -2.99979 4.57773e-10
14.93 -2.9998 -2.9998 4.58082e-10
14.94 -2.9998 -2.9998 4.58391e-10
14.95 -2.9998 -2.9998 4.587e-10
14.96 -2.9998 -2.9998 4.5901e-10
14.97 -2.9998 -2.9998 4.59319e-10
14.98 -2.9998 -2.9998 4.59629e-10
14.99 -2.99981 -2.99981 4.59938e-10
15 -2.99981 -2.99981 4.60247e-10
15.01 -2.99981 -2.99981 4.60556e-10
15.02 -2.99981 -2.99981 4.60865e-10
15.03 -2.99981 -2.99981 4.61175e-10
15.04 -2.99981 -2.99981 4.61484e-10
15.05 -2.99982 -2.99982 4.61793e-10
15.06 -2.99982 -2.99982 4.62103e-10
15.07 -2.99982 -2.99982 4.62412e-10
15.08 -2.99982 -2.99982 4.62721e-10
15.09 -2.99982 -2.99982 4.63031e-10
15.1 -2.99982 -2.99982 4.6334e-10
15.11 -2.99982 -2.99982 4.63649e-10
15.12 -2.99983 -2.99983 4.63958e-10
15.13 -2.99983 -2.99983 4.64268e-10
15.14 -2.99983 -2.99983 4.64577e-10
15.15 -2.99983 -2.99983 4.64887e-10
15.16 -2.99983 -2.99983 4.65196e-10
15.17 -2.99983 -2.99983 4.65505e-10
15.18 -2.99983 -2.99983 4.65815e-10
15.19 -2.99984 -2.99984 4.66124e-10
15.2 -2.99984 -2.99984 4.66434e-10
15.21 -2.99984 -2.99984 4.66743e-10
15.22 -2.99984 -2.99984 4.67052e-10
15.23 -2.99984 -2.99984 4.67362e-10
15.24 -2.99984 -2.99984 4.67671e-10
15.25 -2.99984 -2.99984 4.6798e-10
15.26 -2.99985 -2.99985 4.6829e-10
15.27 -2.99985 -2.99985 4.686e-10
15.28 -2.99985 -2.99985 4.68909e-10
15.29 -2.99985 -2.99985 4.69219e-10
15.3 -2.99985 -2.99985 4.69528e-10
15.31 -2.99985 -2.99985 4.69838e-10
15.32 -2.99985 -2.99985 4.70147e-10
15.33 -2.99985 -2.99985 4.70456e-10
15.34 -2.99986 -2.99986 4.70765e-10
15.35 -2.99986 -2.99986 4.71074e-10
15.36 -2.99986 -2.99986 4.71383e-10
15.37 -2.99986 -2.99986 4.71692e-10
15.38 -2.99986 -2.99986 4.72001e-10
15.39 -2.99986 -2.99986 4.7231e-10
15.4 -2.99986 -2.99986 4.72618e-10
15.41 -2.99986 -2.99986 4.72927e-10
15.42 -2.99986 -2.99986 4.73236e-10
15.43 -2.99987 -2.99987 4.73545e-10
15.44 -2.99987 -2.99987 4.73853e-10
15.45 -2.99987 -2.99987 4.74162e-10
15.46 -2.99987 -2.99987 4.74471e-10
15.47 -2.99987 -2.99987 4.7478e-10
15.48 -2.99987 -2.99987 4.75089e-10
15.49 -2.99987 -2.99987 4.75398e-10
15.5 -2.99987 -2.99987 4.75707e-10
15.51 -2.99987 -2.99987 4.76016e-10
15.52 -2.99988 -2.99988 4.76325e-10
15.53 -2.99988 -2.99988 4.76634e-10
15.54 -2.99988 -2.99988 4.76944e-10
15.55 -2.99988 -2.99988 4.77253e-10
15.56 -2.99988 -2.99988 4.77563e-10
15.57 -2.99988 -2.99988 4.77872e-10
15.58 -2.99988 -2.99988 4.78182e-10
15.59 -2.99988 -2.99988 4.78491e-10
15.6 -2.99988 -2.99988 4.78801e-10
15.61 -2.99988 -2.99988 4.7911e-10
15.62 -2.99989 -2.99989 4.7942e-10
15.63 -2.99989 -2.99989 4.7973e-10
15.64 -2.99989 -2.99989 4.8004e-10
15.65 -2.99989 -2.99989 4.80349e-10
15.66 -2.99989 -2.99989 4.80659e-10
15.67 -2.99989 -2.99989 4.80968e-10
15.68 -2.99989 -2.99989 4.81278e-10
15.69 -2.99989 -2.99989 4.81587e-10
15.7 -2.99989 -2.99989 4.81897e-10
15.71 -2.99989 -2.99989 4.82206e-10
15.72 -2.99989 -2.99989 4.82515e-10
15.73 -2.9999 -2.9999 4.82825e-10
15.74 -2.9999 -2.9999 4.83134e-10
15.75 -2.9999 -2.9999 4.83444e-10
15.76 -2.9999 -2.9999 4.83754e-10
15.77 -2.9999 -2.9999 4.84063e-10
15.78 -2.9999 -2.9999 4.84373e-10
15.79 -2.9999 -2.9999 4.84682e-10
15.8 -2.9999 -2.9999 4.84991e-10
15.81 -2.9999 -2.9999 4.85301e-10
15.82 -2.9999 -2.9999 4.85611e-10
15.83 -2.9999 -2.9999 4.85921e-10
15.84 -2.9999 -2.9999 4.8623e-10
15.85 -2.99991 -2.99991 4.8654e-10
15.86 -2.99991 -2.99991 4.8685e-10
15.87 -2.99991 -2.99991 4.8716e-10
15.88 -2.99991 -2.99991 4.87471e-10
15.89 -2.99991 -2.99991 4.87781e-10
15.9 -2.99991 -2.99991 4.88091e-10
15.91 -2.99991 -2.99991 4.88401e-10
15.92 -2.99991 -2.99991 4.88712e-10
15.93 -2.99991 -2.99991 4.89022e-10
15.94 -2.99991 -2.99991 4.89333e-10
15.95 -2.99991 -2.99991 4.89643e-10
15.96 -2.99991 -2.99991 4.89953e-10
15.97 -2.99991 -2.99991 4.90263e-10
15.98 -2.99991 -2.99991 4.90574e-10
15.99 -2.99992 -2.99992 4.90884e-10
16 -2.99992 -2.99992 4.91195e-10
16.01 -2.99992 -2.99992 4.91505e-10
16.02 -2.99992 -2.99992 4.91816e-10
16.03 -2.99992 -2.99992 4.92127e-10
16.04 -2.99992 -2.99992 4.92438e-10
16.05 -2.99992 -2.99992 4.92748e-10
16.06 -2.99992 -2.99992 4.93059e-10
16.07 -2.99992 -2.99992 4.9337e-10
16.08 -2.99992 -2.99992 4.9368e-10
16.09 -2.99992 -2.99992 4.93991e-10
16.1 -2.99992 -2.99992 4.94302e-10
16.11 -2.99992 -2.99992 4.94613e-10
16.12 -2.99992 -2.99992 4.94924e-10
16.13 -2.99992 -2.99992 4.95234e-10
16.14 -2.99993 -2.99993 4.95545e-10
16.15 -2.99993 -2.99993 4.95855e-10
16.16 -2.99993 -2.99993 4.96166e-10
16.17 -2.99993 -2.99993 4.96476e-10
16.18 -2.99993 -2.99993 4.96787e-10
16.19 -2.99993 -2.99993 4.97098e-10
16.2 -2.99993 -2.99993 4.97409e-10
16.21 -2.99993 -2.99993 4.97719e-10
16.22 -2.99993 -2.99993 4.9803e-10
16.23 -2.99993 -2.99993 4.9834e-10
16.24 -2.99993 -2.99993 4.98651e-10
16.25 -2.99993 -2.99993 4.98961e-10
16.26 -2.99993 -2.99993 4.99272e-10
16.27 -2.99993 -2.99993 4.99582e-10
16.28 -2.99993 -2.99993 4.99892e-10
16.29 -2.99993 -2.99993 5.00203e-10
16.3 -2.99993 -2.99993 5.00513e-10
16.31 -2.99994 -2.99994 5.00824e-10
16.32 -2.99994 -2.99994 5.01134e-10
16.33 -2.99994 -2.99994 5.01444e-10
16.34 -2.99994 -2.99994 5.01755e-10
16.35 -2.99994 -2.99994 5.02065e-10
16.36 -2.99994 -2.99994 5.02376e-10
16.37 -2.99994 -2.99994 5.02687e-10
16.38 -2.99994 -2.99994 5.02998e-10
16.39 -2.99994 -2.99994 5.03309e-10
16.4 -2.99994 -2.99994 5.0362e-10
16.41 -2.99994 -2.99994 5.0393e-10
16.42 -2.99994 -2.99994 5.04241e-10
16.43 -2.99994 -2.99994 5.04552e-10
16.44 -2.99994 -2.99994 5.04862e-10
16.45 -2.99994 -2.99994 5.05173e-10
16.46 -2.99994 -2.99994 5.05483e-10
16.47 -2.99994 -2.99994 5.05794e-10
16.48 -2.99994 -2.99994 5.06105e-10
16.49 -2.99994 -2.99994 5.06416e-10
16.5 -2.99994 -2.99994 5.06726e-10
16.51 -2.99995 -2.99995 5.07037e-10
16.52 -2.99995 -2.99995 5.07348e-10
16.53 -2.99995 -2.99995 5.07659e-10
16.54 -2.99995 -2.99995 5.0797e-10
16.55 -2.99995 -2.99995 5.0828e-10
16.56 -2.99995 -2.99995 5.08592e-10
16.57 -2.99995 -2.99995 5.08903e-10
16.58 -2.99995 -2.99995 5.09214e-10
16.59 -2.99995 -2.99995 5.09524e-10
16.6 -2.99995 -2.99995 5.09835e-10
16.61 -2.99995 -2.99995 5.10146e-10
16.62 -2.99995 -2.99995 5.10457e-10
16.63 -2.99995 -2.99995 5.10768e-10
16.64 -2.99995 -2.99995 5.11078e-10
16.65 -2.99995 -2.99995 5.11389e-10
16.66 -2.99995 -2.99995 5.11699e-10
16.67 -2.99995 -2.99995 5.1201e-10
16.68 -2.99995 -2.99995 5.12321e-10
16.69 -2.99995 -2.99995 5.12631e-10
16.7 -2.99995 -2.99995 5.12942e-10
16.71 -2.99995 -2.99995 5.13252e-10
16.72 -2.99995 -2.99995 5.13563e-10
16.73 -2.99995 -2.99995 5.13874e-10
16.74 -2.99996 -2.99996 5.14184e-10
16.75 -2.99996 -2.99996 5.14495e-10
16.76 -2.99996 -2.99996 5.14805e-10
16.77 -2.99996 -2.99996 5.15116e-10
16.78 -2.99996 -2.99996 5.15427e-10
16.79 -2.99996 -2.99996 5.15737e-10
16.8 -2.99996 -2.99996 5.16048e-10
16.81 -2.99996 -2.99996 5.16358e-10
16.82 -2.99996 -2.99996 5.16669e-10
16.83 -2.99996 -2.99996 5.16979e-10
16.84 -2.99996 -2.99996 5.1729e-10
16.85 -2.99996 -2.99996 5.17601e-10
16.86 -2.99996 -2.99996 5.17912e-10
16.87 -2.99996 -2.99996 5.18223e-10
16.88 -2.99996 -2.99996 5.18535e-10
16.89 -2.99996 -2.99996 5.18846e-10
16.9 -2.99996 -2.99996 5.19157e-10
16.91 -2.99996 -2.99996 5.19469e-10
16.92 -2.99996 -2.99996 5.1978e-10
16.93 -2.99996 -2.99996 5.20092e-10
16.94 -2.99996 -2.99996 5.20403e-10
16.95 -2.99996 -2.99996 5.20715e-10
16.96 -2.99996 -2.99996 5.21026e-10
16.97 -2.99996 -2.99996 5.21338e-10
16.98 -2.99996 -2.99996 5.21649e-10
16.99 -2.99996 -2.99996 5.21961e-10
17 -2.99996 -2.99996 5.22272e-10
17.01 -2.99996 -2.99996 5.22583e-10
17.02 -2.99996 -2.99996 5.22894e-10
17.03 -2.99996 -2.99996 5.23205e-10
17.04 -2.99997 -2.99997 5.23517e-10
17.05 -2.99997 -2.99997 5.23828e-10
17.06 -2.99997 -2.99997 5.2414e-10
17.07 -2.99997 -2.99997 5.24451e-10
17.08 -2.99997 -2.99997 5.24762e-10
17.09 -2.99997 -2.99997 5.25074e-10
17.1 -2.99997 -2.99997 5.25385e-10
17.11 -2.99997 -2.99997 5.25696e-10
17.12 -2.99997 -2.99997 5.26007e-10
17.13 -2.99997 -2.99997 5.26319e-10
17.14 -2.99997 -2.99997 5.2663e-10
17.15 -2.99997 -2.99997 5.26942e-10
17.16 -2.99997 -2.99997 5.27253e-10
17.17 -2.99997 -2.99997 5.27565e-10
17.18 -2.99997 -2.99997 5.27876e-10
17.19 -2.99997 -2.99997 5.28187e-10
17.2 -2.99997 -2.99997 5.28498e-10
17.21 -2.99997 -2.99997 5.2881e-10
17.22 -2.99997 -2.99997 5.29121e-10
17.23 -2.99997 -2.99997 5.29432e-10
17.24 -2.99997 -2.99997 5.29743e-10
17.25 -2.99997 -2.99997 5.30054e-10
17.26 -2.99997 -2.99997 5.30366e-10
17.27 -2.99997 -2.99997 5.30677e-10
17.28 -2.99997 -2.99997 5.30988e-10
17.29 -2.99997 -2.99997 5.31299e-10
17.3 -2.99997 -2.99997 5.31609e-10
17.31 -2.99997 -2.99997 5.31921e-10
17.32 -2.99997 -2.99997 5.32232e-10
17.33 -2.99997 -2.99997 5.32543e-10
17.34 -2.99997 -2.99997 5.32853e-10
17.35 -2.99997 -2.99997 5.33164e-10
17.36 -2.99997 -2.99997 5.33475e-10
17.37 -2.99997 -2.99997 5.33786e-10
17.38 -2.99997 -2.99997 5.34097e-10
17.39 -2.99997 -2.99997 5.34408e-10
17.4 -2.99997 -2.99997 5.34718e-10
17.41 -2.99997 -2.99997 5.35029e-10
17.42 -2.99997 -2.99997 5.3534e-10
17.43 -2.99997 -2.99997 5.3565e-10
17.44 -2.99998 -2.99998 5.35961e-10
17.45 -2.99998 -2.99998 5.36272e-10
17.46 -2.99998 -2.99998 5.36582e-10
17.47 -2.99998 -2.99998 5.36893e-10
17.48 -2.99998 -2.99998 5.37203e-10
17.49 -2.99998 -2.99998 5.37514e-10
17.5 -2.99998 -2.99998 5.37824e-10
17.51 -2.99998 -2.99998 5.38135e-10
17.52 -2.99998 -2.99998 5.38445e-10
17.53 -2.99998 -2.99998 5.38755e-10
17.54 -2.99998 -2.99998 5.39066e-10
17.55 -2.99998 -2.99998 5.39376e-10
17.56 -2.99998 -2.99998 5.39686e-10
17.57 -2.99998 -2.99998 5.39996e-10
17.58 -2.99998 -2.99998 5.40306e-10
17.59 -2.99998 -2.99998 5.40616e-10
17.6 -2.99998 -2.99998 5.40926e-10
17.61 -2.99998 -2.99998 5.41236e-10
17.62 -2.99998 -2.99998 5.41545e-10
17.63 -2.99998 -2.99998 5.41855e-10
17.64 -2.99998 -2.99998 5.42165e-10
17.65 -2.99998 -2.99998 5.42475e-10
17.66 -2.99998 -2.99998 5.42785e-10
17.67 -2.99998 -2.99998 5.43095e-10
17.68 -2.99998 -2.99998 5.43405e-10
17.69 -2.99998 -2.99998 5.43715e-10
17.7 -2.99998 -2.99998 5.44025e-10
17.71 -2.99998 -2.99998 5.44335e-10
17.72 -2.99998 -2.99998 5.44645e-10
17.73 -2.99998 -2.99998 5.44956e-10
17.74 -2.99998 -2.99998 5.45266e-10
17.75 -2.99998 -2.99998 5.45576e-10
17.76 -2.99998 -2.99998 5.45886e-10
17.77 -2.99998 -2.99998 5.46196e-10
17.78 -2.99998 -2.99998 5.46506e-10
17.79 -2.99998 -2.99998 5.46817e-10
17.8 -2.99998 -2.99998 5.47127e-10
17.81 -2.99998 -2.99998 5.47437e-10
17.82 -2.99998 -2.99998 5.47747e-10
17.83 -2.99998 -2.99998 5.48057e-10
17.84 -2.99998 -2.99998 5.48367e-10
17.85 -2.99998 -2.99998 5.48678e-10
17.86 -2.99998 -2.99998 5.48988e-10
17.87 -2.99998 -2.99998 5.49298e-10
17.88 -2.99998 -2.99998 5.49609e-10
17.89 -2.99998 -2.99998 5.49919e-10
17.9 -2.99998 -2.99998 5.50229e-10
17.91 -2.99998 -2.99998 5.5054e-10
17.92 -2.99998 -2.99998 5.5085e-10
17.93 -2.99998 -2.99998 5.51161e-10
17.94 -2.99998 -2.99998 5.51472e-10
17.95 -2.99998 -2.99998 5.51783e-10
17.96 -2.99998 -2.99998 5.52093e-10
17.97 -2.99998 -2.99998 5.52404e-10
17.98 -2.99998 -2.99998 5.52715e-10
17.99 -2.99998 -2.99998 5.53026e-10
18 -2.99998 -2.99998 5.53336e-10
18.01 -2.99998 -2.99998 5.53647e-10
18.02 -2.99998 -2.99998 5.53958e-10
18.03 -2.99998 -2.99998 5.54269e-10
18.04 -2.99999 -2.99999 5.5458e-10
18.05 -2.99999 -2.99999 5.5489e-10
18.06 -2.99999 -2.99999 5.55201e-10
18.07 -2.99999 -2.99999 5.55512e-10
18.08 -2.99999 -2.99999 5.55823e-10
18.09 -2.99999 -2.99999 5.56134e-10
18.1 -2.99999 -2.99999 5.56445e-10
18.11 -2.99999 -2.99999 5.56756e-10
18.12 -2.99999 -2.99999 5.57067e-10
18.13 -2.99999 -2.99999 5.57378e-10
18.14 -2.99999 -2.99999 5.5769e-10
18.15 -2.99999 -2.99999 5.58e-10
18.16 -2.99999 -2.99999 5.58311e-10
18.17 -2.99999 -2.99999 5.58622e-10
18.18 -2.99999 -2.99999 5.58933e-10
18.19 -2.99999 -2.99999 5.59244e-10
18.2 -2.99999 -2.99999 5.59555e-10
18.21 -2.99999 -2.99999 5.59866e-10
18.22 -2.99999 -2.99999 5.60177e-10
18.23 -2.99999 -2.99999 5.60488e-10
18.24 -2.99999 -2.99999 5.60798e-10
18.25 -2.99999 -2.99999 5.61109e-10
18.26 -2.99999 -2.99999 5.6142e-10
18.27 -2.99999 -2.99999 5.6173e-10
18.28 -2.99999 -2.99999 5.62041e-10
18.29 -2.99999 -2.99999 5.62352e-10
18.3 -2.99999 -2.99999 5.62663e-10
18.31 -2.99999 -2.99999 5.62974e-10
18.32 -2.99999 -2.99999 5.63285e-10
18.33 -2.99999 -2.99999 5.63596e-10
18.34 -2.99999 -2.99999 5.63907e-10
18.35 -2.99999 -2.99999 5.64219e-10
18.36 -2.99999 -2.99999 5.6453e-10
18.37 -2.99999 -2.99999 5.64841e-10
18.38 -2.99999 -2.99999 5.65153e-10
18.39 -2.99999 -2.99999 5.65464e-10
18.4 -2.99999 -2.99999 5.65775e-10
18.41 -2.99999 -2.99999 5.66086e-10
18.42 -2.99999 -2.99999 5.66397e-10
18.43 -2.99999 -2.99999 5.66709e-10
18.44 -2.99999 -2.99999 5.6702e-10
18.45 -2.99999 -2.99999 5.67331e-10
18.46 -2.99999 -2.99999 5.67642e-10
18.47 -2.99999 -2.99999 5.67953e-10
18.48 -2.99999 -2.99999 5.68264e-10
18.49 -2.99999 -2.99999 5.68575e-10
18.5 -2.99999 -2.99999 5.68887e-10
18.51 -2.99999 -2.99999 5.69198e-10
18.52 -2.99999 -2.99999 5.69509e-10
18.53 -2.99999 -2.99999 5.6982e-10
18.54 -2.99999 -2.99999 5.70131e-10
18.55 -2.99999 -2.99999 5.70442e-10
18.56 -2.99999 -2.99999 5.70752e-10
18.57 -2.99999 -2.99999 5.71063e-10
18.58 -2.99999 -2.99999 5.71374e-10
18.59 -2.99999 -2.99999 5.71686e-10
18.6 -2.99999 -2.99999 5.71997e-10
18.61 -2.99999 -2.99999 5.72308e-10
18.62 -2.99999 -2.99999 5.7262e-10
18.63 -2.99999 -2.99999 5.72931e-10
18.64 -2.99999 -2.99999 5.73242e-10
18.65 -2.99999 -2.99999 5.73554e-10
18.66 -2.99999 -2.99999 5.73865e-10
18.67 -2.99999 -2.99999 5.74177e-10
18.68 -2.99999 -2.99999 5.74488e-10
18.69 -2.99999 -2.99999 5.74799e-10
18.7 -2.99999 -2.99999 5.7511e-10
18.71 -2.99999 -2.99999 5.75421e-10
18.72 -2.99999 -2.99999 5.75732e-10
18.73 -2.99999 -2.99999 5.76043e-10
18.74 -2.99999 -2.99999 5.76353e-10
18.75 -2.99999 -2.99999 5.76664e-10
18.76 -2.99999 -2.99999 5.76974e-10
18.77 -2.99999 -2.99999 5.77285e-10
18.78 -2.99999 -2.99999 5.77595e-10
18.79 -2.99999 -2.99999 5.77905e-10
18.8 -2.99999 -2.99999 5.78215e-10
18.81 -2.99999 -2.99999 5.78525e-10
18.82 -2.99999 -2.99999 5.78835e-10
18.83 -2.99999 -2.99999 5.79145e-10
18.84 -2.99999 -2.99999 5.79455e-10
18.85 -2.99999 -2.99999 5.79764e-10
18.86 -2.99999 -2.99999 5.80074e-10
18.87 -2.99999 -2.99999 5.80384e-10
18.88 -2.99999 -2.99999 5.80694e-10
18.89 -2.99999 -2.99999 5.81004e-10
18.9 -2.99999 -2.99999 5.81313e-10
18.91 -2.99999 -2.99999 5.81623e-10
18.92 -2.99999 -2.99999 5.81933e-10
18.93 -2.99999 -2.99999 5.82242e-10
18.94 -2.99999 -2.99999 5.82552e-10
18.95 -2.99999 -2.99999 5.82862e-10
18.96 -2.99999 -2.99999 5.83171e-10
18.97 -2.99999 -2.99999 5.83481e-10
18.98 -2.99999 -2.99999 5.8379e-10
18.99 -2.99999 -2.99999 5.841e-10
19 -2.99999 -2.99999 5.8441e-10
19.01 -2.99999 -2.99999 5.84719e-10
19.02 -2.99999 -2.99999 5.85029e-10
19.03 -2.99999 -2.99999 5.85339e-10
19.04 -2.99999 -2.99999 5.85648e-10
19.05 -2.99999 -2.99999 5.85958e-10
19.06 -2.99999 -2.99999 5.86268e-10
19.07 -2.99999 -2.99999 5.86578e-10
19.08 -2.99999 -2.99999 5.86888e-10
19.09 -2.99999 -2.99999 5.87198e-10
19.1 -2.99999 -2.99999 5.87508e-10
19.11 -2.99999 -2.99999 5.87817e-10
19.12 -2.99999 -2.99999 5.88127e-10
19.13 -2.99999 -2.99999 5.88437e-10
19.14 -2.99999 -2.99999 5.88747e-10
19.15 -2.99999 -2.99999 5.89057e-10
19.16 -2.99999 -2.99999 5.89367e-10
19.17 -2.99999 -2.99999 5.89677e-10
19.18 -2.99999 -2.99999 5.89987e-10
19.19 -2.99999 -2.99999 5.90297e-10
19.2 -2.99999 -2.99999 5.90607e-10
19.21 -2.99999 -2.99999 5.90917e-10
19.22 -2.99999 -2.99999 5.91227e-10
19.23 -2.99999 -2.99999 5.91537e-10
19.24 -2.99999 -2.99999 5.91847e-10
19.25 -2.99999 -2.99999 5.92157e-10
19.26 -2.99999 -2.99999 5.92468e-10
19.27 -2.99999 -2.99999 5.92778e-10
19.28 -2.99999 -2.99999 5.93089e-10
19.29 -2.99999 -2.99999 5.934e-10
19.3 -2.99999 -2.99999 5.9371e-10
19.31 -2.99999 -2.99999 5.94022e-10
19.32 -3 -3 5.94333e-10
19.33 -3 -3 5.94644e-10
19.34 -3 -3 5.94955e-10
19.35 -3 -3 5.95266e-10
19.36 -3 -3 5.95577e-10
19.37 -3 -3 5.95888e-10
19.38 -3 -3 5.96199e-10
19.39 -3 -3 5.9651e-10
19.4 -3 -3 5.96821e-10
19.41 -3 -3 5.97132e-10
19.42 -3 -3 5.97444e-10
19.43 -3 -3 5.97755e-10
19.44 -3 -3 5.98065e-10
19.45 -3 -3 5.98376e-10
19.46 -3 -3 5.98687e-10
19.47 -3 -3 5.98997e-10
19.48 -3 -3 5.99308e-10
19.49 -3 -3 5.99619e-10
19.5 -3 -3 5.9993e-10
19.51 -3 -3 6.00241e-10
19.52 -3 -3 6.00552e-10
19.53 -3 -3 6.00863e-10
19.54 -3 -3 6.01174e-10
19.55 -3 -3 6.01485e-10
19.56 -3 -3 6.01797e-10
19.57 -3 -3 6.02108e-10
19.58 -3 -3 6.0242e-10
19.59 -3 -3 6.02731e-10
19.6 -3 -3 6.03043e-10
19.61 -3 -3 6.03355e-10
19.62 -3 -3 6.03666e-10
19.63 -3 -3 6.03978e-10
19.64 -3 -3 6.04289e-10
19.65 -3 -3 6.046e-10
19.66 -3 -3 6.04911e-10
19.67 -3 -3 6.05222e-10
19.68 -3 -3 6.05533e-10
19.69 -3 -3 6.05844e-10
19.7 -3 -3 6.06155e-10
19.71 -3 -3 6.06466e-10
19.72 -3 -3 6.06777e-10
19.73 -3 -3 6.07088e-10
19.74 -3 -3 6.07399e-10
19.75 -3 -3 6.0771e-10
19.76 -3 -3 6.08022e-10
19.77 -3 -3 6.08333e-10
19.78 -3 -3 6.08643e-10
19.79 -3 -3 6.08954e-10
19.8 -3 -3 6.09266e-10
19.81 -3 -3 6.09577e-10
19.82 -3 -3 6.09888e-10
19.83 -3 -3 6.10199e-10
19.84 -3 -3 6.1051e-10
19.85 -3 -3 6.10821e-10
19.86 -3 -3 6.11132e-10
19.87 -3 -3 6.11443e-10
19.88 -3 -3 6.11754e-10
19.89 -3 -3 6.12065e-10
19.9 -3 -3 6.12375e-10
19.91 -3 -3 6.12686e-10
19.92 -3 -3 6.12997e-10
19.93 -3 -3 6.13307e-10
19.94 -3 -3 6.13618e-10
19.95 -3 -3 6.13929e-10
19.96 -3 -3 6.1424e-10
19.97 -3 -3 6.14551e-10
19.98 -3 -3 6.14862e-10
19.99 -3 -3 6.15173e-10
20 -3 -3 6.15484e-10
20.01 -3 -3 6.15796e-10
20.02 -3 -3 6.16107e-10
20.03 -3 -3 6.16418e-10
20.04 -3 -3 6.16729e-10
20.05 -3 -3 6.17041e-10
20.06 -3 -3 6.17352e-10
20.07 -3 -3 6.17663e-10
20.08 -3 -3 6.17975e-10
20.09 -3 -3 6.18286e-10
20.1 -3 -3 6.18597e-10
20.11 -3 -3 6.18909e-10
20.12 -3 -3 6.1922e-10
20.13 -3 -3 6.19531e-10
20.14 -3 -3 6.19842e-10
20.15 -3 -3 6.20154e-10
20.16 -3 -3 6.20465e-10
20.17 -3 -3 6.20776e-10
20.18 -3 -3 6.21088e-10
20.19 -3 -3 6.21399e-10
20.2 -3 -3 6.21711e-10
20.21 -3 -3 6.22022e-10
20.22 -3 -3 6.22334e-10
20.23 -3 -3 6.22645e-10
20.24 -3 -3 6.22957e-10
20.25 -3 -3 6.23269e-10
20.26 -3 -3 6.2358e-10
20.27 -3 -3 6.23891e-10
20.28 -3 -3 6.24203e-10
20.29 -3 -3 6.24514e-10
20.3 -3 -3 6.24825e-10
20.31 -3 -3 6.25137e-10
20.32 -3 -3 6.25448e-10
20.33 -3 -3 6.2576e-10
20.34 -3 -3 6.26071e-10
20.35 -3 -3 6.26383e-10
20.36 -3 -3 6.26694e-10
20.37 -3 -3 6.27006e-10
20.38 -3 -3 6.27317e-10
20.39 -3 -3 6.27628e-10
20.4 -3 -3 6.2794e-10
20.41 -3 -3 6.28251e-10
20.42 -3 -3 6.28562e-10
20.43 -3 -3 6.28873e-10
20.44 -3 -3 6.29183e-10
20.45 -3 -3 6.29494e-10
20.46 -3 -3 6.29804e-10
20.47 -3 -3 6.30115e-10
20.48 -3 -3 6.30425e-10
20.49 -3 -3 6.30736e-10
20.5 -3 -3 6.31046e-10
20.51 -3 -3 6.31357e-10
20.52 -3 -3 6.31667e-10
20.53 -3 -3 6.31977e-10
20.54 -3 -3 6.32287e-10
20.55 -3 -3 6.32597e-10
20.56 -3 -3 6.32907e-10
20.57 -3 -3 6.33217e-10
20.58 -3 -3 6.33527e-10
20.59 -3 -3 6.33837e-10
20.6 -3 -3 6.34147e-10
20.61 -3 -3 6.34457e-10
20.62 -3 -3 6.34767e-10
20.63 -3 -3 6.35077e-10
20.64 -3 -3 6.35387e-10
20.65 -3 -3 6.35697e-10
20.66 -3 -3 6.36008e-10
20.67 -3 -3 6.36318e-10
20.68 -3 -3 6.36629e-10
20.69 -3 -3 6.36939e-10
20.7 -3 -3 6.37249e-10
20.71 -3 -3 6.3756e-10
20.72 -3 -3 6.3787e-10
20.73 -3 -3 6.38181e-10
20.74 -3 -3 6.38491e-10
20.75 -3 -3 6.38802e-10
20.76 -3 -3 6.39112e-10
20.77 -3 -3 6.39422e-10
20.78 -3 -3 6.39732e-10
20.79 -3 -3 6.40042e-10
20.8 -3 -3 6.40352e-10
20.81 -3 -3 6.40662e-10
20.82 -3 -3 6.40971e-10
20.83 -3 -3 6.41281e-10
20.84 -3 -3 6.4159e-10
20.85 -3 -3 6.419e-10
20.86 -3 -3 6.42209e-10
20.87 -3 -3 6.42519e-10
20.88 -3 -3 6.42828e-10
20.89 -3 -3 6.43137e-10
20.9 -3 -3 6.43447e-10
20.91 -3 -3 6.43756e-10
20.92 -3 -3 6.44066e-10
20.93 -3 -3 6.44376e-10
20.94 -3 -3 6.44685e-10
20.95 -3 -3 6.44995e-10
20.96 -3 -3 6.45304e-10
20.97 -3 -3 6.45614e-10
20.98 -3 -3 6.45924e-10
20.99 -3 -3 6.46233e-10
21 -3 -3 6.46543e-10
21.01 -3 -3 6.46853e-10
21.02 -3 -3 6.47162e-10
21.03 -3 -3 6.47472e-10
21.04 -3 -3 6.47781e-10
21.05 -3 -3 6.48091e-10
21.06 -3 -3 6.48401e-10
21.07 -3 -3 6.48711e-10
21.08 -3 -3 6.4902e-10
21.09 -3 -3 6.4933e-10
21.1 -3 -3 6.4964e-10
21.11 -3 -3 6.4995e-10
21.12 -3 -3 6.5026e-10
21.13 -3 -3 6.5057e-10
21.14 -3 -3 6.5088e-10
21.15 -3 -3 6.51189e-10
21.16 -3 -3 6.51499e-10
21.17 -3 -3 6.51809e-10
21.18 -3 -3 6.52119e-10
21.19 -3 -3 6.5243e-10
21.2 -3 -3 6.5274e-10
21.21 -3 -3 6.5305e-10
21.22 -3 -3 6.5336e-10
21.23 -3 -3 6.5367e-10
21.24 -3 -3 6.5398e-10
21.25 -3 -3 6.54291e-10
21.26 -3 -3 6.54601e-10
21.27 -3 -3 6.54912e-10
21.28 -3 -3 6.55222e-10
21.29 -3 -3 6.55532e-10
21.3 -3 -3 6.55843e-10
21.31 -3 -3 6.56153e-10
21.32 -3 -3 6.56463e-10
21.33 -3 -3 6.56773e-10
21.34 -3 -3 6.57083e-10
21.35 -3 -3 6.57393e-10
21.36 -3 -3 6.57703e-10
21.37 -3 -3 6.58013e-10
21.38 -3 -3 6.58324e-10
21.39 -3 -3 6.58634e-10
21.4 -3 -3 6.58944e-10
21.41 -3 -3 6.59253e-10
21.42 -3 -3 6.59563e-10
21.43 -3 -3 6.59874e-10
21.44 -3 -3 6.60184e-10
21.45 -3 -3 6.60494e-10
21.46 -3 -3 6.60804e-10
21.47 -3 -3 6.61115e-10
21.48 -3 -3 6.61425e-10
21.49 -3 -3 6.61735e-10
21.5 -3 -3 6.62045e-10
21.51 -3 -3 6.62355e-10
21.52 -3 -3 6.62665e-10
21.53 -3 -3 6.62975e-10
21.54 -3 -3 6.63285e-10
21.55 -3 -3 6.63595e-10
21.56 -3 -3 6.63904e-10
21.57 -3 -3 6.64214e-10
21.58 -3 -3 6.64523e-10
21.59 -3 -3 6.64833e-10
21.6 -3 -3 6.65142e-10
21.61 -3 -3 6.65451e-10
21.62 -3 -3 6.6576e-10
21.63 -3 -3 6.66069e-10
21.64 -3 -3 6.66378e-10
21.65 -3 -3 6.66687e-10
21.66 -3 -3 6.66996e-10
21.67 -3 -3 6.67306e-10
21.68 -3 -3 6.67615e-10
21.69 -3 -3 6.67925e-10
21.7 -3 -3 6.68234e-10
21.71 -3 -3 6.68543e-10
21.72 -3 -3 6.68853e-10
21.73 -3 -3 6.69163e-10
21.74 -3 -3 6.69472e-10
21.75 -3 -3 6.69782e-10
21.76 -3 -3 6.70091e-10
21.77 -3 -3 6.70401e-10
21.78 -3 -3 6.7071e-10
21.79 -3 -3 6.7102e-10
21.8 -3 -3 6.7133e-10
21.81 -3 -3 6.71639e-10
21.82 -3 -3 6.71949e-10
21.83 -3 -3 6.72259e-10
21.84 -3 -3 6.72569e-10
21.85 -3 -3 6.72878e-10
21.86 -3 -3 6.73188e-10
21.87 -3 -3 6.73498e-10
21.88 -3 -3 6.73808e-10
21.89 -3 -3 6.74118e-10
21.9 -3 -3 6.74428e-10
21.91 -3 -3 6.74738e-10
21.92 -3 -3 6.75048e-10
21.93 -3 -3 6.75359e-10
21.94 -3 -3 6.75669e-10
21.95 -3 -3 6.75979e-10
21.96 -3 -3 6.76289e-10
21.97 -3 -3 6.766e-10
21.98 -3 -3 6.7691e-10
21.99 -3 -3 6.7722e-10
22 -3 -3 6.77531e-10
22.01 -3 -3 6.77841e-10
22.02 -3 -3 6.78152e-10
22.03 -3 -3 6.78462e-10
22.04 -3 -3 6.78773e-10
22.05 -3 -3 6.79084e-10
22.06 -3 -3 6.79394e-10
22.07 -3 -3 6.79705e-10
22.08 -3 -3 6.80015e-10
22.09 -3 -3 6.80326e-10
22.1 -3 -3 6.80637e-10
22.11 -3 -3 6.80947e-10
22.12 -3 -3 6.81258e-10
22.13 -3 -3 6.81569e-10
22.14 -3 -3 6.8188e-10
22.15 -3 -3 6.82191e-10
22.16 -3 -3 6.82502e-10
22.17 -3 -3 6.82813e-10
22.18 -3 -3 6.83124e-10
22.19 -3 -3 6.83435e-10
22.2 -3 -3 6.83746e-10
22.21 -3 -3 6.84057e-10
22.22 -3 -3 6.84368e-10
22.23 -3 -3 6.84679e-10
22.24 -3 -3 6.8499e-10
22.25 -3 -3 6.85301e-10
22.26 -3 -3 6.85612e-10
22.27 -3 -3 6.85922e-10
22.28 -3 -3 6.86233e-10
22.29 -3 -3 6.86544e-10
22.3 -3 -3 6.86855e-10
22.31 -3 -3 6.87165e-10
22.32 -3 -3 6.87476e-10
22.33 -3 -3 6.87786e-10
22.34 -3 -3 6.88096e-10
22.35 -3 -3 6.88407e-10
22.36 -3 -3 6.88717e-10
22.37 -3 -3 6.89027e-10
22.38 -3 -3 6.89338e-10
22.39 -3 -3 6.89648e-10
22.4 -3 -3 6.89959e-10
22.41 -3 -3 6.90269e-10
22.42 -3 -3 6.9058e-10
22.43 -3 -3 6.9089e-10
22.44 -3 -3 6.91201e-10
22.45 -3 -3 6.91511e-10
22.46 -3 -3 6.91822e-10
22.47 -3 -3 6.92133e-10
22.48 -3 -3 6.92444e-10
22.49 -3 -3 6.92755e-10
22.5 -3 -3 6.93066e-10
22.51 -3 -3 6.93376e-10
22.52 -3 -3 6.93687e-10
22.53 -3 -3 6.93998e-10
22.54 -3 -3 6.94309e-10
22.55 -3 -3 6.9462e-10
22.56 -3 -3 6.94931e-10
22.57 -3 -3 6.95242e-10
22.58 -3 -3 6.95553e-10
22.59 -3 -3 6.95864e-10
22.6 -3 -3 6.96175e-10
22.61 -3 -3 6.96486e-10
22.62 -3 -3 6.96797e-10
22.63 -3 -3 6.97108e-10
22.64 -3 -3 6.9742e-10
22.65 -3 -3 6.97731e-10
22.66 -3 -3 6.98042e-10
22.67 -3 -3 6.98353e-10
22.68 -3 -3 6.98664e-10
22.69 -3 -3 6.98975e-10
22.7 -3 -3 6.99286e-10
22.71 -3 -3 6.99597e-10
22.72 -3 -3 6.99908e-10
22.73 -3 -3 7.00219e-10
22.74 -3 -3 7.00531e-10
22.75 -3 -3 7.00842e-10
22.76 -3 -3 7.01153e-10
22.77 -3 -3 7.01465e-10
22.78 -3 -3 7.01776e-10
22.79 -3 -3 7.02087e-10
22.8 -3 -3 7.02398e-10
22.81 -3 -3 7.02709e-10
22.82 -3 -3 7.0302e-10
22.83 -3 -3 7.03331e-10
22.84 -3 -3 7.03642e-10
22.85 -3 -3 7.03953e-10
22.86 -3 -3 7.04263e-10
22.87 -3 -3 7.04574e-10
22.88 -3 -3 7.04885e-10
22.89 -3 -3 7.05196e-10
22.9 -3 -3 7.05507e-10
22.91 -3 -3 7.05818e-10
22.92 -3 -3 7.06129e-10
22.93 -3 -3 7.0644e-10
22.94 -3 -3 7.06751e-10
22.95 -3 -3 7.07062e-10
22.96 -3 -3 7.07373e-10
22.97 -3 -3 7.07684e-10
22.98 -3 -3 7.07995e-10
22.99 -3 -3 7.08306e-10
23 -3 -3 7.08617e-10
23.01 -3 -3 7.08928e-10
23.02 -3 -3 7.09239e-10
23.03 -3 -3 7.0955e-10
23.04 -3 -3 7.09861e-10
23.05 -3 -3 7.10172e-10
23.06 -3 -3 7.10483e-10
23.07 -3 -3 7.10793e-10
23.08 -3 -3 7.11104e-10
23.09 -3 -3 7.11415e-10
23.1 -3 -3 7.11726e-10
23.11 -3 -3 7.12037e-10
23.12 -3 -3 7.12348e-10
23.13 -3 -3 7.12659e-10
23.14 -3 -3 7.1297e-10
23.15 -3 -3 7.13281e-10
23.16 -3 -3 7.13593e-10
23.17 -3 -3 7.13904e-10
23.18 -3 -3 7.14215e-10
23.19 -3 -3 7.14527e-10
23.2 -3 -3 7.14838e-10
23.21 -3 -3 7.1515e-10
23.22 -3 -3 7.15461e-10
23.23 -3 -3 7.15772e-10
23.24 -3 -3 7.16084e-10
23.25 -3 -3 7.16395e-10
23.26 -3 -3 7.16706e-10
23.27 -3 -3 7.17017e-10
23.28 -3 -3 7.17329e-10
23.29 -3 -3 7.1764e-10
23.3 -3 -3 7.17952e-10
23.31 -3 -3 7.18263e-10
23.32 -3 -3 7.18575e-10
23.33 -3 -3 7.18886e-10
23.34 -3 -3 7.19198e-10
23.35 -3 -3 7.19509e-10
23.36 -3 -3 7.19821e-10
23.37 -3 -3 7.20132e-10
23.38 -3 -3 7.20443e-10
23.39 -3 -3 7.20754e-10
23.4 -3 -3 7.21065e-10
23.41 -3 -3 7.21376e-10
23.42 -3 -3 7.21687e-10
23.43 -3 -3 7.21998e-10
23.44 -3 -3 7.22309e-10
23.45 -3 -3 7.2262e-10
23.46 -3 -3 7.22931e-10
23.47 -3 -3 7.23242e-10
23.48 -3 -3 7.23553e-10
23.49 -3 -3 7.23864e-10
23.5 -3 -3 7.24175e-10
23.51 -3 -3 7.24486e-10
23.52 -3 -3 7.24797e-10
23.53 -3 -3 7.25108e-10
23.54 -3 -3 7.25419e-10
23.55 -3 -3 7.2573e-10
23.56 -3 -3 7.26041e-10
23.57 -3 -3 7.26352e-10
23.58 -3 -3 7.26663e-10
23.59 -3 -3 7.26974e-10
23.6 -3 -3 7.27286e-10
23.61 -3 -3 7.27597e-10
23.62 -3 -3 7.27908e-10
23.63 -3 -3 7.28219e-10
23.64 -3 -3 7.2853e-10
23.65 -3 -3 7.2884e-10
23.66 -3 -3 7.29151e-10
23.67 -3 -3 7.29462e-10
23.68 -3 -3 7.29773e-10
23.69 -3 -3 7.30084e-10
23.7 -3 -3 7.30395e-10
23.71 -3 -3 7.30706e-10
23.72 -3 -3 7.31017e-10
23.73 -3 -3 7.31328e-10
23.74 -3 -3 7.31639e-10
23.75 -3 -3 7.31949e-10
23.76 -3 -3 7.3226e-10
23.77 -3 -3 7.32571e-10
23.78 -3 -3 7.32882e-10
23.79 -3 -3 7.33193e-10
23.8 -3 -3 7.33504e-10
23.81 -3 -3 7.33815e-10
23.82 -3 -3 7.34125e-10
23.83 -3 -3 7.34436e-10
23.84 -3 -3 7.34746e-10
23.85 -3 -3 7.35057e-10
23.86 -3 -3 7.35367e-10
23.87 -3 -3 7.35678e-10
23.88 -3 -3 7.35988e-10
23.89 -3 -3 7.36298e-10
23.9 -3 -3 7.36609e-10
23.91 -3 -3 7.3692e-10
23.92 -3 -3 7.3723e-10
23.93 -3 -3 7.37541e-10
23.94 -3 -3 7.37852e-10
23.95 -3 -3 7.38163e-10
23.96 -3 -3 7.38474e-10
23.97 -3 -3 7.38785e-10
23.98 -3 -3 7.39096e-10
23.99 -3 -3 7.39407e-10
24 -3 -3 7.39718e-10
24.01 -3 -3 7.40028e-10
24.02 -3 -3 7.40339e-10
24.03 -3 -3 7.40649e-10
24.04 -3 -3 7.40959e-10
24.05 -3 -3 7.4127e-10
24.06 -3 -3 7.4158e-10
24.07 -3 -3 7.4189e-10
24.08 -3 -3 7.42201e-10
24.09 -3 -3 7.42511e-10
24.1 -3 -3 7.42821e-10
24.11 -3 -3 7.43131e-10
24.12 -3 -3 7.43441e-10
24.13 -3 -3 7.43751e-10
24.14 -3 -3 7.44061e-10
24.15 -3 -3 7.44371e-10
24.16 -3 -3 7.44681e-10
24.17 -3 -3 7.44991e-10
24.18 -3 -3 7.45301e-10
24.19 -3 -3 7.4561e-10
24.2 -3 -3 7.4592e-10
24.21 -3 -3 7.46231e-10
24.22 -3 -3 7.46541e-10
24.23 -3 -3 7.46851e-10
24.24 -3 -3 7.47161e-10
24.25 -3 -3 7.47472e-10
24.26 -3 -3 7.47782e-10
24.27 -3 -3 7.48092e-10
24.28 -3 -3 7.48403e-10
24.29 -3 -3 7.48714e-10
24.3 -3 -3 7.49024e-10
24.31 -3 -3 7.49335e-10
24.32 -3 -3 7.49646e-10
24.33 -3 -3 7.49957e-10
24.34 -3 -3 7.50268e-10
24.35 -3 -3 7.50579e-10
24.36 -3 -3 7.5089e-10
24.37 -3 -3 7.51202e-10
24.38 -3 -3 7.51513e-10
24.39 -3 -3 7.51824e-10
24.4 -3 -3 7.52136e-10
24.41 -3 -3 7.52447e-10
24.42 -3 -3 7.52759e-10
24.43 -3 -3 7.53071e-10
24.44 -3 -3 7.53382e-10
24.45 -3 -3 7.53694e-10
24.46 -3 -3 7.54005e-10
24.47 -3 -3 7.54316e-10
24.48 -3 -3 7.54628e-10
24.49 -3 -3 7.54939e-10
24.5 -3 -3 7.55251e-10
24.51 -3 -3 7.55562e-10
24.52 -3 -3 7.55873e-10
24.53 -3 -3 7.56185e-10
24.54 -3 -3 7.56497e-10
24.55 -3 -3 7.56809e-10
24.56 -3 -3 7.5712e-10
24.57 -3 -3 7.57432e-10
24.58 -3 -3 7.57744e-10
24.59 -3 -3 7.58057e-10
24.6 -3 -3 7.58369e-10
24.61 -3 -3 7.58681e-10
24.62 -3 -3 7.58993e-10
24.63 -3 -3 7.59305e-10
24.64 -3 -3 7.59617e-10
24.65 -3 -3 7.59929e-10
24.66 -3 -3 7.60241e-10
24.67 -3 -3 7.60553e-10
24.68 -3 -3 7.60864e-10
24.69 -3 -3 7.61176e-10
24.7 -3 -3 7.61488e-10
24.71 -3 -3 7.61799e-10
24.72 -3 -3 7.62111e-10
24.73 -3 -3 7.62422e-10
24.74 -3 -3 7.62734e-10
24.75 -3 -3 7.63045e-10
24.76 -3 -3 7.63357e-10
24.77 -3 -3 7.63669e-10
24.78 -3 -3 7.6398e-10
24.79 -3 -3 7.64292e-10
24.8 -3 -3 7.64604e-10
24.81 -3 -3 7.64916e-10
24.82 -3 -3 7.65227e-10
24.83 -3 -3 7.65539e-10
24.84 -3 -3 7.65851e-10
24.85 -3 -3 7.66162e-10
24.86 -3 -3 7.66474e-10
24.87 -3 -3 7.66785e-10
24.88 -3 -3 7.67096e-10
24.89 -3 -3 7.67408e-10
24.9 -3 -3 7.67719e-10
24.91 -3 -3 7.6803e-10
24.92 -3 -3 7.68341e-10
24.93 -3 -3 7.68653e-10
24.94 -3 -3 7.68964e-10
24.95 -3 -3 7.69275e-10
24.96 -3 -3 7.69587e-10
24.97 -3 -3 7.69898e-10
24.98 -3 -3 7.70209e-10
24.99 -3 -3 7.70521e-10
25 -3 -3 7.70833e-10
25.01 -3 -3 7.71144e-10
25.02 -3 -3 7.71456e-10
25.03 -3 -3 7.71768e-10
25.04 -3 -3 7.72079e-10
25.05 -3 -3 7.72391e-10
25.06 -3 -3 7.72702e-10
25.07 -3 -3 7.73014e-10
25.08 -3 -3 7.73325e-10
25.09 -3 -3 7.73636e-10
25.1 -3 -3 7.73948e-10
25.11 -3 -3 7.74259e-10
25.12 -3 -3 7.74571e-10
25.13 -3 -3 7.74882e-10
25.14 -3 -3 7.75193e-10
25.15 -3 -3 7.75504e-10
25.16 -3 -3 7.75816e-10
25.17 -3 -3 7.76127e-10
25.18 -3 -3 7.76439e-10
25.19 -3 -3 7.7675e-10
25.2 -3 -3 7.77062e-10
25.21 -3 -3 7.77373e-10
25.22 -3 -3 7.77684e-10
25.23 -3 -3 7.77996e-10
25.24 -3 -3 7.78307e-10
25.25 -3 -3 7.78619e-10
25.26 -3 -3 7.78931e-10
25.27 -3 -3 7.79243e-10
25.28 -3 -3 7.79555e-10
25.29 -3 -3 7.79867e-10
25.3 -3 -3 7.80179e-10
25.31 -3 -3 7.80492e-10
25.32 -3 -3 7.80804e-10
25.33 -3 -3 7.81116e-10
25.34 -3 -3 7.81428e-10
25.35 -3 -3 7.8174e-10
25.36 -3 -3 7.82052e-10
25.37 -3 -3 7.82364e-10
25.38 -3 -3 7.82676e-10
25.39 -3 -3 7.82989e-10
25.4 -3 -3 7.83301e-10
25.41 -3 -3 7.83614e-10
25.42 -3 -3 7.83926e-10
25.43 -3 -3 7.84239e-10
25.44 -3 -3 7.84551e-10
25.45 -3 -3 7.84864e-10
25.46 -3 -3 7.85176e-10
25.47 -3 -3 7.85489e-10
25.48 -3 -3 7.85801e-10
25.49 -3 -3 7.86114e-10
25.5 -3 -3 7.86426e-10
25.51 -3 -3 7.86739e-10
25.52 -3 -3 7.87052e-10
25.53 -3 -3 7.87365e-10
25.54 -3 -3 7.87677e-10
25.55 -3 -3 7.8799e-10
25.56 -3 -3 7.88302e-10
25.57 -3 -3 7.88615e-10
25.58 -3 -3 7.88927e-10
25.59 -3 -3 7.89239e-10
25.6 -3 -3 7.89552e-10
25.61 -3 -3 7.89865e-10
25.62 -3 -3 7.90178e-10
25.63 -3 -3 7.9049e-10
25.64 -3 -3 7.90803e-10
25.65 -3 -3 7.91116e-10
25.66 -3 -3 7.9143e-10
25.67 -3 -3 7.91743e-10
25.68 -3 -3 7.92055e-10
25.69 -3 -3 7.92368e-10
25.7 -3 -3 7.92681e-10
25.71 -3 -3 7.92994e-10
25.72 -3 -3 7.93307e-10
25.73 -3 -3 7.9362e-10
25.74 -3 -3 7.93933e-10
25.75 -3 -3 7.94246e-10
25.76 -3 -3 7.94559e-10
25.77 -3 -3 7.94872e-10
25.78 -3 -3 7.95185e-10
25.79 -3 -3 7.95498e-10
25.8 -3 -3 7.95811e-10
25.81 -3 -3 7.96124e-10
25.82 -3 -3 7.96437e-10
25.83 -3 -3 7.96749e-10
25.84 -3 -3 7.97062e-10
25.85 -3 -3 7.97374e-10
25.86 -3 -3 7.97687e-10
25.87 -3 -3 7.97999e-10
25.88 -3 -3 7.98311e-10
25.89 -3 -3 7.98623e-10
25.9 -3 -3 7.98935e-10
25.91 -3 -3 7.99246e-10
25.92 -3 -3 7.99558e-10
25.93 -3 -3 7.9987e-10
25.94 -3 -3 8.00182e-10
25.95 -3 -3 8.00494e-10
25.96 -3 -3 8.00806e-10
25.97 -3 -3 8.01118e-10
25.98 -3 -3 8.0143e-10
25.99 -3 -3 8.01741e-10
26 -3 -3 8.02053e-10
26.01 -3 -3 8.02364e-10
26.02 -3 -3 8.02675e-10
26.03 -3 -3 8.02987e-10
26.04 -3 -3 8.03299e-10
26.05 -3 -3 8.0361e-10
26.06 -3 -3 8.03922e-10
26.07 -3 -3 8.04234e-10
26.08 -3 -3 8.04545e-10
26.09 -3 -3 8.04857e-10
26.1 -3 -3 8.05168e-10
26.11 -3 -3 8.0548e-10
26.12 -3 -3 8.05791e-10
26.13 -3 -3 8.06103e-10
26.14 -3 -3 8.06414e-10
26.15 -3 -3 8.06725e-10
26.16 -3 -3 8.07037e-10
26.17 -3 -3 8.07348e-10
26.18 -3 -3 8.0766e-10
26.19 -3 -3 8.07971e-10
26.2 -3 -3 8.08283e-10
26.21 -3 -3 8.08594e-10
26.22 -3 -3 8.08906e-10
26.23 -3 -3 8.09217e-10
26.24 -3 -3 8.09529e-10
26.25 -3 -3 8.0984e-10
26.26 -3 -3 8.10152e-10
26.27 -3 -3 8.10463e-10
26.28 -3 -3 8.10775e-10
26.29 -3 -3 8.11086e-10
26.3 -3 -3 8.11398e-10
26.31 -3 -3 8.11709e-10
26.32 -3 -3 8.12021e-10
26.33 -3 -3 8.12332e-10
26.34 -3 -3 8.12644e-10
26.35 -3 -3 8.12955e-10
26.36 -3 -3 8.13267e-10
26.37 -3 -3 8.13578e-10
26.38 -3 -3 8.13889e-10
26.39 -3 -3 8.14201e-10
26.4 -3 -3 8.14513e-10
26.41 -3 -3 8.14825e-10
26.42 -3 -3 8.15137e-10
26.43 -3 -3 8.15448e-10
26.44 -3 -3 8.1576e-10
26.45 -3 -3 8.16072e-10
26.46 -3 -3 8.16383e-10
26.47 -3 -3 8.16695e-10
26.48 -3 -3 8.17006e-10
26.49 -3 -3 8.17318e-10
26.5 -3 -3 8.17629e-10
26.51 -3 -3 8.17941e-10
26.52 -3 -3 8.18252e-10
26.53 -3 -3 8.18563e-10
26.54 -3 -3 8.18874e-10
26.55 -3 -3 8.19185e-10
26.56 -3 -3 8.19496e-10
26.57 -3 -3 8.19807e-10
26.58 -3 -3 8.20118e-10
26.59 -3 -3 8.20429e-10
26.6 -3 -3 8.20739e-10
26.61 -3 -3 8.2105e-10
26.62 -3 -3 8.21361e-10
26.63 -3 -3 8.21672e-10
26.64 -3 -3 8.21983e-10
26.65 -3 -3 8.22295e-10
26.66 -3 -3 8.22606e-10
26.67 -3 -3 8.22917e-10
26.68 -3 -3 8.23228e-10
26.69 -3 -3 8.23539e-10
26.7 -3 -3 8.23851e-10
26.71 -3 -3 8.24162e-10
26.72 -3 -3 8.24474e-10
26.73 -3 -3 8.24785e-10
26.74 -3 -3 8.25097e-10
26.75 -3 -3 8.25408e-10
26.76 -3 -3 8.2572e-10
26.77 -3 -3 8.26031e-10
26.78 -3 -3 8.26343e-10
26.79 -3 -3 8.26655e-10
26.8 -3 -3 8.26966e-10
26.81 -3 -3 8.27278e-10
26.82 -3 -3 8.2759e-10
26.83 -3 -3 8.27901e-10
26.84 -3 -3 8.28213e-10
26.85 -3 -3 8.28524e-10
26.86 -3 -3 8.28836e-10
26.87 -3 -3 8.29148e-10
26.88 -3 -3 8.29459e-10
26.89 -3 -3 8.29771e-10
26.9 -3 -3 8.30083e-10
26.91 -3 -3 8.30395e-10
26.92 -3 -3 8.30707e-10
26.93 -3 -3 8.31019e-10
26.94 -3 -3 8.31331e-10
26.95 -3 -3 8.31644e-10
26.96 -3 -3 8.31956e-10
26.97 -3 -3 8.32268e-10
26.98 -3 -3 8.3258e-10
26.99 -3 -3 8.32892e-10
27 -3 -3 8.33205e-10
27.01 -3 -3 8.33517e-10
27.02 -3 -3 8.33829e-10
27.03 -3 -3 8.34141e-10
27.04 -3 -3 8.34454e-10
27.05 -3 -3 8.34766e-10
27.06 -3 -3 8.35078e-10
27.07 -3 -3 8.35391e-10
27.08 -3 -3 8.35703e-10
27.09 -3 -3 8.36016e-10
27.1 -3 -3 8.36328e-10
27.11 -3 -3 8.36641e-10
27.12 -3 -3 8.36953e-10
27.13 -3 -3 8.37266e-10
27.14 -3 -3 8.37579e-10
27.15 -3 -3 8.37891e-10
27.16 -3 -3 8.38204e-10
27.17 -3 -3 8.38517e-10
27.18 -3 -3 8.3883e-10
27.19 -3 -3 8.39143e-10
27.2 -3 -3 8.39456e-10
27.21 -3 -3 8.39769e-10
27.22 -3 -3 8.40082e-10
27.23 -3 -3 8.40396e-10
27.24 -3 -3 8.40709e-10
27.25 -3 -3 8.41022e-10
27.26 -3 -3 8.41335e-10
27.27 -3 -3 8.41648e-10
27.28 -3 -3 8.41961e-10
27.29 -3 -3 8.42274e-10
27.3 -3 -3 8.42587e-10
27.31 -3 -3 8.429e-10
27.32 -3 -3 8.43213e-10
27.33 -3 -3 8.43527e-10
27.34 -3 -3 8.4384e-10
27.35 -3 -3 8.44154e-10
27.36 -3 -3 8.44467e-10
27.37 -3 -3 8.4478e-10
27.38 -3 -3 8.45093e-10
27.39 -3 -3 8.45407e-10
27.4 -3 -3 8.4572e-10
27.41 -3 -3 8.46033e-10
27.42 -3 -3 8.46346e-10
27.43 -3 -3 8.4666e-10
27.44 -3 -3 8.46973e-10
27.45 -3 -3 8.47286e-10
27.46 -3 -3 8.47599e-10
27.47 -3 -3 8.47912e-10
27.48 -3 -3 8.48226e-10
27.49 -3 -3 8.48539e-10
27.5 -3 -3 8.48852e-10
27.51 -3 -3 8.49166e-10
27.52 -3 -3 8.4948e-10
27.53 -3 -3 8.49793e-10
27.54 -3 -3 8.50107e-10
27.55 -3 -3 8.5042e-10
27.56 -3 -3 8.50734e-10
27.57 -3 -3 8.51047e-10
27.58 -3 -3 8.51361e-10
27.59 -3 -3 8.51674e-10
27.6 -3 -3 8.51988e-10
27.61 -3 -3 8.52302e-10
27.62 -3 -3 8.52615e-10
27.63 -3 -3 8.52929e-10
27.64 -3 -3 8.53243e-10
27.65 -3 -3 8.53556e-10
27.66 -3 -3 8.5387e-10
27.67 -3 -3 8.54183e-10
27.68 -3 -3 8.54497e-10
27.69 -3 -3 8.5481e-10
27.7 -3 -3 8.55124e-10
27.71 -3 -3 8.55438e-10
27.72 -3 -3 8.55752e-10
27.73 -3 -3 8.56066e-10
27.74 -3 -3 8.56379e-10
27.75 -3 -3 8.56693e-10
27.76 -3 -3 8.57006e-10
27.77 -3 -3 8.5732e-10
27.78 -3 -3 8.57633e-10
27.79 -3 -3 8.57947e-10
27.8 -3 -3 8.5826e-10
27.81 -3 -3 8.58574e-10
27.82 -3 -3 8.58887e-10
27.83 -3 -3 8.59201e-10
27.84 -3 -3 8.59514e-10
27.85 -3 -3 8.59828e-10
27.86 -3 -3 8.60141e-10
27.87 -3 -3 8.60455e-10
27.88 -3 -3 8.60769e-10
27.89 -3 -3 8.61082e-10
27.9 -3 -3 8.61396e-10
27.91 -3 -3 8.61709e-10
27.92 -3 -3 8.62023e-10
27.93 -3 -3 8.62336e-10
27.94 -3 -3 8.6265e-10
27.95 -3 -3 8.62963e-10
27.96 -3 -3 8.63276e-10
27.97 -3 -3 8.63589e-10
27.98 -3 -3 8.63903e-10
27.99 -3 -3 8.64216e-10
28 -3 -3 8.64529e-10
28.01 -3 -3 8.64842e-10
28.02 -3 -3 8.65155e-10
28.03 -3 -3 8.65468e-10
28.04 -3 -3 8.65781e-10
28.05 -3 -3 8.66095e-10
28.06 -3 -3 8.66408e-10
28.07 -3 -3 8.66721e-10
28.08 -3 -3 8.67034e-10
28.09 -3 -3 8.67347e-10
28.1 -3 -3 8.67661e-10
28.11 -3 -3 8.67974e-10
28.12 -3 -3 8.68287e-10
28.13 -3 -3 8.686e-10
28.14 -3 -3 8.68913e-10
28.15 -3 -3 8.69227e-10
28.16 -3 -3 8.6954e-10
28.17 -3 -3 8.69853e-10
28.18 -3 -3 8.70167e-10
28.19 -3 -3 8.7048e-10
28.2 -3 -3 8.70793e-10
28.21 -3 -3 8.71106e-10
28.22 -3 -3 8.7142e-10
28.23 -3 -3 8.71733e-10
28.24 -3 -3 8.72046e-10
28.25 -3 -3 8.7236e-10
28.26 -3 -3 8.72673e-10
28.27 -3 -3 8.72986e-10
28.28 -3 -3 8.73298e-10
28.29 -3 -3 8.73611e-10
28.3 -3 -3 8.73924e-10
28.31 -3 -3 8.74236e-10
28.32 -3 -3 8.74548e-10
28.33 -3 -3 8.74861e-10
28.34 -3 -3 8.75173e-10
28.35 -3 -3 8.75486e-10
28.36 -3 -3 8.75798e-10
28.37 -3 -3 8.7611e-10
28.38 -3 -3 8.76423e-10
28.39 -3 -3 8.76735e-10
28.4 -3 -3 8.77047e-10
28.41 -3 -3 8.77359e-10
28.42 -3 -3 8.77671e-10
28.43 -3 -3 8.77983e-10
28.44 -3 -3 8.78295e-10
28.45 -3 -3 8.78607e-10
28.46 -3 -3 8.78919e-10
28.47 -3 -3 8.79231e-10
28.48 -3 -3 8.79543e-10
28.49 -3 -3 8.79855e-10
28.5 -3 -3 8.80166e-10
28.51 -3 -3 8.80478e-10
28.52 -3 -3 8.8079e-10
28.53 -3 -3 8.81102e-10
28.54 -3 -3 8.81415e-10
28.55 -3 -3 8.81726e-10
28.56 -3 -3 8.82039e-10
28.57 -3 -3 8.82351e-10
28.58 -3 -3 8.82662e-10
28.59 -3 -3 8.82975e-10
28.6 -3 -3 8.83287e-10
28.61 -3 -3 8.83599e-10
28.62 -3 -3 8.83911e-10
28.63 -3 -3 8.84223e-10
28.64 -3 -3 8.84535e-10
28.65 -3 -3 8.84847e-10
28.66 -3 -3 8.8516e-10
28.67 -3 -3 8.85472e-10
28.68 -3 -3 8.85784e-10
28.69 -3 -3 8.86096e-10
28.7 -3 -3 8.86407e-10
28.71 -3 -3 8.86719e-10
28.72 -3 -3 8.87031e-10
28.73 -3 -3 8.87343e-10
28.74 -3 -3 8.87656e-10
28.75 -3 -3 8.87968e-10
28.76 -3 -3 8.88281e-10
28.77 -3 -3 8.88594e-10
28.78 -3 -3 8.88906e-10
28.79 -3 -3 8.89218e-10
28.8 -3 -3 8.89531e-10
28.81 -3 -3 8.89843e-10
28.82 -3 -3 8.90155e-10
28.83 -3 -3 8.90467e-10
28.84 -3 -3 8.9078e-10
28.85 -3 -3 8.91092e-10
28.86 -3 -3 8.91404e-10
28.87 -3 -3 8.91716e-10
28.88 -3 -3 8.92028e-10
28.89 -3 -3 8.9234e-10
28.9 -3 -3 8.92653e-10
28.91 -3 -3 8.92965e-10
28.92 -3 -3 8.93277e-10
28.93 -3 -3 8.93589e-10
28.94 -3 -3 8.93902e-10
28.95 -3 -3 8.94214e-10
28.96 -3 -3 8.94526e-10
28.97 -3 -3 8.94838e-10
28.98 -3 -3 8.9515e-10
28.99 -3 -3 8.95462e-10
29 -3 -3 8.95775e-10
29.01 -3 -3 8.96087e-10
29.02 -3 -3 8.96399e-10
29.03 -3 -3 8.96711e-10
29.04 -3 -3 8.97023e-10
29.05 -3 -3 8.97335e-10
29.06 -3 -3 8.97647e-10
29.07 -3 -3 8.97959e-10
29.08 -3 -3 8.98272e-10
29.09 -3 -3 8.98584e-10
29.1 -3 -3 8.98896e-10
29.11 -3 -3 8.99208e-10
29.12 -3 -3 8.9952e-10
29.13 -3 -3 8.99832e-10
29.14 -3 -3 9.00144e-10
29.15 -3 -3 9.00456e-10
29.16 -3 -3 9.00768e-10
29.17 -3 -3 9.0108e-10
29.18 -3 -3 9.01392e-10
29.19 -3 -3 9.01704e-10
29.2 -3 -3 9.02016e-10
29.21 -3 -3 9.02328e-10
29.22 -3 -3 9.0264e-10
29.23 -3 -3 9.02952e-10
29.24 -3 -3 9.03264e-10
29.25 -3 -3 9.03576e-10
29.26 -3 -3 9.03888e-10
29.27 -3 -3 9.042e-10
29.28 -3 -3 9.04512e-10
29.29 -3 -3 9.04824e-10
29.3 -3 -3 9.05135e-10
29.31 -3 -3 9.05447e-10
29.32 -3 -3 9.05759e-10
29.33 -3 -3 9.06071e-10
29.34 -3 -3 9.06383e-10
29.35 -3 -3 9.06695e-10
29.36 -3 -3 9.07006e-10
29.37 -3 -3 9.07318e-10
29.38 -3 -3 9.0763e-10
29.39 -3 -3 9.07942e-10
29.4 -3 -3 9.08254e-10
29.41 -3 -3 9.08566e-10
29.42 -3 -3 9.08878e-10
29.43 -3 -3 9.0919e-10
29.44 -3 -3 9.09502e-10
29.45 -3 -3 9.09813e-10
29.46 -3 -3 9.10125e-10
29.47 -3 -3 9.10436e-10
29.48 -3 -3 9.10747e-10
29.49 -3 -3 9.11058e-10
29.5 -3 -3 9.11369e-10
29.51 -3 -3 9.1168e-10
29.52 -3 -3 9.11991e-10
29.53 -3 -3 9.12302e-10
29.54 -3 -3 9.12613e-10
29.55 -3 -3 9.12924e-10
29.56 -3 -3 9.13235e-10
29.57 -3 -3 9.13545e-10
29.58 -3 -3 9.13856e-10
29.59 -3 -3 9.14166e-10
29.6 -3 -3 9.14476e-10
29.61 -3 -3 9.14786e-10
29.62 -3 -3 9.15096e-10
29.63 -3 -3 9.15406e-10
29.64 -3 -3 9.15716e-10
29.65 -3 -3 9.16027e-10
29.66 -3 -3 9.16337e-10
29.67 -3 -3 9.16648e-10
29.68 -3 -3 9.16958e-10
29.69 -3 -3 9.17268e-10
29.7 -3 -3 9.17578e-10
29.71 -3 -3 9.17888e-10
29.72 -3 -3 9.18199e-10
29.73 -3 -3 9.18509e-10
29.74 -3 -3 9.1882e-10
29.75 -3 -3 9.1913e-10
29.76 -3 -3 9.1944e-10
29.77 -3 -3 9.19751e-10
29.78 -3 -3 9.20062e-10
29.79 -3 -3 9.20372e-10
29.8 -3 -3 9.20683e-10
29.81 -3 -3 9.20993e-10
29.82 -3 -3 9.21304e-10
29.83 -3 -3 9.21614e-10
29.84 -3 -3 9.21925e-10
29.85 -3 -3 9.22235e-10
29.86 -3 -3 9.22546e-10
29.87 -3 -3 9.22857e-10
29.88 -3 -3 9.23167e-10
29.89 -3 -3 9.23478e-10
29.9 -3 -3 9.23788e-10
29.91 -3 -3 9.24099e-10
29.92 -3 -3 9.24409e-10
29.93 -3 -3 9.2472e-10
29.94 -3 -3 9.2503e-10
29.95 -3 -3 9.25341e-10
29.96 -3 -3 9.25651e-10
29.97 -3 -3 9.25962e-10
29.98 -3 -3 9.26273e-10
